Loading config for KT with velocity and MPbaseline...
Results will be stored in: /home/student/Documents/Sara-Joyce/COMPASS/TCN/Results/KT_velocity_MPbaseline_LOUO_12_02_2022_1707
Encoding labels...
Found 5 label classes: Grasp Pull Release Touch Untouch
Encoded labels written to /home/student/Documents/Sara-Joyce/COMPASS/TCN/KT/KT_TRANSFORM_velocity_MPbaseline.pkl
['Grasp', 'Pull', 'Release', 'Touch', 'Untouch']
Config parameters:
num_epochs: 60
learning_rate: 5e-05
batch_size: 1
weight_decay: 0.0005
Getting cross validation splits
Loading training data
All_gesture
[0 0 0 ... 2 2 2]
Normalizing training data
All_gesture
[3 3 3 ... 2 2 2]
Getting loss weights
Training model
0
[1,    10] loss: 1.596
[1,    20] loss: 0.792
[1,    30] loss: 0.519
1
[2,    10] loss: 1.530
[2,    20] loss: 0.748
[2,    30] loss: 0.499
2
[3,    10] loss: 1.469
[3,    20] loss: 0.712
[3,    30] loss: 0.482
3
[4,    10] loss: 1.402
[4,    20] loss: 0.704
[4,    30] loss: 0.456
4
[5,    10] loss: 1.337
[5,    20] loss: 0.674
[5,    30] loss: 0.446
5
[6,    10] loss: 1.353
[6,    20] loss: 0.637
[6,    30] loss: 0.418
6
[7,    10] loss: 1.306
[7,    20] loss: 0.623
[7,    30] loss: 0.401
7
[8,    10] loss: 1.205
[8,    20] loss: 0.604
[8,    30] loss: 0.404
8
[9,    10] loss: 1.188
[9,    20] loss: 0.590
[9,    30] loss: 0.378
9
[10,    10] loss: 1.118
[10,    20] loss: 0.571
[10,    30] loss: 0.374
10
[11,    10] loss: 1.113
[11,    20] loss: 0.529
[11,    30] loss: 0.372
11
[12,    10] loss: 1.061
[12,    20] loss: 0.515
[12,    30] loss: 0.355
12
[13,    10] loss: 0.989
[13,    20] loss: 0.518
[13,    30] loss: 0.333
13
[14,    10] loss: 0.988
[14,    20] loss: 0.478
[14,    30] loss: 0.322
14
[15,    10] loss: 0.908
[15,    20] loss: 0.467
[15,    30] loss: 0.307
15
[16,    10] loss: 0.865
[16,    20] loss: 0.456
[16,    30] loss: 0.296
16
[17,    10] loss: 0.907
[17,    20] loss: 0.431
[17,    30] loss: 0.263
17
[18,    10] loss: 0.834
[18,    20] loss: 0.386
[18,    30] loss: 0.268
18
[19,    10] loss: 0.755
[19,    20] loss: 0.383
[19,    30] loss: 0.265
19
[20,    10] loss: 0.724
[20,    20] loss: 0.373
[20,    30] loss: 0.243
20
[21,    10] loss: 0.718
[21,    20] loss: 0.350
[21,    30] loss: 0.220
21
[22,    10] loss: 0.664
[22,    20] loss: 0.324
[22,    30] loss: 0.233
22
[23,    10] loss: 0.657
[23,    20] loss: 0.314
[23,    30] loss: 0.210
23
[24,    10] loss: 0.638
[24,    20] loss: 0.323
[24,    30] loss: 0.204
24
[25,    10] loss: 0.590
[25,    20] loss: 0.296
[25,    30] loss: 0.193
25
[26,    10] loss: 0.571
[26,    20] loss: 0.273
[26,    30] loss: 0.187
26
[27,    10] loss: 0.605
[27,    20] loss: 0.253
[27,    30] loss: 0.165
27
[28,    10] loss: 0.506
[28,    20] loss: 0.253
[28,    30] loss: 0.177
28
[29,    10] loss: 0.489
[29,    20] loss: 0.240
[29,    30] loss: 0.149
29
[30,    10] loss: 0.465
[30,    20] loss: 0.217
[30,    30] loss: 0.152
30
[31,    10] loss: 0.430
[31,    20] loss: 0.241
[31,    30] loss: 0.139
31
[32,    10] loss: 0.391
[32,    20] loss: 0.214
[32,    30] loss: 0.142
32
[33,    10] loss: 0.371
[33,    20] loss: 0.203
[33,    30] loss: 0.137
33
[34,    10] loss: 0.381
[34,    20] loss: 0.188
[34,    30] loss: 0.129
34
[35,    10] loss: 0.329
[35,    20] loss: 0.189
[35,    30] loss: 0.119
35
[36,    10] loss: 0.302
[36,    20] loss: 0.177
[36,    30] loss: 0.115
36
[37,    10] loss: 0.322
[37,    20] loss: 0.144
[37,    30] loss: 0.106
37
[38,    10] loss: 0.303
[38,    20] loss: 0.145
[38,    30] loss: 0.103
38
[39,    10] loss: 0.295
[39,    20] loss: 0.137
[39,    30] loss: 0.094
39
[40,    10] loss: 0.283
[40,    20] loss: 0.130
[40,    30] loss: 0.090
40
[41,    10] loss: 0.275
[41,    20] loss: 0.133
[41,    30] loss: 0.090
41
[42,    10] loss: 0.298
[42,    20] loss: 0.136
[42,    30] loss: 0.084
42
[43,    10] loss: 0.289
[43,    20] loss: 0.125
[43,    30] loss: 0.082
43
[44,    10] loss: 0.234
[44,    20] loss: 0.122
[44,    30] loss: 0.087
44
[45,    10] loss: 0.240
[45,    20] loss: 0.120
[45,    30] loss: 0.082
45
[46,    10] loss: 0.240
[46,    20] loss: 0.128
[46,    30] loss: 0.083
46
[47,    10] loss: 0.256
[47,    20] loss: 0.134
[47,    30] loss: 0.072
47
[48,    10] loss: 0.239
[48,    20] loss: 0.105
[48,    30] loss: 0.082
48
[49,    10] loss: 0.205
[49,    20] loss: 0.117
[49,    30] loss: 0.074
49
[50,    10] loss: 0.199
[50,    20] loss: 0.101
[50,    30] loss: 0.067
50
[51,    10] loss: 0.183
[51,    20] loss: 0.092
[51,    30] loss: 0.061
51
[52,    10] loss: 0.182
[52,    20] loss: 0.095
[52,    30] loss: 0.056
52
[53,    10] loss: 0.160
[53,    20] loss: 0.090
[53,    30] loss: 0.059
53
[54,    10] loss: 0.179
[54,    20] loss: 0.073
[54,    30] loss: 0.057
54
[55,    10] loss: 0.152
[55,    20] loss: 0.078
[55,    30] loss: 0.056
55
[56,    10] loss: 0.161
[56,    20] loss: 0.075
[56,    30] loss: 0.055
56
[57,    10] loss: 0.165
[57,    20] loss: 0.075
[57,    30] loss: 0.047
57
[58,    10] loss: 0.124
[58,    20] loss: 0.074
[58,    30] loss: 0.050
58
[59,    10] loss: 0.121
[59,    20] loss: 0.072
[59,    30] loss: 0.053
59
[60,    10] loss: 0.136
[60,    20] loss: 0.073
[60,    30] loss: 0.045
Loading training data
All_gesture
[0 0 0 ... 2 2 2]
Normalizing training data
All_gesture
[0 0 0 ... 2 2 2]
Getting loss weights
Training model
0
[1,    10] loss: 1.618
[1,    20] loss: 0.797
[1,    30] loss: 0.519
1
[2,    10] loss: 1.533
[2,    20] loss: 0.761
[2,    30] loss: 0.502
2
[3,    10] loss: 1.486
[3,    20] loss: 0.730
[3,    30] loss: 0.490
3
[4,    10] loss: 1.441
[4,    20] loss: 0.705
[4,    30] loss: 0.481
4
[5,    10] loss: 1.392
[5,    20] loss: 0.691
[5,    30] loss: 0.465
5
[6,    10] loss: 1.356
[6,    20] loss: 0.676
[6,    30] loss: 0.447
6
[7,    10] loss: 1.330
[7,    20] loss: 0.666
[7,    30] loss: 0.430
7
[8,    10] loss: 1.286
[8,    20] loss: 0.634
[8,    30] loss: 0.426
8
[9,    10] loss: 1.232
[9,    20] loss: 0.607
[9,    30] loss: 0.414
9
[10,    10] loss: 1.191
[10,    20] loss: 0.599
[10,    30] loss: 0.399
10
[11,    10] loss: 1.164
[11,    20] loss: 0.596
[11,    30] loss: 0.381
11
[12,    10] loss: 1.169
[12,    20] loss: 0.567
[12,    30] loss: 0.364
12
[13,    10] loss: 1.103
[13,    20] loss: 0.554
[13,    30] loss: 0.351
13
[14,    10] loss: 1.063
[14,    20] loss: 0.528
[14,    30] loss: 0.340
14
[15,    10] loss: 1.007
[15,    20] loss: 0.502
[15,    30] loss: 0.349
15
[16,    10] loss: 0.997
[16,    20] loss: 0.492
[16,    30] loss: 0.336
16
[17,    10] loss: 0.972
[17,    20] loss: 0.484
[17,    30] loss: 0.320
17
[18,    10] loss: 0.942
[18,    20] loss: 0.454
[18,    30] loss: 0.311
18
[19,    10] loss: 0.892
[19,    20] loss: 0.461
[19,    30] loss: 0.285
19
[20,    10] loss: 0.855
[20,    20] loss: 0.432
[20,    30] loss: 0.289
20
[21,    10] loss: 0.815
[21,    20] loss: 0.411
[21,    30] loss: 0.274
21
[22,    10] loss: 0.804
[22,    20] loss: 0.390
[22,    30] loss: 0.259
22
[23,    10] loss: 0.763
[23,    20] loss: 0.389
[23,    30] loss: 0.246
23
[24,    10] loss: 0.757
[24,    20] loss: 0.375
[24,    30] loss: 0.242
24
[25,    10] loss: 0.727
[25,    20] loss: 0.369
[25,    30] loss: 0.225
25
[26,    10] loss: 0.697
[26,    20] loss: 0.338
[26,    30] loss: 0.218
26
[27,    10] loss: 0.622
[27,    20] loss: 0.320
[27,    30] loss: 0.221
27
[28,    10] loss: 0.640
[28,    20] loss: 0.304
[28,    30] loss: 0.205
28
[29,    10] loss: 0.606
[29,    20] loss: 0.293
[29,    30] loss: 0.201
29
[30,    10] loss: 0.554
[30,    20] loss: 0.297
[30,    30] loss: 0.184
30
[31,    10] loss: 0.549
[31,    20] loss: 0.283
[31,    30] loss: 0.185
31
[32,    10] loss: 0.581
[32,    20] loss: 0.260
[32,    30] loss: 0.179
32
[33,    10] loss: 0.497
[33,    20] loss: 0.240
[33,    30] loss: 0.169
33
[34,    10] loss: 0.457
[34,    20] loss: 0.234
[34,    30] loss: 0.162
34
[35,    10] loss: 0.449
[35,    20] loss: 0.238
[35,    30] loss: 0.146
35
[36,    10] loss: 0.481
[36,    20] loss: 0.208
[36,    30] loss: 0.141
36
[37,    10] loss: 0.429
[37,    20] loss: 0.207
[37,    30] loss: 0.135
37
[38,    10] loss: 0.403
[38,    20] loss: 0.197
[38,    30] loss: 0.121
38
[39,    10] loss: 0.378
[39,    20] loss: 0.181
[39,    30] loss: 0.124
39
[40,    10] loss: 0.377
[40,    20] loss: 0.178
[40,    30] loss: 0.113
40
[41,    10] loss: 0.365
[41,    20] loss: 0.166
[41,    30] loss: 0.108
41
[42,    10] loss: 0.341
[42,    20] loss: 0.166
[42,    30] loss: 0.111
42
[43,    10] loss: 0.337
[43,    20] loss: 0.170
[43,    30] loss: 0.104
43
[44,    10] loss: 0.334
[44,    20] loss: 0.163
[44,    30] loss: 0.111
44
[45,    10] loss: 0.354
[45,    20] loss: 0.161
[45,    30] loss: 0.112
45
[46,    10] loss: 0.328
[46,    20] loss: 0.156
[46,    30] loss: 0.108
46
[47,    10] loss: 0.316
[47,    20] loss: 0.158
[47,    30] loss: 0.090
47
[48,    10] loss: 0.302
[48,    20] loss: 0.126
[48,    30] loss: 0.086
48
[49,    10] loss: 0.248
[49,    20] loss: 0.132
[49,    30] loss: 0.083
49
[50,    10] loss: 0.241
[50,    20] loss: 0.122
[50,    30] loss: 0.079
50
[51,    10] loss: 0.219
[51,    20] loss: 0.109
[51,    30] loss: 0.075
51
[52,    10] loss: 0.211
[52,    20] loss: 0.098
[52,    30] loss: 0.073
52
[53,    10] loss: 0.193
[53,    20] loss: 0.104
[53,    30] loss: 0.073
53
[54,    10] loss: 0.216
[54,    20] loss: 0.100
[54,    30] loss: 0.064
54
[55,    10] loss: 0.176
[55,    20] loss: 0.098
[55,    30] loss: 0.066
55
[56,    10] loss: 0.177
[56,    20] loss: 0.089
[56,    30] loss: 0.061
56
[57,    10] loss: 0.165
[57,    20] loss: 0.089
[57,    30] loss: 0.057
57
[58,    10] loss: 0.185
[58,    20] loss: 0.086
[58,    30] loss: 0.064
58
[59,    10] loss: 0.173
[59,    20] loss: 0.098
[59,    30] loss: 0.067
59
[60,    10] loss: 0.199
[60,    20] loss: 0.089
[60,    30] loss: 0.070
Loading training data
All_gesture
[0 0 0 ... 2 2 2]
Normalizing training data
All_gesture
[0 0 0 ... 2 2 2]
Getting loss weights
Training model
0
[1,    10] loss: 1.610
[1,    20] loss: 0.792
[1,    30] loss: 0.517
1
[2,    10] loss: 1.514
[2,    20] loss: 0.756
[2,    30] loss: 0.493
2
[3,    10] loss: 1.456
[3,    20] loss: 0.728
[3,    30] loss: 0.479
3
[4,    10] loss: 1.423
[4,    20] loss: 0.705
[4,    30] loss: 0.468
4
[5,    10] loss: 1.375
[5,    20] loss: 0.697
[5,    30] loss: 0.454
5
[6,    10] loss: 1.337
[6,    20] loss: 0.674
[6,    30] loss: 0.445
6
[7,    10] loss: 1.313
[7,    20] loss: 0.654
[7,    30] loss: 0.438
7
[8,    10] loss: 1.295
[8,    20] loss: 0.643
[8,    30] loss: 0.418
8
[9,    10] loss: 1.232
[9,    20] loss: 0.609
[9,    30] loss: 0.421
9
[10,    10] loss: 1.217
[10,    20] loss: 0.603
[10,    30] loss: 0.393
10
[11,    10] loss: 1.154
[11,    20] loss: 0.588
[11,    30] loss: 0.391
11
[12,    10] loss: 1.160
[12,    20] loss: 0.551
[12,    30] loss: 0.377
12
[13,    10] loss: 1.097
[13,    20] loss: 0.565
[13,    30] loss: 0.361
13
[14,    10] loss: 1.102
[14,    20] loss: 0.540
[14,    30] loss: 0.346
14
[15,    10] loss: 1.037
[15,    20] loss: 0.529
[15,    30] loss: 0.341
15
[16,    10] loss: 1.016
[16,    20] loss: 0.500
[16,    30] loss: 0.328
16
[17,    10] loss: 0.966
[17,    20] loss: 0.478
[17,    30] loss: 0.323
17
[18,    10] loss: 0.948
[18,    20] loss: 0.479
[18,    30] loss: 0.301
18
[19,    10] loss: 0.899
[19,    20] loss: 0.469
[19,    30] loss: 0.288
19
[20,    10] loss: 0.885
[20,    20] loss: 0.439
[20,    30] loss: 0.287
20
[21,    10] loss: 0.866
[21,    20] loss: 0.443
[21,    30] loss: 0.278
21
[22,    10] loss: 0.836
[22,    20] loss: 0.413
[22,    30] loss: 0.275
22
[23,    10] loss: 0.810
[23,    20] loss: 0.389
[23,    30] loss: 0.253
23
[24,    10] loss: 0.760
[24,    20] loss: 0.361
[24,    30] loss: 0.261
24
[25,    10] loss: 0.753
[25,    20] loss: 0.356
[25,    30] loss: 0.233
25
[26,    10] loss: 0.690
[26,    20] loss: 0.350
[26,    30] loss: 0.230
26
[27,    10] loss: 0.706
[27,    20] loss: 0.340
[27,    30] loss: 0.212
27
[28,    10] loss: 0.668
[28,    20] loss: 0.310
[28,    30] loss: 0.219
28
[29,    10] loss: 0.614
[29,    20] loss: 0.306
[29,    30] loss: 0.212
29
[30,    10] loss: 0.596
[30,    20] loss: 0.285
[30,    30] loss: 0.205
30
[31,    10] loss: 0.578
[31,    20] loss: 0.289
[31,    30] loss: 0.179
31
[32,    10] loss: 0.576
[32,    20] loss: 0.277
[32,    30] loss: 0.180
32
[33,    10] loss: 0.529
[33,    20] loss: 0.272
[33,    30] loss: 0.199
33
[34,    10] loss: 0.526
[34,    20] loss: 0.263
[34,    30] loss: 0.181
34
[35,    10] loss: 0.512
[35,    20] loss: 0.271
[35,    30] loss: 0.170
35
[36,    10] loss: 0.525
[36,    20] loss: 0.261
[36,    30] loss: 0.164
36
[37,    10] loss: 0.462
[37,    20] loss: 0.255
[37,    30] loss: 0.146
37
[38,    10] loss: 0.410
[38,    20] loss: 0.232
[38,    30] loss: 0.148
38
[39,    10] loss: 0.410
[39,    20] loss: 0.222
[39,    30] loss: 0.143
39
[40,    10] loss: 0.370
[40,    20] loss: 0.215
[40,    30] loss: 0.140
40
[41,    10] loss: 0.410
[41,    20] loss: 0.183
[41,    30] loss: 0.133
41
[42,    10] loss: 0.388
[42,    20] loss: 0.172
[42,    30] loss: 0.126
42
[43,    10] loss: 0.356
[43,    20] loss: 0.175
[43,    30] loss: 0.126
43
[44,    10] loss: 0.349
[44,    20] loss: 0.176
[44,    30] loss: 0.110
44
[45,    10] loss: 0.347
[45,    20] loss: 0.149
[45,    30] loss: 0.117
45
[46,    10] loss: 0.306
[46,    20] loss: 0.167
[46,    30] loss: 0.106
46
[47,    10] loss: 0.327
[47,    20] loss: 0.145
[47,    30] loss: 0.095
47
[48,    10] loss: 0.294
[48,    20] loss: 0.157
[48,    30] loss: 0.092
48
[49,    10] loss: 0.299
[49,    20] loss: 0.141
[49,    30] loss: 0.093
49
[50,    10] loss: 0.297
[50,    20] loss: 0.134
[50,    30] loss: 0.095
50
[51,    10] loss: 0.273
[51,    20] loss: 0.137
[51,    30] loss: 0.091
51
[52,    10] loss: 0.245
[52,    20] loss: 0.134
[52,    30] loss: 0.084
52
[53,    10] loss: 0.253
[53,    20] loss: 0.122
[53,    30] loss: 0.081
53
[54,    10] loss: 0.244
[54,    20] loss: 0.127
[54,    30] loss: 0.074
54
[55,    10] loss: 0.204
[55,    20] loss: 0.123
[55,    30] loss: 0.085
55
[56,    10] loss: 0.230
[56,    20] loss: 0.127
[56,    30] loss: 0.075
56
[57,    10] loss: 0.233
[57,    20] loss: 0.111
[57,    30] loss: 0.079
57
[58,    10] loss: 0.237
[58,    20] loss: 0.095
[58,    30] loss: 0.073
58
[59,    10] loss: 0.209
[59,    20] loss: 0.092
[59,    30] loss: 0.072
59
[60,    10] loss: 0.201
[60,    20] loss: 0.102
[60,    30] loss: 0.061
Loading training data
All_gesture
[0 0 0 ... 2 2 2]
Normalizing training data
All_gesture
[0 0 0 ... 4 4 4]
Getting loss weights
Training model
0
[1,    10] loss: 1.604
[1,    20] loss: 0.795
[1,    30] loss: 0.519
1
[2,    10] loss: 1.554
[2,    20] loss: 0.752
[2,    30] loss: 0.502
2
[3,    10] loss: 1.481
[3,    20] loss: 0.742
[3,    30] loss: 0.483
3
[4,    10] loss: 1.429
[4,    20] loss: 0.705
[4,    30] loss: 0.485
4
[5,    10] loss: 1.413
[5,    20] loss: 0.701
[5,    30] loss: 0.453
5
[6,    10] loss: 1.408
[6,    20] loss: 0.670
[6,    30] loss: 0.437
6
[7,    10] loss: 1.332
[7,    20] loss: 0.651
[7,    30] loss: 0.444
7
[8,    10] loss: 1.286
[8,    20] loss: 0.635
[8,    30] loss: 0.425
8
[9,    10] loss: 1.272
[9,    20] loss: 0.609
[9,    30] loss: 0.421
9
[10,    10] loss: 1.212
[10,    20] loss: 0.600
[10,    30] loss: 0.401
10
[11,    10] loss: 1.192
[11,    20] loss: 0.602
[11,    30] loss: 0.378
11
[12,    10] loss: 1.174
[12,    20] loss: 0.572
[12,    30] loss: 0.364
12
[13,    10] loss: 1.140
[13,    20] loss: 0.541
[13,    30] loss: 0.357
13
[14,    10] loss: 1.095
[14,    20] loss: 0.536
[14,    30] loss: 0.342
14
[15,    10] loss: 1.029
[15,    20] loss: 0.498
[15,    30] loss: 0.355
15
[16,    10] loss: 0.986
[16,    20] loss: 0.479
[16,    30] loss: 0.342
16
[17,    10] loss: 1.004
[17,    20] loss: 0.463
[17,    30] loss: 0.310
17
[18,    10] loss: 0.903
[18,    20] loss: 0.466
[18,    30] loss: 0.302
18
[19,    10] loss: 0.870
[19,    20] loss: 0.422
[19,    30] loss: 0.305
19
[20,    10] loss: 0.841
[20,    20] loss: 0.426
[20,    30] loss: 0.288
20
[21,    10] loss: 0.777
[21,    20] loss: 0.413
[21,    30] loss: 0.272
21
[22,    10] loss: 0.728
[22,    20] loss: 0.393
[22,    30] loss: 0.264
22
[23,    10] loss: 0.727
[23,    20] loss: 0.377
[23,    30] loss: 0.234
23
[24,    10] loss: 0.709
[24,    20] loss: 0.323
[24,    30] loss: 0.251
24
[25,    10] loss: 0.758
[25,    20] loss: 0.321
[25,    30] loss: 0.230
25
[26,    10] loss: 0.688
[26,    20] loss: 0.324
[26,    30] loss: 0.236
26
[27,    10] loss: 0.595
[27,    20] loss: 0.335
[27,    30] loss: 0.218
27
[28,    10] loss: 0.575
[28,    20] loss: 0.333
[28,    30] loss: 0.195
28
[29,    10] loss: 0.576
[29,    20] loss: 0.298
[29,    30] loss: 0.187
29
[30,    10] loss: 0.569
[30,    20] loss: 0.263
[30,    30] loss: 0.184
30
[31,    10] loss: 0.550
[31,    20] loss: 0.247
[31,    30] loss: 0.173
31
[32,    10] loss: 0.519
[32,    20] loss: 0.257
[32,    30] loss: 0.156
32
[33,    10] loss: 0.472
[33,    20] loss: 0.241
[33,    30] loss: 0.163
33
[34,    10] loss: 0.481
[34,    20] loss: 0.249
[34,    30] loss: 0.138
34
[35,    10] loss: 0.479
[35,    20] loss: 0.209
[35,    30] loss: 0.128
35
[36,    10] loss: 0.430
[36,    20] loss: 0.200
[36,    30] loss: 0.154
36
[37,    10] loss: 0.441
[37,    20] loss: 0.204
[37,    30] loss: 0.134
37
[38,    10] loss: 0.405
[38,    20] loss: 0.201
[38,    30] loss: 0.132
38
[39,    10] loss: 0.346
[39,    20] loss: 0.202
[39,    30] loss: 0.126
39
[40,    10] loss: 0.353
[40,    20] loss: 0.185
[40,    30] loss: 0.116
40
[41,    10] loss: 0.365
[41,    20] loss: 0.179
[41,    30] loss: 0.108
41
[42,    10] loss: 0.332
[42,    20] loss: 0.181
[42,    30] loss: 0.120
42
[43,    10] loss: 0.304
[43,    20] loss: 0.162
[43,    30] loss: 0.113
43
[44,    10] loss: 0.286
[44,    20] loss: 0.162
[44,    30] loss: 0.101
44
[45,    10] loss: 0.283
[45,    20] loss: 0.163
[45,    30] loss: 0.101
45
[46,    10] loss: 0.297
[46,    20] loss: 0.131
[46,    30] loss: 0.103
46
[47,    10] loss: 0.273
[47,    20] loss: 0.168
[47,    30] loss: 0.103
47
[48,    10] loss: 0.290
[48,    20] loss: 0.142
[48,    30] loss: 0.085
48
[49,    10] loss: 0.256
[49,    20] loss: 0.125
[49,    30] loss: 0.091
49
[50,    10] loss: 0.252
[50,    20] loss: 0.112
[50,    30] loss: 0.087
50
[51,    10] loss: 0.255
[51,    20] loss: 0.107
[51,    30] loss: 0.082
51
[52,    10] loss: 0.235
[52,    20] loss: 0.130
[52,    30] loss: 0.070
52
[53,    10] loss: 0.202
[53,    20] loss: 0.120
[53,    30] loss: 0.071
53
[54,    10] loss: 0.203
[54,    20] loss: 0.104
[54,    30] loss: 0.068
54
[55,    10] loss: 0.204
[55,    20] loss: 0.090
[55,    30] loss: 0.064
55
[56,    10] loss: 0.178
[56,    20] loss: 0.095
[56,    30] loss: 0.055
56
[57,    10] loss: 0.169
[57,    20] loss: 0.098
[57,    30] loss: 0.061
57
[58,    10] loss: 0.185
[58,    20] loss: 0.095
[58,    30] loss: 0.057
58
[59,    10] loss: 0.193
[59,    20] loss: 0.088
[59,    30] loss: 0.053
59
[60,    10] loss: 0.164
[60,    20] loss: 0.086
[60,    30] loss: 0.062
Loading training data
All_gesture
[0 0 0 ... 4 4 4]
Normalizing training data
All_gesture
[0 0 0 ... 2 2 2]
Getting loss weights
Training model
0
[1,    10] loss: 1.596
[1,    20] loss: 0.777
[1,    30] loss: 0.506
1
[2,    10] loss: 1.495
[2,    20] loss: 0.730
[2,    30] loss: 0.479
2
[3,    10] loss: 1.421
[3,    20] loss: 0.716
[3,    30] loss: 0.453
3
[4,    10] loss: 1.409
[4,    20] loss: 0.681
[4,    30] loss: 0.444
4
[5,    10] loss: 1.330
[5,    20] loss: 0.664
[5,    30] loss: 0.434
5
[6,    10] loss: 1.279
[6,    20] loss: 0.630
[6,    30] loss: 0.432
6
[7,    10] loss: 1.251
[7,    20] loss: 0.623
[7,    30] loss: 0.406
7
[8,    10] loss: 1.194
[8,    20] loss: 0.607
[8,    30] loss: 0.408
8
[9,    10] loss: 1.185
[9,    20] loss: 0.590
[9,    30] loss: 0.385
9
[10,    10] loss: 1.135
[10,    20] loss: 0.584
[10,    30] loss: 0.379
10
[11,    10] loss: 1.145
[11,    20] loss: 0.559
[11,    30] loss: 0.366
11
[12,    10] loss: 1.098
[12,    20] loss: 0.528
[12,    30] loss: 0.368
12
[13,    10] loss: 1.070
[13,    20] loss: 0.527
[13,    30] loss: 0.353
13
[14,    10] loss: 1.047
[14,    20] loss: 0.517
[14,    30] loss: 0.338
14
[15,    10] loss: 0.973
[15,    20] loss: 0.506
[15,    30] loss: 0.342
15
[16,    10] loss: 1.009
[16,    20] loss: 0.480
[16,    30] loss: 0.327
16
[17,    10] loss: 0.966
[17,    20] loss: 0.469
[17,    30] loss: 0.321
17
[18,    10] loss: 0.934
[18,    20] loss: 0.472
[18,    30] loss: 0.303
18
[19,    10] loss: 0.956
[19,    20] loss: 0.437
[19,    30] loss: 0.287
19
[20,    10] loss: 0.853
[20,    20] loss: 0.442
[20,    30] loss: 0.287
20
[21,    10] loss: 0.835
[21,    20] loss: 0.430
[21,    30] loss: 0.272
21
[22,    10] loss: 0.848
[22,    20] loss: 0.416
[22,    30] loss: 0.262
22
[23,    10] loss: 0.825
[23,    20] loss: 0.397
[23,    30] loss: 0.257
23
[24,    10] loss: 0.798
[24,    20] loss: 0.396
[24,    30] loss: 0.257
24
[25,    10] loss: 0.764
[25,    20] loss: 0.377
[25,    30] loss: 0.251
25
[26,    10] loss: 0.721
[26,    20] loss: 0.378
[26,    30] loss: 0.232
26
[27,    10] loss: 0.727
[27,    20] loss: 0.359
[27,    30] loss: 0.226
27
[28,    10] loss: 0.687
[28,    20] loss: 0.358
[28,    30] loss: 0.223
28
[29,    10] loss: 0.669
[29,    20] loss: 0.341
[29,    30] loss: 0.213
29
[30,    10] loss: 0.700
[30,    20] loss: 0.316
[30,    30] loss: 0.212
30
[31,    10] loss: 0.593
[31,    20] loss: 0.327
[31,    30] loss: 0.214
31
[32,    10] loss: 0.600
[32,    20] loss: 0.314
[32,    30] loss: 0.195
32
[33,    10] loss: 0.603
[33,    20] loss: 0.294
[33,    30] loss: 0.192
33
[34,    10] loss: 0.571
[34,    20] loss: 0.280
[34,    30] loss: 0.186
34
[35,    10] loss: 0.532
[35,    20] loss: 0.276
[35,    30] loss: 0.180
35
[36,    10] loss: 0.499
[36,    20] loss: 0.271
[36,    30] loss: 0.173
36
[37,    10] loss: 0.493
[37,    20] loss: 0.252
[37,    30] loss: 0.169
37
[38,    10] loss: 0.490
[38,    20] loss: 0.240
[38,    30] loss: 0.167
38
[39,    10] loss: 0.487
[39,    20] loss: 0.225
[39,    30] loss: 0.153
39
[40,    10] loss: 0.443
[40,    20] loss: 0.229
[40,    30] loss: 0.151
40
[41,    10] loss: 0.433
[41,    20] loss: 0.214
[41,    30] loss: 0.143
41
[42,    10] loss: 0.415
[42,    20] loss: 0.199
[42,    30] loss: 0.144
42
[43,    10] loss: 0.423
[43,    20] loss: 0.211
[43,    30] loss: 0.140
43
[44,    10] loss: 0.436
[44,    20] loss: 0.205
[44,    30] loss: 0.139
44
[45,    10] loss: 0.415
[45,    20] loss: 0.190
[45,    30] loss: 0.129
45
[46,    10] loss: 0.375
[46,    20] loss: 0.191
[46,    30] loss: 0.118
46
[47,    10] loss: 0.374
[47,    20] loss: 0.176
[47,    30] loss: 0.117
47
[48,    10] loss: 0.351
[48,    20] loss: 0.170
[48,    30] loss: 0.118
48
[49,    10] loss: 0.312
[49,    20] loss: 0.180
[49,    30] loss: 0.110
49
[50,    10] loss: 0.306
[50,    20] loss: 0.159
[50,    30] loss: 0.101
50
[51,    10] loss: 0.293
[51,    20] loss: 0.145
[51,    30] loss: 0.097
51
[52,    10] loss: 0.293
[52,    20] loss: 0.147
[52,    30] loss: 0.087
52
[53,    10] loss: 0.274
[53,    20] loss: 0.140
[53,    30] loss: 0.086
53
[54,    10] loss: 0.242
[54,    20] loss: 0.130
[54,    30] loss: 0.090
54
[55,    10] loss: 0.275
[55,    20] loss: 0.117
[55,    30] loss: 0.080
55
[56,    10] loss: 0.250
[56,    20] loss: 0.119
[56,    30] loss: 0.072
56
[57,    10] loss: 0.234
[57,    20] loss: 0.110
[57,    30] loss: 0.080
57
[58,    10] loss: 0.238
[58,    20] loss: 0.105
[58,    30] loss: 0.079
58
[59,    10] loss: 0.229
[59,    20] loss: 0.119
[59,    30] loss: 0.072
59
[60,    10] loss: 0.211
[60,    20] loss: 0.116
[60,    30] loss: 0.074
Loading training data
All_gesture
[0 0 0 ... 2 2 2]
Normalizing training data
All_gesture
[0 0 0 ... 2 2 2]
Getting loss weights
Training model
0
[1,    10] loss: 1.603
[1,    20] loss: 0.790
[1,    30] loss: 0.515
1
[2,    10] loss: 1.516
[2,    20] loss: 0.757
[2,    30] loss: 0.498
2
[3,    10] loss: 1.483
[3,    20] loss: 0.720
[3,    30] loss: 0.475
3
[4,    10] loss: 1.416
[4,    20] loss: 0.711
[4,    30] loss: 0.463
4
[5,    10] loss: 1.373
[5,    20] loss: 0.673
[5,    30] loss: 0.454
5
[6,    10] loss: 1.339
[6,    20] loss: 0.668
[6,    30] loss: 0.430
6
[7,    10] loss: 1.299
[7,    20] loss: 0.638
[7,    30] loss: 0.425
7
[8,    10] loss: 1.250
[8,    20] loss: 0.617
[8,    30] loss: 0.410
8
[9,    10] loss: 1.205
[9,    20] loss: 0.597
[9,    30] loss: 0.403
9
[10,    10] loss: 1.197
[10,    20] loss: 0.574
[10,    30] loss: 0.382
10
[11,    10] loss: 1.123
[11,    20] loss: 0.551
[11,    30] loss: 0.382
11
[12,    10] loss: 1.098
[12,    20] loss: 0.548
[12,    30] loss: 0.355
12
[13,    10] loss: 1.076
[13,    20] loss: 0.531
[13,    30] loss: 0.352
13
[14,    10] loss: 1.026
[14,    20] loss: 0.504
[14,    30] loss: 0.333
14
[15,    10] loss: 0.948
[15,    20] loss: 0.481
[15,    30] loss: 0.331
15
[16,    10] loss: 0.927
[16,    20] loss: 0.470
[16,    30] loss: 0.298
16
[17,    10] loss: 0.880
[17,    20] loss: 0.435
[17,    30] loss: 0.297
17
[18,    10] loss: 0.863
[18,    20] loss: 0.436
[18,    30] loss: 0.283
18
[19,    10] loss: 0.850
[19,    20] loss: 0.412
[19,    30] loss: 0.260
19
[20,    10] loss: 0.755
[20,    20] loss: 0.373
[20,    30] loss: 0.262
20
[21,    10] loss: 0.748
[21,    20] loss: 0.359
[21,    30] loss: 0.247
21
[22,    10] loss: 0.727
[22,    20] loss: 0.367
[22,    30] loss: 0.237
22
[23,    10] loss: 0.714
[23,    20] loss: 0.340
[23,    30] loss: 0.215
23
[24,    10] loss: 0.641
[24,    20] loss: 0.309
[24,    30] loss: 0.212
24
[25,    10] loss: 0.592
[25,    20] loss: 0.295
[25,    30] loss: 0.195
25
[26,    10] loss: 0.571
[26,    20] loss: 0.292
[26,    30] loss: 0.192
26
[27,    10] loss: 0.559
[27,    20] loss: 0.265
[27,    30] loss: 0.200
27
[28,    10] loss: 0.563
[28,    20] loss: 0.272
[28,    30] loss: 0.173
28
[29,    10] loss: 0.499
[29,    20] loss: 0.248
[29,    30] loss: 0.173
29
[30,    10] loss: 0.517
[30,    20] loss: 0.238
[30,    30] loss: 0.152
30
[31,    10] loss: 0.442
[31,    20] loss: 0.232
[31,    30] loss: 0.143
31
[32,    10] loss: 0.420
[32,    20] loss: 0.207
[32,    30] loss: 0.139
32
[33,    10] loss: 0.397
[33,    20] loss: 0.190
[33,    30] loss: 0.135
33
[34,    10] loss: 0.378
[34,    20] loss: 0.199
[34,    30] loss: 0.114
34
[35,    10] loss: 0.361
[35,    20] loss: 0.187
[35,    30] loss: 0.112
35
[36,    10] loss: 0.326
[36,    20] loss: 0.168
[36,    30] loss: 0.109
36
[37,    10] loss: 0.343
[37,    20] loss: 0.152
[37,    30] loss: 0.096
37
[38,    10] loss: 0.316
[38,    20] loss: 0.145
[38,    30] loss: 0.099
38
[39,    10] loss: 0.289
[39,    20] loss: 0.142
[39,    30] loss: 0.095
39
[40,    10] loss: 0.279
[40,    20] loss: 0.133
[40,    30] loss: 0.098
40
[41,    10] loss: 0.264
[41,    20] loss: 0.137
[41,    30] loss: 0.082
41
[42,    10] loss: 0.251
[42,    20] loss: 0.123
[42,    30] loss: 0.085
42
[43,    10] loss: 0.243
[43,    20] loss: 0.120
[43,    30] loss: 0.083
43
[44,    10] loss: 0.261
[44,    20] loss: 0.139
[44,    30] loss: 0.085
44
[45,    10] loss: 0.225
[45,    20] loss: 0.123
[45,    30] loss: 0.077
45
[46,    10] loss: 0.227
[46,    20] loss: 0.099
[46,    30] loss: 0.079
46
[47,    10] loss: 0.231
[47,    20] loss: 0.110
[47,    30] loss: 0.072
47
[48,    10] loss: 0.218
[48,    20] loss: 0.111
[48,    30] loss: 0.064
48
[49,    10] loss: 0.200
[49,    20] loss: 0.109
[49,    30] loss: 0.071
49
[50,    10] loss: 0.194
[50,    20] loss: 0.124
[50,    30] loss: 0.087
50
[51,    10] loss: 0.221
[51,    20] loss: 0.098
[51,    30] loss: 0.072
51
[52,    10] loss: 0.185
[52,    20] loss: 0.101
[52,    30] loss: 0.068
52
[53,    10] loss: 0.186
[53,    20] loss: 0.095
[53,    30] loss: 0.061
53
[54,    10] loss: 0.163
[54,    20] loss: 0.097
[54,    30] loss: 0.058
54
[55,    10] loss: 0.158
[55,    20] loss: 0.081
[55,    30] loss: 0.060
55
[56,    10] loss: 0.145
[56,    20] loss: 0.084
[56,    30] loss: 0.051
56
[57,    10] loss: 0.155
[57,    20] loss: 0.074
[57,    30] loss: 0.046
57
[58,    10] loss: 0.128
[58,    20] loss: 0.070
[58,    30] loss: 0.048
58
[59,    10] loss: 0.136
[59,    20] loss: 0.066
[59,    30] loss: 0.044
59
[60,    10] loss: 0.129
[60,    20] loss: 0.063
[60,    30] loss: 0.043
Loading training data
All_gesture
[0 0 0 ... 2 2 2]
Normalizing training data
All_gesture
[0 0 0 ... 2 2 2]
Getting loss weights
Training model
0
[1,    10] loss: 1.625
[1,    20] loss: 0.794
[1,    30] loss: 0.517
1
[2,    10] loss: 1.535
[2,    20] loss: 0.758
[2,    30] loss: 0.501
2
[3,    10] loss: 1.486
[3,    20] loss: 0.723
[3,    30] loss: 0.484
3
[4,    10] loss: 1.428
[4,    20] loss: 0.706
[4,    30] loss: 0.470
4
[5,    10] loss: 1.421
[5,    20] loss: 0.675
[5,    30] loss: 0.460
5
[6,    10] loss: 1.355
[6,    20] loss: 0.669
[6,    30] loss: 0.439
6
[7,    10] loss: 1.342
[7,    20] loss: 0.643
[7,    30] loss: 0.427
7
[8,    10] loss: 1.290
[8,    20] loss: 0.619
[8,    30] loss: 0.405
8
[9,    10] loss: 1.243
[9,    20] loss: 0.591
[9,    30] loss: 0.408
9
[10,    10] loss: 1.191
[10,    20] loss: 0.588
[10,    30] loss: 0.386
10
[11,    10] loss: 1.128
[11,    20] loss: 0.577
[11,    30] loss: 0.376
11
[12,    10] loss: 1.091
[12,    20] loss: 0.563
[12,    30] loss: 0.363
12
[13,    10] loss: 1.076
[13,    20] loss: 0.532
[13,    30] loss: 0.352
13
[14,    10] loss: 1.013
[14,    20] loss: 0.500
[14,    30] loss: 0.347
14
[15,    10] loss: 1.018
[15,    20] loss: 0.495
[15,    30] loss: 0.321
15
[16,    10] loss: 0.955
[16,    20] loss: 0.472
[16,    30] loss: 0.316
16
[17,    10] loss: 0.948
[17,    20] loss: 0.459
[17,    30] loss: 0.299
17
[18,    10] loss: 0.905
[18,    20] loss: 0.447
[18,    30] loss: 0.296
18
[19,    10] loss: 0.873
[19,    20] loss: 0.422
[19,    30] loss: 0.275
19
[20,    10] loss: 0.851
[20,    20] loss: 0.405
[20,    30] loss: 0.270
20
[21,    10] loss: 0.779
[21,    20] loss: 0.411
[21,    30] loss: 0.264
21
[22,    10] loss: 0.773
[22,    20] loss: 0.381
[22,    30] loss: 0.240
22
[23,    10] loss: 0.745
[23,    20] loss: 0.384
[23,    30] loss: 0.234
23
[24,    10] loss: 0.735
[24,    20] loss: 0.352
[24,    30] loss: 0.228
24
[25,    10] loss: 0.671
[25,    20] loss: 0.352
[25,    30] loss: 0.228
25
[26,    10] loss: 0.655
[26,    20] loss: 0.323
[26,    30] loss: 0.223
26
[27,    10] loss: 0.643
[27,    20] loss: 0.312
[27,    30] loss: 0.204
27
[28,    10] loss: 0.640
[28,    20] loss: 0.299
[28,    30] loss: 0.191
28
[29,    10] loss: 0.591
[29,    20] loss: 0.289
[29,    30] loss: 0.193
29
[30,    10] loss: 0.585
[30,    20] loss: 0.282
[30,    30] loss: 0.187
30
[31,    10] loss: 0.520
[31,    20] loss: 0.270
[31,    30] loss: 0.181
31
[32,    10] loss: 0.527
[32,    20] loss: 0.261
[32,    30] loss: 0.157
32
[33,    10] loss: 0.476
[33,    20] loss: 0.243
[33,    30] loss: 0.168
33
[34,    10] loss: 0.492
[34,    20] loss: 0.240
[34,    30] loss: 0.166
34
[35,    10] loss: 0.469
[35,    20] loss: 0.233
[35,    30] loss: 0.161
35
[36,    10] loss: 0.451
[36,    20] loss: 0.238
[36,    30] loss: 0.157
36
[37,    10] loss: 0.426
[37,    20] loss: 0.224
[37,    30] loss: 0.154
37
[38,    10] loss: 0.417
[38,    20] loss: 0.215
[38,    30] loss: 0.137
38
[39,    10] loss: 0.399
[39,    20] loss: 0.191
[39,    30] loss: 0.128
39
[40,    10] loss: 0.383
[40,    20] loss: 0.191
[40,    30] loss: 0.118
40
[41,    10] loss: 0.389
[41,    20] loss: 0.172
[41,    30] loss: 0.119
41
[42,    10] loss: 0.328
[42,    20] loss: 0.169
[42,    30] loss: 0.114
42
[43,    10] loss: 0.345
[43,    20] loss: 0.161
[43,    30] loss: 0.106
43
[44,    10] loss: 0.296
[44,    20] loss: 0.163
[44,    30] loss: 0.105
44
[45,    10] loss: 0.291
[45,    20] loss: 0.143
[45,    30] loss: 0.104
45
[46,    10] loss: 0.296
[46,    20] loss: 0.151
[46,    30] loss: 0.098
46
[47,    10] loss: 0.291
[47,    20] loss: 0.138
[47,    30] loss: 0.098
47
[48,    10] loss: 0.298
[48,    20] loss: 0.134
[48,    30] loss: 0.090
48
[49,    10] loss: 0.272
[49,    20] loss: 0.127
[49,    30] loss: 0.086
49
[50,    10] loss: 0.261
[50,    20] loss: 0.127
[50,    30] loss: 0.086
50
[51,    10] loss: 0.232
[51,    20] loss: 0.113
[51,    30] loss: 0.088
51
[52,    10] loss: 0.225
[52,    20] loss: 0.110
[52,    30] loss: 0.082
52
[53,    10] loss: 0.220
[53,    20] loss: 0.121
[53,    30] loss: 0.075
53
[54,    10] loss: 0.219
[54,    20] loss: 0.125
[54,    30] loss: 0.065
54
[55,    10] loss: 0.213
[55,    20] loss: 0.096
[55,    30] loss: 0.072
55
[56,    10] loss: 0.212
[56,    20] loss: 0.097
[56,    30] loss: 0.058
56
[57,    10] loss: 0.194
[57,    20] loss: 0.090
[57,    30] loss: 0.055
57
[58,    10] loss: 0.171
[58,    20] loss: 0.089
[58,    30] loss: 0.057
58
[59,    10] loss: 0.193
[59,    20] loss: 0.080
[59,    30] loss: 0.059
59
[60,    10] loss: 0.160
[60,    20] loss: 0.085
[60,    30] loss: 0.057
Loading training data
All_gesture
[0 0 0 ... 2 2 2]
Normalizing training data
All_gesture
[0 0 0 ... 3 3 3]
Getting loss weights
Training model
0
[1,    10] loss: 1.609
[1,    20] loss: 0.791
[1,    30] loss: 0.525
1
[2,    10] loss: 1.560
[2,    20] loss: 0.750
[2,    30] loss: 0.500
2
[3,    10] loss: 1.481
[3,    20] loss: 0.739
[3,    30] loss: 0.483
3
[4,    10] loss: 1.456
[4,    20] loss: 0.713
[4,    30] loss: 0.477
4
[5,    10] loss: 1.428
[5,    20] loss: 0.695
[5,    30] loss: 0.464
5
[6,    10] loss: 1.402
[6,    20] loss: 0.672
[6,    30] loss: 0.461
6
[7,    10] loss: 1.342
[7,    20] loss: 0.688
[7,    30] loss: 0.439
7
[8,    10] loss: 1.317
[8,    20] loss: 0.662
[8,    30] loss: 0.435
8
[9,    10] loss: 1.260
[9,    20] loss: 0.640
[9,    30] loss: 0.434
9
[10,    10] loss: 1.254
[10,    20] loss: 0.620
[10,    30] loss: 0.420
10
[11,    10] loss: 1.232
[11,    20] loss: 0.602
[11,    30] loss: 0.390
11
[12,    10] loss: 1.169
[12,    20] loss: 0.591
[12,    30] loss: 0.381
12
[13,    10] loss: 1.100
[13,    20] loss: 0.589
[13,    30] loss: 0.367
13
[14,    10] loss: 1.069
[14,    20] loss: 0.563
[14,    30] loss: 0.348
14
[15,    10] loss: 1.056
[15,    20] loss: 0.500
[15,    30] loss: 0.351
15
[16,    10] loss: 1.009
[16,    20] loss: 0.513
[16,    30] loss: 0.325
16
[17,    10] loss: 0.959
[17,    20] loss: 0.493
[17,    30] loss: 0.312
17
[18,    10] loss: 0.938
[18,    20] loss: 0.453
[18,    30] loss: 0.298
18
[19,    10] loss: 0.892
[19,    20] loss: 0.434
[19,    30] loss: 0.293
19
[20,    10] loss: 0.815
[20,    20] loss: 0.425
[20,    30] loss: 0.271
20
[21,    10] loss: 0.797
[21,    20] loss: 0.396
[21,    30] loss: 0.257
21
[22,    10] loss: 0.753
[22,    20] loss: 0.365
[22,    30] loss: 0.251
22
[23,    10] loss: 0.721
[23,    20] loss: 0.350
[23,    30] loss: 0.245
23
[24,    10] loss: 0.688
[24,    20] loss: 0.345
[24,    30] loss: 0.225
24
[25,    10] loss: 0.707
[25,    20] loss: 0.303
[25,    30] loss: 0.202
25
[26,    10] loss: 0.584
[26,    20] loss: 0.306
[26,    30] loss: 0.200
26
[27,    10] loss: 0.563
[27,    20] loss: 0.292
[27,    30] loss: 0.173
27
[28,    10] loss: 0.529
[28,    20] loss: 0.268
[28,    30] loss: 0.178
28
[29,    10] loss: 0.509
[29,    20] loss: 0.277
[29,    30] loss: 0.159
29
[30,    10] loss: 0.480
[30,    20] loss: 0.246
[30,    30] loss: 0.150
30
[31,    10] loss: 0.478
[31,    20] loss: 0.235
[31,    30] loss: 0.153
31
[32,    10] loss: 0.468
[32,    20] loss: 0.224
[32,    30] loss: 0.137
32
[33,    10] loss: 0.429
[33,    20] loss: 0.203
[33,    30] loss: 0.139
33
[34,    10] loss: 0.403
[34,    20] loss: 0.206
[34,    30] loss: 0.132
34
[35,    10] loss: 0.406
[35,    20] loss: 0.196
[35,    30] loss: 0.122
35
[36,    10] loss: 0.380
[36,    20] loss: 0.179
[36,    30] loss: 0.113
36
[37,    10] loss: 0.317
[37,    20] loss: 0.157
[37,    30] loss: 0.118
37
[38,    10] loss: 0.309
[38,    20] loss: 0.156
[38,    30] loss: 0.108
38
[39,    10] loss: 0.344
[39,    20] loss: 0.138
[39,    30] loss: 0.092
39
[40,    10] loss: 0.309
[40,    20] loss: 0.134
[40,    30] loss: 0.087
40
[41,    10] loss: 0.264
[41,    20] loss: 0.138
[41,    30] loss: 0.089
41
[42,    10] loss: 0.257
[42,    20] loss: 0.114
[42,    30] loss: 0.085
42
[43,    10] loss: 0.258
[43,    20] loss: 0.130
[43,    30] loss: 0.077
43
[44,    10] loss: 0.266
[44,    20] loss: 0.113
[44,    30] loss: 0.070
44
[45,    10] loss: 0.205
[45,    20] loss: 0.112
[45,    30] loss: 0.072
45
[46,    10] loss: 0.218
[46,    20] loss: 0.097
[46,    30] loss: 0.069
46
[47,    10] loss: 0.206
[47,    20] loss: 0.105
[47,    30] loss: 0.062
47
[48,    10] loss: 0.217
[48,    20] loss: 0.088
[48,    30] loss: 0.065
48
[49,    10] loss: 0.196
[49,    20] loss: 0.099
[49,    30] loss: 0.064
49
[50,    10] loss: 0.182
[50,    20] loss: 0.091
[50,    30] loss: 0.070
50
[51,    10] loss: 0.193
[51,    20] loss: 0.091
[51,    30] loss: 0.056
51
[52,    10] loss: 0.173
[52,    20] loss: 0.085
[52,    30] loss: 0.060
52
[53,    10] loss: 0.177
[53,    20] loss: 0.080
[53,    30] loss: 0.062
53
[54,    10] loss: 0.173
[54,    20] loss: 0.090
[54,    30] loss: 0.055
54
[55,    10] loss: 0.166
[55,    20] loss: 0.093
[55,    30] loss: 0.048
55
[56,    10] loss: 0.179
[56,    20] loss: 0.068
[56,    30] loss: 0.055
56
[57,    10] loss: 0.139
[57,    20] loss: 0.081
[57,    30] loss: 0.049
57
[58,    10] loss: 0.134
[58,    20] loss: 0.072
[58,    30] loss: 0.047
58
[59,    10] loss: 0.119
[59,    20] loss: 0.071
[59,    30] loss: 0.048
59
[60,    10] loss: 0.124
[60,    20] loss: 0.067
[60,    30] loss: 0.044
