0 0 0 0 0 0
10 0 0 0 0 0
20 0 0 0 0 0
30 0 0 0 0 0
40 0 0 0 0 0
50 0 0 0 0 0
60 0 0 0 0 0
70 0 0 0 0 0
80 0 0 0 0 0
90 0 0 0 0 0
100 0 0 0 0 0
110 0 0 0 0 0
120 0 0 0 0 0
130 0 0 0 0 0
140 0 0 0 0 0
150 0 0 0 0 0
160 0 0 0 0 0
170 0 0 0 0 0
180 0 0 0 0 0
190 0 0 0 0 0
200 0 0 0 0 0
210 0 0 0 0 0
220 0 0 0 0 0
230 0 0 0 0 0
240 0 0 0 0 0
250 0 0 0 0 0
260 0 0 0 0 0
270 0 0 0 0 0
280 0 0 0 0 0
290 0 0 0 0 0
300 0 0 0 0 0
310 0 0 0 0 0
320 0 0 0 0 0
330 0 0 0 0 0
340 0 0 0 0 0
350 0 0 0 0 0
360 0 0 0 0 0
370 0 0 0 0 0
380 0 0 0 0 0
390 0 0 0 0 0
400 0 0 0 0 0
410 0 0 0 0 0
420 0 0 0 0 0
430 0 0 0 0 0
440 0 0 0 0 0
450 0 0 0 0 0
460 0 0 0 0 0
470 0 0 0 0 0
480 0 1 0 0 0
490 0 1 0 0 0
500 0 1 0 0 0
510 0 1 0 0 0
520 1 0 0 0 0
530 1 0 0 0 0
540 1 0 0 0 0
550 1 0 0 0 0
560 1 0 0 0 1
570 1 0 0 0 1
580 1 0 0 0 1
590 1 0 0 0 1
600 1 0 0 0 1
610 1 0 0 0 1
620 1 0 0 0 1
630 1 0 0 0 1
640 1 0 0 0 1
650 1 0 0 0 1
660 1 0 0 0 1
670 1 0 0 1 1
680 1 0 0 1 1
690 1 0 1 0 1
700 0 1 1 0 1
710 0 1 1 0 1
720 0 0 1 0 1
730 0 0 1 0 1
740 0 0 1 0 1
750 0 0 1 0 1
760 0 0 1 0 1
770 0 0 1 0 1
780 0 0 1 0 1
790 0 0 1 0 1
800 0 0 1 0 1
810 0 0 1 0 1
820 0 0 1 0 1
830 0 0 1 0 1
840 0 0 1 0 1
850 0 0 1 0 1
860 0 0 1 0 1
870 0 0 1 0 1
880 0 0 1 0 1
890 0 0 1 0 1
900 0 0 1 0 0
910 0 0 1 0 0
920 0 0 1 0 0
930 0 0 1 0 0
940 0 0 1 0 0
950 0 0 0 0 0
960 0 0 0 0 0
970 0 0 0 0 0
980 0 0 0 0 0
990 0 0 0 0 0
1000 0 0 0 0 0
1010 0 0 0 0 0
1020 0 0 0 0 0
1030 0 0 0 0 0
1040 0 0 0 0 0
1050 0 0 0 0 0
1060 0 0 0 0 0
1070 0 1 0 0 0
1080 0 1 0 0 0
1090 0 1 0 0 0
1100 0 1 0 0 0
1110 1 0 0 0 0
1120 1 0 0 0 0
1130 1 0 0 0 0
1140 1 0 0 0 0
1150 1 0 0 0 0
1160 1 0 0 0 0
1170 1 0 0 0 1
1180 1 0 0 0 1
1190 1 0 0 0 1
1200 1 0 0 0 1
1210 1 0 0 0 1
1220 1 0 0 0 1
1230 1 0 0 0 1
1240 1 0 0 1 1
1250 1 0 0 1 1
1260 1 0 0 1 1
1270 0 1 1 0 1
1280 0 0 1 0 1
1290 0 0 1 0 1
1300 0 0 1 0 1
1310 0 0 1 0 1
1320 0 0 1 0 1
1330 0 0 1 0 1
1340 0 0 1 0 1
1350 0 0 1 0 1
1360 0 0 1 0 1
1370 0 0 1 0 1
1380 0 0 1 0 1
1390 0 0 1 0 1
1400 0 0 1 0 1
1410 0 0 1 0 1
1420 0 0 1 0 1
1430 0 0 1 0 1
1440 0 0 1 0 1
1450 0 0 1 0 1
1460 0 0 1 0 1
1470 0 0 1 0 1
1480 0 0 1 0 1
1490 0 0 1 0 1
1500 0 0 1 0 1
1510 0 0 1 0 0
1520 0 0 1 0 0
1530 0 0 1 0 0
1540 0 0 1 0 0
1550 0 0 1 0 0
1560 0 0 1 0 0
1570 0 0 1 0 0
1580 0 0 0 0 0
1590 0 0 0 0 0
1600 0 0 0 0 0
1610 0 0 0 0 0
1620 0 0 0 0 0
1630 0 0 0 0 0
1640 0 0 0 0 0
1650 0 0 0 0 0
1660 0 0 0 0 0
1670 0 0 0 0 0
1680 0 0 0 0 0
1690 0 0 0 0 0
1700 0 0 0 0 0
1710 0 0 0 0 0
1720 0 0 0 0 0
1730 0 0 0 0 0
1740 0 0 0 0 0
1750 0 0 0 0 0
1760 0 1 0 0 0
1770 0 1 0 0 0
1780 0 1 0 0 0
1790 0 1 0 0 0
1800 1 0 0 0 0
1810 1 0 0 0 0
1820 1 0 0 0 0
1830 1 0 0 0 0
1840 1 0 0 0 0
1850 1 0 0 0 1
1860 1 0 0 0 1
1870 1 0 0 0 1
1880 1 0 0 0 1
1890 1 0 0 0 1
1900 1 0 0 0 1
1910 1 0 0 0 1
1920 1 0 0 0 1
1930 1 0 0 0 1
1940 1 0 0 0 1
1950 1 0 0 1 1
1960 1 0 0 1 1
1970 1 0 0 1 1
1980 1 0 1 0 1
1990 1 0 1 0 1
2000 0 1 1 0 1
2010 0 0 1 0 1
2020 0 0 1 0 1
2030 0 0 1 0 1
2040 0 0 1 0 1
2050 0 0 1 0 1
2060 0 0 1 0 1
2070 0 0 1 0 1
2080 0 0 1 0 1
2090 0 0 1 0 1
2100 0 0 1 0 1
2110 0 0 1 0 1
2120 0 0 1 0 1
2130 0 0 1 0 1
2140 0 0 1 0 1
2150 0 0 1 0 1
2160 0 0 1 0 1
2170 0 0 1 0 1
2180 0 0 1 0 1
2190 0 0 1 0 1
2200 0 0 1 0 1
2210 0 0 1 0 1
2220 0 0 1 0 1
2230 0 0 1 0 1
2240 0 0 1 0 1
2250 0 0 1 0 1
2260 0 0 1 0 1
2270 0 0 1 0 1
2280 0 0 1 0 1
2290 0 0 1 0 1
2300 0 0 1 0 1
2310 0 0 1 0 0
2320 0 0 1 0 0
2330 0 0 1 0 0
2340 0 0 1 0 0
2350 0 0 1 0 0
2360 0 0 1 0 0
2370 0 0 1 0 0
2380 0 0 0 0 0
2390 0 0 0 0 0
2400 0 0 0 0 0
2410 0 0 0 0 0
