0 0 0 0 0 0
10 0 0 0 0 0
20 0 0 0 0 0
30 0 0 0 0 0
40 0 0 0 0 0
50 0 0 0 0 0
60 0 0 0 0 0
70 0 0 0 0 0
80 0 0 0 0 0
90 0 0 0 0 0
100 0 0 0 0 0
110 0 0 0 0 0
120 0 0 0 0 0
130 0 0 0 0 0
140 0 0 0 0 0
150 0 0 0 0 0
160 0 0 0 0 0
170 0 0 0 0 0
180 0 0 0 0 0
190 0 0 0 0 0
200 0 0 0 0 0
210 0 0 0 0 0
220 0 0 0 0 0
230 0 0 0 0 0
240 0 0 0 0 0
250 0 0 0 0 0
260 0 0 0 0 0
270 0 0 0 0 0
280 0 0 0 0 0
290 0 0 0 0 0
300 0 0 0 0 0
310 0 0 0 0 0
320 0 0 0 0 0
330 0 0 0 0 0
340 0 0 0 0 0
350 0 0 0 0 0
360 0 0 0 0 0
370 0 0 0 0 0
380 0 0 0 0 0
390 0 0 0 0 0
400 0 0 0 0 0
410 0 0 0 0 0
420 0 0 0 0 0
430 0 0 0 0 0
440 0 0 0 0 0
450 0 0 0 0 0
460 0 1 0 0 0
470 0 1 0 0 0
480 0 1 0 0 0
490 0 0 0 0 0
500 0 0 0 0 0
510 0 0 0 0 0
520 0 1 0 0 0
530 0 1 0 0 0
540 0 1 0 0 0
550 0 1 0 0 0
560 0 1 0 0 0
570 0 1 0 0 0
580 0 1 0 0 0
590 0 1 0 0 0
600 1 0 0 0 0
610 1 0 0 0 0
620 1 0 0 0 0
630 1 0 0 0 0
640 1 0 0 0 0
650 1 0 0 0 0
660 1 0 0 0 0
670 1 0 0 0 0
680 1 0 0 0 0
690 1 0 0 0 1
700 1 0 0 0 1
710 1 0 0 0 1
720 1 0 0 0 1
730 1 0 0 0 1
740 1 0 0 0 1
750 1 0 0 0 1
760 1 0 0 0 1
770 1 0 0 0 1
780 1 0 0 0 1
790 1 0 0 0 1
800 1 0 0 0 1
810 1 0 0 1 1
820 1 0 0 1 1
830 1 0 0 1 1
840 1 0 0 1 1
850 1 0 0 1 1
860 1 0 0 1 1
870 1 0 1 0 1
880 1 0 1 0 1
890 1 0 1 0 1
900 1 0 1 0 1
910 0 0 1 0 1
920 0 0 1 0 1
930 0 0 1 0 1
940 0 0 1 0 1
950 0 0 1 0 1
960 0 0 1 0 1
970 0 0 1 0 1
980 0 0 1 0 1
990 0 0 1 0 1
1000 0 0 1 0 1
1010 0 0 1 0 1
1020 0 0 1 0 1
1030 0 0 1 0 1
1040 0 0 1 0 1
1050 0 0 1 0 1
1060 0 0 1 0 1
1070 0 0 1 0 1
1080 0 0 1 0 1
1090 0 0 1 0 1
1100 0 0 1 0 1
1110 0 0 1 0 1
1120 0 0 1 0 1
1130 0 0 1 0 1
1140 0 0 1 0 1
1150 0 0 1 0 1
1160 0 0 1 0 1
1170 0 0 1 0 1
1180 0 0 1 0 0
1190 0 0 1 0 0
1200 0 0 1 0 0
1210 0 0 1 0 0
1220 0 0 0 1 0
1230 0 0 0 0 0
1240 0 0 0 0 0
1250 0 0 0 0 0
1260 0 0 0 0 0
1270 0 0 0 0 0
1280 0 0 0 0 0
1290 0 0 0 0 0
1300 0 0 0 0 0
1310 0 0 0 0 0
1320 0 0 0 0 0
1330 0 0 0 0 0
1340 0 0 0 0 0
1350 0 0 0 0 0
1360 0 0 0 0 0
1370 0 0 0 0 0
1380 0 0 0 0 0
1390 0 0 0 0 0
1400 0 0 0 0 0
1410 0 0 0 0 0
1420 0 0 0 0 0
1430 0 0 0 0 0
1440 0 0 0 0 0
1450 0 0 0 0 0
1460 0 0 0 0 0
1470 0 0 0 0 0
1480 0 0 0 0 0
1490 0 0 0 0 0
1500 0 0 0 0 0
1510 0 1 0 0 0
1520 0 1 0 0 0
1530 1 0 0 0 0
1540 0 1 0 0 0
1550 0 1 0 0 0
1560 0 1 0 0 0
1570 1 0 0 0 0
1580 1 0 0 0 0
1590 1 0 0 0 0
1600 1 0 0 0 0
1610 1 0 0 0 0
1620 1 0 0 0 0
1630 1 0 0 0 1
1640 1 0 0 0 1
1650 1 0 0 0 1
1660 1 0 0 0 1
1670 1 0 0 0 1
1680 1 0 0 0 1
1690 1 0 0 0 1
1700 1 0 0 0 1
1710 1 0 0 0 1
1720 1 0 0 0 1
1730 1 0 0 0 1
1740 1 0 0 0 1
1750 1 0 0 0 1
1760 1 0 0 0 1
1770 1 0 0 0 1
1780 1 0 0 0 1
1790 1 0 0 0 1
1800 1 0 0 0 1
1810 1 0 0 0 1
1820 1 0 0 0 1
1830 1 0 0 0 1
1840 1 0 0 0 1
1850 1 0 0 0 1
1860 1 0 0 0 1
1870 1 0 0 0 1
1880 1 0 0 1 1
1890 1 0 0 1 1
1900 1 0 0 1 1
1910 1 0 0 1 1
1920 0 0 0 0 1
1930 0 0 0 0 1
1940 0 0 0 0 1
1950 0 0 0 0 1
1960 0 0 0 0 1
1970 0 0 0 0 1
1980 0 0 0 0 1
1990 0 0 0 0 1
2000 0 0 0 0 1
2010 0 0 0 0 1
2020 0 0 0 0 1
2030 0 0 0 0 1
2040 0 0 0 0 1
2050 0 0 0 0 1
2060 0 0 0 0 1
2070 0 0 0 0 1
2080 0 0 0 0 1
2090 0 0 0 0 1
2100 0 0 0 0 1
2110 0 0 0 0 1
2120 0 0 0 0 1
2130 0 0 0 0 1
2140 0 0 0 0 1
2150 0 0 0 0 1
2160 0 0 0 0 1
2170 0 1 0 0 1
2180 0 1 0 0 1
2190 0 1 0 0 1
2200 1 0 0 0 1
2210 1 0 0 0 1
2220 1 0 0 0 1
2230 1 0 0 0 1
2240 1 0 0 0 1
2250 1 0 0 0 1
2260 1 0 0 0 1
2270 1 0 0 0 1
2280 1 0 0 0 1
2290 1 0 0 0 1
2300 1 0 0 0 1
2310 1 0 0 0 1
2320 1 0 0 0 1
2330 1 0 0 0 1
2340 1 0 0 0 1
2350 1 0 0 0 1
2360 1 0 0 0 1
2370 1 0 0 0 1
2380 1 0 0 0 1
2390 1 0 0 0 1
2400 1 0 0 0 1
2410 1 0 0 0 1
2420 1 0 0 0 1
2430 1 0 0 0 1
2440 1 0 0 0 1
2450 1 0 0 1 1
2460 1 0 0 1 1
2470 1 0 0 1 1
2480 1 0 0 1 1
2490 1 0 0 0 1
2500 1 0 0 0 1
2510 1 0 0 0 1
2520 1 0 0 0 1
2530 1 0 0 0 1
2540 1 0 0 0 1
2550 1 0 0 0 1
2560 1 0 0 0 1
2570 1 0 0 0 1
2580 1 0 0 0 1
2590 1 0 0 0 1
2600 1 0 0 0 1
2610 1 0 0 0 1
2620 1 0 0 0 1
2630 1 0 0 0 1
2640 1 0 0 0 1
2650 1 0 0 0 1
2660 1 0 0 0 1
2670 1 0 0 0 1
2680 1 0 0 0 1
2690 1 0 0 0 1
2700 1 0 0 0 1
2710 1 0 0 0 1
2720 1 0 0 0 1
2730 1 0 0 0 1
2740 1 0 0 0 1
2750 1 0 0 0 1
2760 1 0 0 0 1
2770 1 0 0 0 1
2780 1 0 0 0 1
2790 1 0 0 0 1
2800 1 0 0 0 1
2810 1 0 0 0 1
2820 1 0 0 0 1
2830 1 0 0 0 1
2840 1 0 0 0 1
2850 1 0 0 0 1
2860 1 0 0 0 1
2870 1 0 0 0 1
2880 1 0 0 1 1
2890 1 0 0 1 1
2900 1 0 0 1 1
2910 1 0 0 1 1
2920 1 0 0 1 1
2930 1 0 0 1 1
2940 1 0 1 0 1
2950 1 0 1 0 1
2960 1 0 1 0 1
2970 1 0 1 0 1
2980 1 0 1 0 1
2990 1 0 1 0 1
3000 1 0 1 0 1
3010 1 0 1 0 1
3020 1 0 1 0 1
3030 1 0 1 0 1
3040 1 0 1 0 1
3050 1 0 1 0 1
3060 1 0 1 0 1
3070 0 1 1 0 1
3080 0 1 1 0 1
3090 0 1 1 0 1
3100 0 0 1 0 1
3110 0 0 1 0 1
3120 0 0 1 0 1
3130 0 0 1 0 1
3140 0 0 1 0 1
3150 0 0 1 0 1
3160 0 0 1 0 1
3170 0 0 1 0 1
3180 0 0 1 0 1
3190 0 0 1 0 1
3200 0 0 1 0 1
3210 0 0 1 0 1
3220 0 0 1 0 1
3230 0 0 1 0 1
3240 0 0 1 0 1
3250 0 0 1 0 1
3260 0 0 1 0 1
3270 0 0 1 0 1
3280 0 0 1 0 1
3290 0 0 1 0 1
3300 0 0 1 0 1
3310 0 0 1 0 1
3320 0 0 1 0 1
3330 0 0 1 0 1
3340 0 0 1 0 1
3350 0 0 1 0 1
3360 0 0 1 0 1
3370 0 0 1 0 1
3380 0 0 1 0 1
3390 0 0 1 0 1
3400 0 0 1 0 1
3410 0 0 1 0 1
3420 0 0 1 0 1
3430 0 0 1 0 1
3440 0 0 1 0 1
3450 0 0 1 0 1
3460 0 0 1 0 1
3470 0 0 1 0 0
3480 0 0 1 0 0
3490 0 0 1 0 0
3500 0 0 0 1 0
3510 0 0 0 0 0
3520 0 0 0 0 0
3530 0 0 0 0 0
3540 0 0 0 0 0
3550 0 0 0 0 0
3560 0 0 0 0 0
3570 0 0 0 0 0
3580 0 0 0 0 0
3590 0 0 0 0 0
3600 0 0 0 0 0
3610 0 0 0 0 0
3620 0 0 0 0 0
3630 0 0 0 0 0
3640 0 0 0 0 0
3650 0 0 0 0 0
3660 0 0 0 0 0
3670 0 0 0 0 0
3680 0 0 0 0 0
3690 0 0 0 0 0
3700 0 0 0 0 0
3710 0 0 0 0 0
3720 0 0 0 0 0
3730 0 0 0 0 0
3740 0 0 0 0 0
3750 0 0 0 0 0
3760 0 1 0 0 0
3770 0 1 0 0 0
3780 0 1 0 0 0
3790 0 1 0 0 0
3800 0 1 0 0 0
3810 0 1 0 0 0
3820 0 1 0 0 0
3830 0 1 0 0 0
3840 1 0 0 0 0
3850 1 0 0 0 0
3860 1 0 0 0 0
3870 1 0 0 0 0
3880 1 0 0 0 0
3890 1 0 0 0 0
3900 1 0 0 0 0
3910 1 0 0 0 0
3920 1 0 0 0 1
3930 1 0 0 0 1
3940 1 0 0 0 1
3950 1 0 0 0 1
3960 1 0 0 0 1
3970 1 0 0 0 1
3980 1 0 0 0 1
3990 1 0 0 0 1
4000 1 0 0 0 1
4010 1 0 0 1 1
4020 1 0 0 1 1
4030 1 0 0 1 1
4040 1 0 0 1 1
4050 1 0 0 1 1
4060 1 0 0 1 1
4070 0 0 0 0 1
4080 0 0 0 0 1
4090 0 0 0 0 1
4100 0 0 0 0 1
4110 0 0 0 0 1
4120 0 0 0 0 1
4130 0 0 0 0 1
4140 0 0 0 0 1
4150 0 0 0 0 1
4160 0 0 0 0 1
4170 0 0 0 0 1
4180 0 0 0 0 1
4190 0 0 0 0 1
4200 0 0 0 0 1
4210 0 0 0 0 1
4220 0 0 0 0 1
4230 0 1 0 0 1
4240 1 0 0 0 1
4250 1 0 0 0 1
4260 1 0 0 0 1
4270 1 0 0 0 1
4280 1 0 0 0 1
4290 1 0 0 0 1
4300 1 0 0 0 1
4310 1 0 0 0 1
4320 1 0 0 0 1
4330 1 0 0 0 1
4340 1 0 0 0 1
4350 1 0 0 0 1
4360 1 0 0 0 1
4370 1 0 0 0 1
4380 1 0 0 0 1
4390 1 0 0 1 1
4400 1 0 0 1 1
4410 1 0 0 1 1
4420 1 0 0 1 1
4430 1 0 0 1 1
4440 1 0 0 1 1
4450 1 0 0 1 1
4460 1 0 1 0 1
4470 1 0 1 0 1
4480 1 0 0 1 1
4490 1 0 0 1 1
4500 1 0 0 1 1
4510 1 0 0 1 1
4520 1 0 0 1 1
4530 1 0 0 1 1
4540 1 0 0 1 1
4550 1 0 0 1 1
4560 1 0 1 0 1
4570 1 0 1 0 1
4580 1 0 0 1 1
4590 1 0 0 0 1
4600 1 0 0 0 1
4610 1 0 0 0 1
4620 1 0 0 0 1
4630 1 0 0 0 1
4640 1 0 0 0 1
4650 1 0 0 0 1
4660 1 0 0 0 1
4670 1 0 0 0 1
4680 1 0 0 0 1
4690 1 0 0 0 1
4700 1 0 0 0 1
4710 1 0 0 0 1
4720 1 0 0 0 1
4730 1 0 0 0 1
4740 1 0 0 0 1
4750 1 0 0 0 1
4760 1 0 0 0 1
4770 1 0 0 0 1
4780 1 0 0 0 1
4790 1 0 0 0 1
4800 1 0 0 0 1
4810 1 0 0 1 1
4820 1 0 0 1 1
4830 1 0 0 1 1
4840 1 0 0 1 1
4850 1 0 0 1 1
4860 1 0 0 1 1
4870 1 0 0 1 1
4880 1 0 0 1 1
4890 1 0 1 0 1
4900 1 0 1 0 1
4910 1 0 1 0 1
4920 1 0 1 0 1
4930 1 0 1 0 1
4940 1 0 1 0 1
4950 0 1 1 0 1
4960 0 1 1 0 1
4970 0 1 1 0 1
4980 0 1 1 0 1
4990 0 0 1 0 1
5000 0 0 1 0 1
5010 0 0 1 0 1
5020 0 0 1 0 1
5030 0 0 1 0 1
5040 0 0 1 0 1
5050 0 0 1 0 1
5060 0 0 1 0 1
5070 0 0 1 0 1
5080 0 0 1 0 1
5090 0 0 1 0 1
5100 0 0 1 0 1
5110 0 0 1 0 1
5120 0 0 1 0 1
5130 0 0 1 0 1
5140 0 0 1 0 1
5150 0 0 1 0 1
5160 0 0 1 0 1
5170 0 0 1 0 1
5180 0 0 1 0 1
5190 0 0 1 0 1
5200 0 0 1 0 0
5210 0 0 1 0 0
5220 0 0 1 0 0
5230 0 0 1 0 0
5240 0 0 1 0 0
5250 0 0 1 0 0
5260 0 0 1 0 0
5270 0 0 1 0 0
5280 0 0 1 0 0
5290 0 0 1 0 0
5300 0 0 1 0 0
5310 0 0 0 0 0
5320 0 0 0 0 0
5330 0 0 0 0 0
