0 0 0 0 0 0
10 0 0 0 0 0
20 0 0 0 0 0
30 0 0 0 0 0
40 0 0 0 0 0
50 0 0 0 0 0
60 0 0 0 0 0
70 0 0 0 0 0
80 0 0 0 0 0
90 0 0 0 0 0
100 0 0 0 0 0
110 0 0 0 0 0
120 0 0 0 0 0
130 0 0 0 0 0
140 0 0 0 0 0
150 0 0 0 0 0
160 0 0 0 0 0
170 0 0 0 0 0
180 0 0 0 0 0
190 0 0 0 0 0
200 0 0 0 0 0
210 0 0 0 0 0
220 0 0 0 0 0
230 0 0 0 0 0
240 0 0 0 0 0
250 0 0 0 0 0
260 0 0 0 0 0
270 0 0 0 0 0
280 0 0 0 0 0
290 0 0 0 0 0
300 0 0 0 0 0
310 0 0 0 0 0
320 0 0 0 0 0
330 0 0 0 0 0
340 0 0 0 0 0
350 0 0 0 0 0
360 0 0 0 0 0
370 0 0 0 0 0
380 0 0 0 0 0
390 0 0 0 0 0
400 0 0 0 0 0
410 0 0 0 0 0
420 0 0 0 0 0
430 0 0 0 0 0
440 0 0 0 0 0
450 0 0 0 0 0
460 0 0 0 0 0
470 0 0 0 0 0
480 0 0 0 0 0
490 0 0 0 0 0
500 0 0 0 0 0
510 0 0 0 0 0
520 0 0 0 0 0
530 0 0 0 0 0
540 0 0 0 0 0
550 0 0 0 0 0
560 0 0 0 0 0
570 0 0 0 0 0
580 0 0 0 0 0
590 0 0 0 0 0
600 0 0 0 0 0
610 0 0 0 0 0
620 0 0 0 0 0
630 0 0 0 0 0
640 0 0 0 0 0
650 0 0 0 0 0
660 0 0 0 0 0
670 0 0 0 0 0
680 0 0 0 0 0
690 0 0 0 0 0
700 0 0 0 0 0
710 0 0 0 0 0
720 0 0 0 0 0
730 0 0 0 0 0
740 0 0 0 0 0
750 0 0 0 0 0
760 0 0 0 0 0
770 0 0 0 0 0
780 0 0 0 0 0
790 0 0 0 0 0
800 0 0 0 0 0
810 0 0 0 0 0
820 0 0 0 0 0
830 0 0 0 0 0
840 0 0 0 0 0
850 0 0 0 0 0
860 0 0 0 0 0
870 0 0 0 0 0
880 0 0 0 0 0
890 0 0 0 0 0
900 0 0 0 0 0
910 0 0 0 0 0
920 0 0 0 0 0
930 0 0 0 0 0
940 0 0 0 0 0
950 0 0 0 0 0
960 0 0 0 0 0
970 0 0 0 0 0
980 0 0 0 0 0
990 0 0 0 0 0
1000 0 0 0 0 0
1010 0 0 0 0 0
1020 0 0 0 0 0
1030 0 0 0 0 0
1040 0 0 0 0 0
1050 0 0 0 0 0
1060 0 0 0 0 0
1070 0 0 0 0 0
1080 0 0 0 0 0
1090 0 0 0 0 0
1100 0 0 0 0 0
1110 0 0 0 0 0
1120 0 0 0 0 0
1130 0 0 0 0 0
1140 0 0 0 0 0
1150 0 0 0 0 0
1160 0 0 0 0 0
1170 0 0 0 0 0
1180 0 0 0 0 0
1190 0 0 0 0 0
1200 0 1 0 0 0
1210 0 1 0 0 0
1220 0 0 0 0 0
1230 0 0 0 0 0
1240 0 0 0 0 0
1250 0 0 0 0 0
1260 0 0 0 0 0
1270 0 0 0 0 0
1280 0 0 0 0 0
1290 0 1 0 0 0
1300 0 1 0 0 0
1310 1 0 0 0 0
1320 1 0 0 0 0
1330 1 0 0 0 0
1340 0 0 0 0 0
1350 0 0 0 0 0
1360 0 0 0 0 0
1370 0 0 0 0 0
1380 0 0 0 0 0
1390 0 0 0 0 0
1400 0 0 0 0 0
1410 0 0 0 0 0
1420 0 0 0 0 0
1430 0 0 0 0 0
1440 0 0 0 0 0
1450 0 0 0 0 0
1460 0 0 0 0 0
1470 0 0 0 0 0
1480 0 0 0 0 0
1490 0 1 0 0 0
1500 0 1 0 0 0
1510 1 0 0 0 0
1520 1 0 0 0 0
1530 1 0 0 0 0
1540 1 0 0 0 0
1550 0 0 0 0 0
1560 0 0 0 0 0
1570 0 0 0 0 0
1580 0 0 0 0 0
1590 0 0 0 0 0
1600 0 0 0 0 0
1610 0 0 0 0 0
1620 0 0 0 0 0
1630 0 0 0 0 0
1640 0 0 0 0 0
1650 0 1 0 0 0
1660 0 1 0 0 0
1670 1 0 0 0 0
1680 1 0 0 0 0
1690 1 0 0 0 0
1700 1 0 0 0 0
1710 1 0 0 0 0
1720 1 0 0 0 1
1730 1 0 0 0 1
1740 1 0 0 0 1
1750 1 0 0 0 1
1760 1 0 0 0 1
1770 1 0 0 0 1
1780 1 0 0 0 1
1790 1 0 0 0 1
1800 1 0 0 0 1
1810 1 0 0 0 1
1820 1 0 0 0 1
1830 1 0 0 0 1
1840 1 0 0 0 1
1850 1 0 0 1 1
1860 1 0 0 1 1
1870 1 0 0 1 1
1880 1 0 0 1 1
1890 1 0 0 1 1
1900 1 0 0 1 1
1910 1 0 0 1 1
1920 1 0 1 0 1
1930 1 0 1 0 1
1940 0 1 1 0 1
1950 0 1 1 0 1
1960 0 1 1 0 1
1970 0 0 1 0 1
1980 0 0 1 0 1
1990 0 0 1 0 1
2000 0 0 1 0 1
2010 0 0 1 0 1
2020 0 0 1 0 1
2030 0 0 1 0 1
2040 0 0 1 0 1
2050 0 0 1 0 1
2060 0 0 1 0 1
2070 0 0 1 0 1
2080 0 0 1 0 1
2090 0 0 1 0 1
2100 0 0 1 0 1
2110 0 0 1 0 1
2120 0 0 1 0 1
2130 0 0 1 0 1
2140 0 0 1 0 1
2150 0 0 1 0 1
2160 0 0 1 0 1
2170 0 0 1 0 1
2180 0 0 1 0 1
2190 0 0 1 0 1
2200 0 0 1 0 0
2210 0 0 1 0 0
2220 0 0 1 0 0
2230 0 0 1 0 0
2240 0 0 1 0 0
2250 0 0 1 0 0
2260 0 0 0 0 0
2270 0 0 0 0 0
2280 0 0 0 0 0
2290 0 0 0 0 0
2300 0 0 0 0 0
2310 0 0 0 0 0
2320 0 0 0 0 0
2330 0 0 0 0 0
2340 0 0 0 0 0
2350 0 0 0 0 0
2360 0 0 0 0 0
2370 0 0 0 0 0
2380 0 0 0 0 0
2390 0 0 0 0 0
2400 0 0 0 0 0
2410 0 0 0 0 0
2420 0 0 0 0 0
2430 0 0 0 0 0
2440 0 0 0 0 0
2450 0 0 0 0 0
2460 0 0 0 0 0
2470 0 0 0 0 0
2480 0 0 0 0 0
2490 0 0 0 0 0
2500 0 0 0 0 0
2510 0 0 0 0 0
2520 0 0 0 0 0
2530 0 0 0 0 0
2540 0 0 0 0 0
2550 0 0 0 0 0
2560 0 0 0 0 0
2570 0 0 0 0 0
2580 0 1 0 0 0
2590 0 1 0 0 0
2600 1 0 0 0 0
2610 1 0 0 0 0
2620 1 0 0 0 0
2630 1 0 0 0 0
2640 1 0 0 0 0
2650 1 0 0 0 0
2660 1 0 0 0 0
2670 1 0 0 0 0
2680 1 0 0 0 0
2690 1 0 0 0 0
2700 1 0 0 0 0
2710 1 0 0 0 0
2720 1 0 0 0 0
2730 1 0 0 0 0
2740 1 0 0 0 0
2750 1 0 0 0 1
2760 1 0 0 0 1
2770 1 0 0 0 1
2780 1 0 0 0 1
2790 1 0 0 0 1
2800 1 0 0 0 1
2810 1 0 0 0 1
2820 1 0 0 0 1
2830 1 0 0 0 1
2840 1 0 0 0 1
2850 1 0 0 0 1
2860 1 0 0 0 1
2870 1 0 0 0 1
2880 1 0 0 0 1
2890 1 0 0 0 1
2900 1 0 0 0 1
2910 1 0 0 1 1
2920 1 0 1 0 1
2930 1 0 1 0 1
2940 1 0 1 0 1
2950 0 1 1 0 1
2960 0 0 1 0 1
2970 0 0 1 0 1
2980 0 0 1 0 1
2990 0 0 1 0 1
3000 0 0 1 0 1
3010 0 0 1 0 1
3020 0 0 1 0 1
3030 0 0 1 0 1
3040 0 0 1 0 1
3050 0 0 1 0 1
3060 0 0 1 0 1
3070 0 0 1 0 1
3080 0 0 1 0 1
3090 0 0 1 0 1
3100 0 0 1 0 1
3110 0 0 1 0 1
3120 0 0 1 0 1
3130 0 0 1 0 1
3140 0 0 1 0 1
3150 0 0 1 0 1
3160 0 0 1 0 1
3170 0 0 1 0 0
3180 0 0 1 0 0
3190 0 0 1 0 0
3200 0 0 0 0 0
3210 0 0 0 0 0
3220 0 0 0 0 0
3230 0 0 0 0 0
3240 0 0 0 0 0
3250 0 0 0 0 0
3260 0 0 0 0 0
3270 0 0 0 0 0
3280 0 0 0 0 0
3290 0 0 0 0 0
3300 0 0 0 0 0
3310 0 0 0 0 0
3320 0 0 0 0 0
3330 0 0 0 0 0
3340 0 0 0 0 0
3350 0 0 0 0 0
3360 0 0 0 0 0
3370 0 0 0 0 0
3380 0 0 0 0 0
3390 0 0 0 0 0
3400 0 0 0 0 0
3410 0 1 0 0 0
3420 0 1 0 0 0
3430 0 1 0 0 0
3440 0 1 0 0 0
3450 0 1 0 0 0
3460 0 1 0 0 0
3470 0 1 0 0 0
3480 0 1 0 0 0
3490 0 1 0 0 0
3500 0 0 0 0 0
3510 0 0 0 0 0
3520 0 0 0 0 0
3530 0 0 0 0 0
3540 0 0 0 0 0
3550 0 0 0 0 0
3560 0 0 0 0 0
3570 0 0 0 0 0
3580 0 1 0 0 0
3590 0 0 0 0 0
3600 0 0 0 0 0
3610 0 0 0 0 0
3620 0 0 0 0 0
3630 0 0 0 0 0
3640 0 1 0 0 0
3650 0 1 0 0 0
3660 0 1 0 0 0
3670 0 1 0 0 0
3680 0 0 0 0 0
3690 0 0 0 0 0
3700 0 0 0 0 0
3710 0 0 0 0 0
3720 0 0 0 0 0
3730 0 0 0 0 0
3740 0 0 0 0 0
3750 0 0 0 0 0
3760 0 0 0 0 0
3770 0 0 0 0 0
3780 0 0 0 0 0
3790 0 0 0 0 0
3800 0 0 0 0 0
3810 0 0 0 0 0
3820 0 0 0 0 0
3830 0 1 0 0 0
3840 0 1 0 0 0
3850 0 1 0 0 0
3860 0 1 0 0 0
3870 0 1 0 0 0
3880 0 1 0 0 0
3890 0 1 0 0 0
3900 0 1 0 0 0
3910 0 1 0 0 0
3920 0 1 0 0 0
3930 0 1 0 0 0
3940 0 1 0 0 0
3950 0 1 0 0 0
3960 0 1 0 0 0
3970 0 1 0 0 0
3980 0 1 0 0 0
3990 0 1 0 0 0
4000 0 1 0 0 0
4010 0 1 0 0 0
4020 0 1 0 0 0
4030 0 1 0 0 0
4040 0 1 0 0 0
4050 0 1 0 0 0
4060 0 1 0 0 0
4070 0 0 0 0 0
4080 0 0 0 0 0
4090 0 0 0 0 0
4100 0 0 0 0 0
4110 0 0 0 0 0
4120 0 0 0 0 0
4130 0 0 0 0 0
4140 0 0 0 0 0
4150 0 0 0 0 0
4160 0 0 0 0 0
4170 0 0 0 0 0
4180 0 0 0 0 0
4190 0 0 0 0 0
4200 0 1 0 0 0
4210 0 1 0 0 0
4220 0 1 0 0 0
4230 0 1 0 0 0
4240 0 0 0 0 0
4250 0 0 0 0 0
4260 0 0 0 0 0
4270 0 1 0 0 0
4280 0 1 0 0 0
4290 0 1 0 0 0
4300 0 1 0 0 0
4310 0 1 0 0 0
4320 0 1 0 0 0
4330 0 1 0 0 0
4340 0 1 0 0 0
4350 0 1 0 0 0
4360 0 1 0 0 0
4370 0 1 0 0 0
4380 0 0 0 0 0
4390 0 0 0 0 0
4400 0 0 0 0 0
4410 0 0 0 0 0
4420 0 0 0 0 0
4430 0 0 0 0 0
4440 0 0 0 0 0
4450 0 0 0 0 0
4460 0 0 0 0 0
4470 0 1 0 0 0
4480 0 1 0 0 0
4490 0 1 0 0 0
4500 1 0 0 0 0
4510 1 0 0 0 0
4520 1 0 0 0 0
4530 1 0 0 0 0
4540 1 0 0 0 0
4550 1 0 0 0 0
4560 1 0 0 0 0
4570 1 0 0 0 1
4580 1 0 0 0 1
4590 1 0 0 0 1
4600 1 0 0 0 1
4610 1 0 0 0 1
4620 1 0 0 0 1
4630 1 0 0 0 1
4640 1 0 0 0 1
4650 1 0 0 0 1
4660 1 0 0 0 1
4670 1 0 0 0 1
4680 1 0 0 0 1
4690 1 0 0 0 1
4700 1 0 0 0 1
4710 1 0 0 0 1
4720 1 0 0 0 1
4730 1 0 0 0 1
4740 1 0 0 0 1
4750 1 0 0 0 1
4760 1 0 0 0 1
4770 1 0 0 0 1
4780 1 0 0 1 1
4790 1 0 0 1 1
4800 1 0 0 1 1
4810 1 0 0 1 1
4820 1 0 1 0 1
4830 0 1 1 0 1
4840 0 0 1 0 1
4850 0 0 1 0 1
4860 0 0 1 0 1
4870 0 0 1 0 1
4880 0 0 1 0 1
4890 0 0 1 0 1
4900 0 0 1 0 1
4910 0 0 1 0 1
4920 0 0 1 0 1
4930 0 0 1 0 1
4940 0 0 1 0 1
4950 0 0 1 0 1
4960 0 0 1 0 1
4970 0 0 1 0 1
4980 0 0 1 0 1
4990 0 0 1 0 1
5000 0 0 1 0 1
5010 0 0 1 0 1
5020 0 0 1 0 1
5030 0 0 1 0 0
5040 0 0 1 0 0
5050 0 0 1 0 0
5060 0 0 1 0 0
5070 0 0 0 0 0
5080 0 0 0 0 0
5090 0 0 0 0 0
5100 0 0 0 0 0
5110 0 0 0 0 0
