0 0 0 0 0 0
10 0 0 0 0 0
20 0 0 0 0 0
30 0 0 0 0 0
40 0 0 0 0 0
50 0 0 0 0 0
60 0 0 0 0 0
70 0 0 0 0 0
80 0 0 0 0 0
90 0 0 0 0 0
100 0 0 0 0 0
110 0 0 0 0 0
120 0 0 0 0 0
130 0 0 0 0 0
140 0 0 0 0 0
150 0 0 0 0 0
160 0 0 0 0 0
170 0 0 0 0 0
180 0 0 0 0 0
190 0 0 0 0 0
200 0 0 0 0 0
210 0 0 0 0 0
220 0 0 0 0 0
230 0 0 0 0 0
240 0 1 0 0 0
250 1 0 0 0 0
260 1 0 0 0 0
270 1 0 0 0 0
280 1 0 0 0 0
290 1 0 0 0 1
300 1 0 0 0 1
310 1 0 0 0 1
320 1 0 0 0 1
330 1 0 0 0 1
340 1 0 0 0 1
350 1 0 0 0 1
360 1 0 0 0 1
370 1 0 0 1 1
380 1 0 1 0 1
390 1 0 1 0 1
400 0 1 1 0 1
410 0 0 1 0 1
420 0 0 1 0 1
430 0 0 1 0 1
440 0 0 1 0 1
450 0 0 1 0 1
460 0 0 1 0 1
470 0 0 1 0 1
480 0 0 1 0 1
490 0 0 1 0 0
500 0 0 1 0 0
510 0 0 1 0 0
520 0 0 1 0 0
530 0 0 1 0 0
540 0 0 1 0 0
550 0 0 1 0 0
560 0 0 0 0 0
570 0 0 0 0 0
580 0 0 0 0 0
590 0 0 0 0 0
600 0 0 0 0 0
610 0 0 0 0 0
620 0 0 0 0 0
630 0 0 0 0 0
640 0 0 0 0 0
650 0 0 0 0 0
660 0 0 0 0 0
670 0 1 0 0 0
680 0 1 0 0 0
690 1 0 0 0 0
700 1 0 0 0 0
710 1 0 0 0 1
720 1 0 0 0 1
730 1 0 0 0 1
740 1 0 0 0 1
750 1 0 0 0 1
760 1 0 0 0 1
770 1 0 0 0 1
780 1 0 0 0 1
790 1 0 0 1 1
800 1 0 1 0 1
810 1 0 1 0 1
820 0 1 1 0 1
830 0 0 1 0 1
840 0 0 1 0 1
850 0 0 1 0 1
860 0 0 1 0 1
870 0 0 1 0 1
880 0 0 1 0 1
890 0 0 1 0 0
900 0 0 1 0 0
910 0 0 1 0 0
920 0 0 1 0 0
930 0 0 0 0 0
940 0 0 0 0 0
950 0 0 0 0 0
960 0 0 0 0 0
970 0 0 0 0 0
980 0 0 0 0 0
990 0 0 0 0 0
1000 0 0 0 0 0
1010 0 0 0 0 0
1020 0 0 0 0 0
1030 0 0 0 0 0
1040 0 0 0 0 0
1050 0 0 0 0 0
1060 0 1 0 0 0
1070 1 0 0 0 0
1080 1 0 0 0 0
1090 1 0 0 0 0
1100 1 0 0 0 0
1110 1 0 0 0 0
1120 1 0 0 0 1
1130 1 0 0 0 1
1140 1 0 0 0 1
1150 1 0 0 0 1
1160 1 0 0 0 1
1170 1 0 0 0 1
1180 1 0 0 0 1
1190 1 0 0 0 1
1200 1 0 0 0 1
1210 1 0 0 0 1
1220 1 0 0 0 1
1230 1 0 0 0 1
1240 1 0 0 0 1
1250 1 0 0 0 1
1260 1 0 0 0 1
1270 1 0 0 0 1
1280 1 0 0 1 1
1290 1 0 1 0 1
1300 1 0 1 0 1
1310 0 1 1 0 1
1320 0 0 1 0 1
1330 0 0 1 0 1
1340 0 0 1 0 1
1350 0 0 1 0 1
1360 0 0 1 0 1
1370 0 0 1 0 1
1380 0 0 1 0 1
1390 0 0 1 0 1
1400 0 0 1 0 0
1410 0 0 1 0 0
1420 0 0 0 0 0
1430 0 0 0 0 0
1440 0 0 0 0 0
1450 0 0 0 0 0
1460 0 0 0 0 0
