0 0 0 0 0 0
10 0 0 0 0 0
20 0 0 0 0 0
30 0 0 0 0 0
40 0 0 0 0 0
50 0 0 0 0 0
60 0 0 0 0 0
70 0 0 0 0 0
80 0 0 0 0 0
90 0 0 0 0 0
100 0 0 0 0 0
110 0 0 0 0 0
120 0 0 0 0 0
130 0 0 0 0 0
140 0 0 0 0 0
150 0 0 0 0 0
160 0 0 0 0 0
170 0 0 0 0 0
180 0 0 0 0 0
190 0 0 0 0 0
200 0 0 0 0 0
210 0 0 0 0 0
220 0 0 0 0 0
230 0 0 0 0 0
240 0 0 0 0 0
250 0 0 0 0 0
260 0 0 0 0 0
270 0 0 0 0 0
280 0 0 0 0 0
290 0 0 0 0 0
300 0 1 0 0 0
310 0 1 0 0 0
320 0 1 0 0 0
330 0 1 0 0 0
340 0 1 0 0 0
350 1 0 0 0 0
360 1 0 0 0 0
370 1 0 0 0 0
380 1 0 0 0 0
390 1 0 0 0 0
400 1 0 0 0 0
410 1 0 0 0 0
420 1 0 0 0 1
430 1 0 0 0 1
440 1 0 0 0 1
450 1 0 0 0 1
460 1 0 0 0 1
470 1 0 0 0 1
480 1 0 0 0 1
490 1 0 0 0 1
500 1 0 0 0 1
510 1 0 0 0 1
520 1 0 0 1 1
530 1 0 0 1 1
540 1 0 1 0 1
550 1 0 1 0 1
560 0 1 1 0 1
570 0 0 1 0 1
580 0 0 1 0 1
590 0 0 1 0 1
600 0 0 1 0 1
610 0 0 1 0 1
620 0 0 1 0 1
630 0 0 1 0 1
640 0 0 1 0 1
650 0 0 1 0 1
660 0 0 1 0 1
670 0 0 1 0 1
680 0 0 1 0 1
690 0 0 1 0 1
700 0 0 1 0 1
710 0 0 1 0 1
720 0 0 1 0 1
730 0 0 1 0 1
740 0 0 1 0 1
750 0 0 1 0 1
760 0 0 1 0 1
770 0 0 1 0 0
780 0 0 1 0 0
790 0 0 1 0 0
800 0 0 1 0 0
810 0 0 1 0 0
820 0 0 0 0 0
830 0 0 0 0 0
840 0 0 0 0 0
850 0 0 0 0 0
860 0 0 0 0 0
870 0 0 0 0 0
880 0 0 0 0 0
890 0 0 0 0 0
900 0 0 0 0 0
910 0 0 0 0 0
920 0 0 0 0 0
930 0 0 0 0 0
940 0 0 0 0 0
950 0 0 0 0 0
960 0 0 0 0 0
970 0 0 0 0 0
980 0 1 0 0 0
990 0 1 0 0 0
1000 0 1 0 0 0
1010 0 1 0 0 0
1020 0 1 0 0 0
1030 1 0 0 0 0
1040 1 0 0 0 0
1050 1 0 0 0 0
1060 1 0 0 0 0
1070 1 0 0 0 0
1080 1 0 0 0 1
1090 1 0 0 0 1
1100 1 0 0 0 1
1110 1 0 0 0 1
1120 1 0 0 0 1
1130 1 0 0 0 1
1140 1 0 0 0 1
1150 1 0 0 0 1
1160 1 0 0 0 1
1170 1 0 0 0 1
1180 1 0 0 0 1
1190 1 0 0 0 1
1200 1 0 0 1 1
1210 1 0 0 1 1
1220 1 0 1 0 1
1230 0 0 1 0 1
1240 0 0 1 0 1
1250 0 0 1 0 1
1260 0 0 1 0 1
1270 0 0 1 0 1
1280 0 0 1 0 1
1290 0 0 1 0 1
1300 0 0 1 0 1
1310 0 0 1 0 1
1320 0 0 1 0 1
1330 0 0 1 0 1
1340 0 0 1 0 1
1350 0 0 1 0 1
1360 0 0 1 0 1
1370 0 0 1 0 1
1380 0 0 1 0 1
1390 0 0 1 0 1
1400 0 0 1 0 1
1410 0 0 1 0 1
1420 0 0 1 0 1
1430 0 0 1 0 1
1440 0 0 1 0 1
1450 0 0 1 0 1
1460 0 0 1 0 0
1470 0 0 1 0 0
1480 0 0 1 0 0
1490 0 0 1 0 0
1500 0 0 1 0 0
1510 0 0 1 0 0
1520 0 0 0 0 0
1530 0 0 0 0 0
1540 0 0 0 0 0
1550 0 0 0 0 0
1560 0 0 0 0 0
1570 0 0 0 0 0
1580 0 0 0 0 0
1590 0 0 0 0 0
1600 0 0 0 0 0
1610 0 0 0 0 0
1620 0 0 0 0 0
1630 0 0 0 0 0
1640 0 0 0 0 0
1650 0 0 0 0 0
1660 0 0 0 0 0
1670 0 0 0 0 0
1680 0 0 0 0 0
1690 0 0 0 0 0
1700 0 0 0 0 0
1710 0 0 0 0 0
1720 0 0 0 0 0
1730 0 0 0 0 0
1740 0 0 0 0 0
1750 0 0 0 0 0
1760 0 0 0 0 0
1770 0 0 0 0 0
1780 0 0 0 0 0
1790 0 0 0 0 0
1800 0 0 0 0 0
1810 0 0 0 0 0
1820 0 0 0 0 0
1830 0 0 0 0 0
1840 0 1 0 0 0
1850 0 1 0 0 0
1860 1 0 0 0 0
1870 1 0 0 0 0
1880 1 0 0 0 0
1890 1 0 0 0 0
1900 1 0 0 0 0
1910 1 0 0 0 0
1920 1 0 0 0 1
1930 1 0 0 0 1
1940 1 0 0 0 1
1950 1 0 0 0 1
1960 1 0 0 0 1
1970 1 0 0 0 1
1980 1 0 0 0 1
1990 1 0 0 0 1
2000 1 0 0 0 1
2010 1 0 0 0 1
2020 1 0 0 0 1
2030 1 0 0 0 1
2040 1 0 0 0 1
2050 1 0 0 0 1
2060 1 0 0 0 1
2070 1 0 0 0 1
2080 1 0 0 0 1
2090 1 0 0 0 1
2100 1 0 0 0 1
2110 1 0 0 0 1
2120 1 0 0 0 1
2130 1 0 0 0 1
2140 1 0 0 0 1
2150 1 0 0 1 1
2160 1 0 1 0 1
2170 1 0 1 0 1
2180 1 0 1 0 1
2190 0 1 1 0 1
2200 0 0 1 0 1
2210 0 0 1 0 1
2220 0 0 1 0 1
2230 0 0 1 0 1
2240 0 0 1 0 1
2250 0 0 1 0 1
2260 0 0 1 0 1
2270 0 0 1 0 1
2280 0 0 1 0 1
2290 0 0 1 0 1
2300 0 0 1 0 1
2310 0 0 1 0 1
2320 0 0 1 0 1
2330 0 0 1 0 1
2340 0 0 1 0 1
2350 0 0 1 0 1
2360 0 0 1 0 1
2370 0 0 1 0 1
2380 0 0 1 0 1
2390 0 0 1 0 1
2400 0 0 1 0 1
2410 0 0 1 0 1
2420 0 0 1 0 1
2430 0 0 1 0 1
2440 0 0 1 0 0
2450 0 0 1 0 0
2460 0 0 1 0 0
2470 0 0 1 0 0
2480 0 0 1 0 0
2490 0 0 1 0 0
2500 0 0 0 0 0
2510 0 0 0 0 0
2520 0 0 0 0 0
2530 0 0 0 0 0
2540 0 0 0 0 0
2550 0 0 0 0 0
