0 0 0 0 0 0
10 0 0 0 0 0
20 0 0 0 0 0
30 0 0 0 0 0
40 0 0 0 0 0
50 0 0 0 0 0
60 0 0 0 0 0
70 0 0 0 0 0
80 0 0 0 0 0
90 0 0 0 0 0
100 0 0 0 0 0
110 0 0 0 0 0
120 0 0 0 0 0
130 0 0 0 0 0
140 0 0 0 0 0
150 0 0 0 0 0
160 0 0 0 0 0
170 0 0 0 0 0
180 0 0 0 0 0
190 0 0 0 0 0
200 0 0 0 0 0
210 0 0 0 0 0
220 0 0 0 0 0
230 0 0 0 0 0
240 0 0 0 0 0
250 0 0 0 0 0
260 0 0 0 0 0
270 0 0 0 0 0
280 0 0 0 0 0
290 0 0 0 0 0
300 0 0 0 0 0
310 0 0 0 0 0
320 0 0 0 0 0
330 0 0 0 0 0
340 0 0 0 0 0
350 0 0 0 0 0
360 0 0 0 0 0
370 0 0 0 0 0
380 0 0 0 0 0
390 0 0 0 0 0
400 0 0 0 0 0
410 0 0 0 0 0
420 0 0 0 0 0
430 0 0 0 0 0
440 0 0 0 0 0
450 0 0 0 0 0
460 0 0 0 0 0
470 0 0 0 0 0
480 0 0 0 0 0
490 0 0 0 0 0
500 0 0 0 0 0
510 0 0 0 0 0
520 0 0 0 0 0
530 0 0 0 0 0
540 0 0 0 0 0
550 0 0 0 0 0
560 0 0 0 0 0
570 0 0 0 0 0
580 0 0 0 0 0
590 0 0 0 0 0
600 0 0 0 0 0
610 0 0 0 0 0
620 0 0 0 0 0
630 0 0 0 0 0
640 0 0 0 0 0
650 0 0 0 0 0
660 0 0 0 0 0
670 0 0 0 0 0
680 0 0 0 0 0
690 0 0 0 0 0
700 0 0 0 0 0
710 0 0 0 0 0
720 0 0 0 0 0
730 0 0 0 0 0
740 0 0 0 0 0
750 0 0 0 0 0
760 0 0 0 0 0
770 0 0 0 0 0
780 0 0 0 0 0
790 0 0 0 0 0
800 0 0 0 0 0
810 0 0 0 0 0
820 0 0 0 0 0
830 0 0 0 0 0
840 0 0 0 0 0
850 0 0 0 0 0
860 0 0 0 0 0
870 0 0 0 0 0
880 0 0 0 0 0
890 0 0 0 0 0
900 0 0 0 0 0
910 0 0 0 0 0
920 0 0 0 0 0
930 0 0 0 0 0
940 0 0 0 0 0
950 0 0 0 0 0
960 0 0 0 0 0
970 0 0 0 0 0
980 0 0 0 0 0
990 0 0 0 0 0
1000 0 0 0 0 0
1010 0 0 0 0 0
1020 0 0 0 0 0
1030 0 0 0 0 0
1040 0 0 0 0 0
1050 0 0 0 0 0
1060 0 0 0 1 0
1070 0 0 0 1 0
1080 0 0 0 1 0
1090 0 0 1 0 0
1100 0 0 1 0 0
1110 0 0 1 0 0
1120 0 0 1 0 0
1130 0 0 1 0 0
1140 0 0 1 0 0
1150 0 0 1 0 1
1160 0 0 1 0 1
1170 0 0 1 0 1
1180 0 0 1 0 1
1190 0 0 1 0 1
1200 0 0 1 0 1
1210 0 0 1 0 1
1220 0 0 1 0 1
1230 0 0 1 0 1
1240 0 0 1 0 1
1250 0 0 1 0 1
1260 0 0 1 0 1
1270 0 0 1 0 1
1280 0 0 1 0 1
1290 0 0 1 0 1
1300 0 0 1 0 1
1310 0 1 1 0 1
1320 0 1 1 0 1
1330 1 0 1 0 1
1340 1 0 1 0 1
1350 1 0 1 0 1
1360 1 0 1 0 1
1370 1 0 0 1 1
1380 1 0 0 0 1
1390 1 0 0 0 1
1400 1 0 0 0 1
1410 1 0 0 0 1
1420 1 0 0 0 1
1430 1 0 0 0 1
1440 1 0 0 0 1
1450 1 0 0 0 1
1460 1 0 0 0 1
1470 1 0 0 0 1
1480 1 0 0 0 1
1490 1 0 0 0 1
1500 1 0 0 0 1
1510 1 0 0 0 1
1520 1 0 0 0 1
1530 1 0 0 0 0
1540 1 0 0 0 0
1550 1 0 0 0 0
1560 1 0 0 0 0
1570 1 0 0 0 0
1580 1 0 0 0 0
1590 1 0 0 0 0
1600 1 0 0 0 0
1610 1 0 0 0 0
1620 1 0 0 0 0
1630 1 0 0 0 0
1640 1 0 0 0 0
1650 0 1 0 0 0
1660 0 0 0 0 0
1670 0 0 0 0 0
1680 0 0 0 0 0
1690 0 0 0 0 0
1700 0 0 0 0 0
1710 0 0 0 0 0
1720 0 0 0 0 0
1730 0 0 0 0 0
1740 0 0 0 0 0
1750 0 0 0 0 0
1760 0 0 0 0 0
1770 0 0 0 0 0
1780 0 0 0 0 0
1790 0 0 0 0 0
1800 0 0 0 0 0
1810 0 0 0 0 0
1820 0 0 0 0 0
1830 0 0 0 0 0
1840 0 0 0 0 0
1850 0 0 0 0 0
1860 0 0 0 0 0
1870 0 0 0 0 0
1880 0 0 0 0 0
1890 0 0 0 0 0
1900 0 0 0 0 0
1910 0 0 0 0 0
1920 0 0 0 0 0
1930 0 0 0 0 0
1940 0 0 0 0 0
1950 0 0 0 0 0
1960 0 0 0 0 0
1970 0 0 0 0 0
1980 0 0 0 0 0
1990 0 0 0 0 0
2000 0 0 0 0 0
2010 0 0 0 0 0
2020 0 0 0 0 0
2030 0 0 0 0 0
2040 0 0 0 0 0
2050 0 0 0 0 0
2060 0 0 0 0 0
2070 0 0 0 0 0
2080 0 0 0 0 0
2090 0 0 0 0 0
2100 0 0 0 1 0
2110 0 0 0 1 0
2120 0 0 0 1 0
2130 0 0 0 1 0
2140 0 0 0 1 0
2150 0 0 0 1 0
2160 0 0 0 1 0
2170 0 0 0 1 0
2180 0 0 0 1 0
2190 0 0 0 1 0
2200 0 0 0 1 0
2210 0 0 0 1 0
2220 0 0 0 1 0
2230 0 0 0 1 0
2240 0 0 0 1 0
2250 0 0 0 1 0
2260 0 0 0 1 0
2270 0 0 0 1 0
2280 0 0 0 1 0
2290 0 0 0 1 0
2300 0 0 0 1 0
2310 0 0 0 1 0
2320 0 0 0 1 0
2330 0 0 0 1 0
2340 0 0 1 0 0
2350 0 0 1 0 0
2360 0 0 1 0 0
2370 0 0 1 0 0
2380 0 0 1 0 0
2390 0 0 1 0 0
2400 0 0 1 0 1
2410 0 0 1 0 1
2420 0 0 1 0 1
2430 0 0 1 0 1
2440 0 0 1 0 1
2450 0 0 1 0 1
2460 0 0 1 0 1
2470 0 0 1 0 1
2480 0 0 1 0 1
2490 0 0 1 0 1
2500 0 0 1 0 1
2510 0 0 1 0 1
2520 0 0 1 0 1
2530 0 0 1 0 1
2540 0 0 1 0 1
2550 0 0 1 0 1
2560 0 0 1 0 1
2570 0 0 1 0 1
2580 0 0 1 0 1
2590 0 0 1 0 1
2600 0 0 1 0 1
2610 0 0 1 0 1
2620 0 0 1 0 1
2630 0 0 1 0 1
2640 0 0 1 0 1
2650 0 1 1 0 1
2660 0 1 1 0 1
2670 0 1 1 0 1
2680 1 0 1 0 1
2690 1 0 1 0 1
2700 1 0 1 0 1
2710 1 0 1 0 1
2720 1 0 0 1 1
2730 1 0 0 1 1
2740 1 0 0 1 1
2750 1 0 0 1 1
2760 1 0 0 1 1
2770 1 0 0 0 1
2780 1 0 0 0 1
2790 1 0 0 0 1
2800 1 0 0 0 1
2810 1 0 0 0 1
2820 1 0 0 0 1
2830 1 0 0 0 1
2840 1 0 0 0 0
2850 1 0 0 0 0
2860 1 0 0 0 0
2870 1 0 0 0 0
2880 1 0 0 0 0
2890 1 0 0 0 0
2900 0 0 0 0 0
2910 0 0 0 0 0
2920 0 0 0 0 0
2930 0 0 0 0 0
2940 0 0 0 0 0
2950 0 0 0 0 0
2960 0 0 0 0 0
2970 0 0 0 0 0
2980 0 0 0 0 0
2990 0 0 0 0 0
3000 0 0 0 0 0
3010 0 0 0 0 0
3020 0 0 0 0 0
3030 0 0 0 0 0
3040 0 0 0 0 0
3050 0 0 0 0 0
3060 0 0 0 0 0
3070 0 0 0 0 0
3080 0 0 0 0 0
3090 0 0 0 0 0
3100 0 0 0 0 0
3110 0 0 0 0 0
3120 0 0 0 0 0
3130 0 0 0 0 0
3140 0 0 0 0 0
3150 0 0 0 0 0
3160 0 0 0 1 0
3170 0 0 0 1 0
3180 0 0 0 1 0
3190 0 0 1 0 0
3200 0 0 1 0 0
3210 0 0 1 0 0
3220 0 0 1 0 0
3230 0 0 1 0 1
3240 0 0 1 0 1
3250 0 0 1 0 1
3260 0 0 1 0 1
3270 0 0 1 0 1
3280 0 0 1 0 1
3290 0 0 1 0 1
3300 0 0 1 0 1
3310 0 0 1 0 1
3320 0 0 1 0 1
3330 0 0 1 0 1
3340 0 0 1 0 1
3350 0 0 1 0 1
3360 0 0 1 0 1
3370 0 1 1 0 1
3380 0 1 1 0 1
3390 1 0 1 0 1
3400 1 0 1 0 1
3410 1 0 1 0 1
3420 1 0 1 0 1
3430 1 0 0 1 1
3440 1 0 0 1 1
3450 1 0 0 1 1
3460 1 0 0 1 1
3470 1 0 0 1 1
3480 1 0 0 1 1
3490 1 0 0 1 1
3500 1 0 0 0 1
3510 1 0 0 0 1
3520 1 0 0 0 1
3530 1 0 0 0 1
3540 1 0 0 0 1
3550 1 0 0 0 1
3560 1 0 0 0 1
3570 1 0 0 0 1
3580 1 0 0 0 1
3590 1 0 0 0 0
3600 1 0 0 0 0
3610 1 0 0 0 0
3620 1 0 0 0 0
3630 1 0 0 0 0
3640 1 0 0 0 0
3650 1 0 0 0 0
3660 1 0 0 0 0
3670 1 0 0 0 0
3680 1 0 0 0 0
3690 1 0 0 0 0
3700 1 0 0 0 0
3710 1 0 0 0 0
3720 1 0 0 0 0
3730 1 0 0 0 0
3740 1 0 0 0 0
3750 1 0 0 0 0
3760 1 0 0 0 0
3770 1 0 0 0 0
3780 1 0 0 0 0
3790 1 0 0 0 0
3800 1 0 0 0 0
3810 1 0 0 0 0
3820 1 0 0 0 0
3830 1 0 0 0 0
3840 0 0 0 0 0
3850 0 0 0 0 0
3860 0 0 0 0 0
3870 0 0 0 0 0
