0 0 0 0 0 0
10 0 0 0 0 0
20 0 0 0 0 0
30 0 0 0 0 0
40 0 0 0 0 0
50 0 0 0 0 0
60 0 0 0 0 0
70 0 0 0 0 0
80 0 0 0 0 0
90 0 0 0 0 0
100 0 0 0 0 0
110 0 0 0 0 0
120 0 0 0 0 0
130 0 0 0 0 0
140 0 0 0 0 0
150 0 0 0 0 0
160 0 0 0 0 0
170 0 0 0 0 0
180 0 0 0 0 0
190 0 0 0 0 0
200 0 0 0 0 0
210 0 0 0 0 0
220 0 0 0 0 0
230 0 0 0 0 0
240 0 0 0 0 0
250 0 0 0 0 0
260 0 0 0 0 0
270 0 0 0 0 0
280 0 0 0 0 0
290 0 0 0 0 0
300 0 0 0 0 0
310 0 0 0 0 0
320 0 0 0 0 0
330 0 0 0 0 0
340 0 0 0 0 0
350 0 0 0 0 0
360 0 0 0 0 0
370 0 0 0 0 0
380 0 0 0 0 0
390 0 0 0 0 0
400 0 1 0 0 0
410 0 1 0 0 0
420 0 1 0 0 0
430 0 1 0 0 0
440 0 1 0 0 0
450 0 1 0 0 0
460 0 1 0 0 0
470 1 0 0 0 0
480 1 0 0 0 0
490 1 0 0 0 0
500 1 0 0 0 0
510 1 0 0 0 0
520 1 0 0 0 0
530 1 0 0 0 0
540 1 0 0 0 0
550 1 0 0 0 0
560 1 0 0 0 0
570 1 0 0 0 1
580 1 0 0 0 1
590 1 0 0 0 1
600 1 0 0 0 1
610 1 0 0 0 1
620 1 0 0 0 1
630 1 0 0 0 1
640 1 0 0 0 1
650 1 0 0 0 1
660 1 0 0 0 1
670 1 0 0 0 1
680 1 0 0 0 1
690 1 0 0 0 1
700 1 0 0 0 1
710 1 0 0 0 1
720 1 0 0 1 1
730 1 0 0 1 1
740 1 0 0 1 1
750 1 0 0 1 1
760 1 0 0 1 1
770 1 0 0 1 1
780 1 0 0 1 1
790 1 0 1 0 1
800 1 0 1 0 1
810 1 0 1 0 1
820 1 0 1 0 1
830 0 1 1 0 1
840 0 1 1 0 1
850 0 0 1 0 1
860 0 0 1 0 1
870 0 0 1 0 1
880 0 0 1 0 1
890 0 0 1 0 1
900 0 0 1 0 1
910 0 0 1 0 1
920 0 0 1 0 1
930 0 0 1 0 1
940 0 0 1 0 1
950 0 0 1 0 1
960 0 0 1 0 1
970 0 0 1 0 1
980 0 0 1 0 1
990 0 0 1 0 1
1000 0 0 1 0 1
1010 0 0 1 0 1
1020 0 0 1 0 1
1030 0 0 1 0 1
1040 0 0 1 0 1
1050 0 0 1 0 1
1060 0 0 1 0 1
1070 0 0 1 0 1
1080 0 0 1 0 1
1090 0 0 1 0 1
1100 0 0 1 0 1
1110 0 0 1 0 1
1120 0 0 1 0 1
1130 0 0 1 0 1
1140 0 0 1 0 1
1150 0 0 1 0 1
1160 0 0 1 0 1
1170 0 0 1 0 1
1180 0 0 1 0 1
1190 0 0 1 0 1
1200 0 0 1 0 1
1210 0 0 1 0 1
1220 0 0 1 0 1
1230 0 0 1 0 1
1240 0 0 1 0 1
1250 0 0 1 0 1
1260 0 0 1 0 1
1270 0 0 1 0 1
1280 0 0 1 0 1
1290 0 0 1 0 1
1300 0 0 1 0 1
1310 0 0 1 0 1
1320 0 0 1 0 1
1330 0 0 1 0 1
1340 0 0 1 0 1
1350 0 0 1 0 1
1360 0 0 1 0 1
1370 0 0 1 0 0
1380 0 0 1 0 0
1390 0 0 1 0 0
1400 0 0 1 0 0
1410 0 0 1 0 0
1420 0 0 1 0 0
1430 0 0 1 0 0
1440 0 0 0 0 0
1450 0 0 0 0 0
1460 0 0 0 0 0
1470 0 0 0 0 0
1480 0 0 0 0 0
1490 0 0 0 0 0
1500 0 0 0 0 0
1510 0 0 0 0 0
1520 0 0 0 0 0
1530 0 0 0 0 0
1540 0 0 0 0 0
1550 0 0 0 0 0
1560 0 0 0 0 0
1570 0 0 0 0 0
1580 0 0 0 0 0
1590 0 0 0 0 0
1600 0 0 0 0 0
1610 0 0 0 0 0
1620 0 0 0 0 0
1630 0 0 0 0 0
1640 0 0 0 0 0
1650 0 1 0 0 0
1660 0 1 0 0 0
1670 0 1 0 0 0
1680 0 1 0 0 0
1690 0 1 0 0 0
1700 0 1 0 0 0
1710 1 0 0 0 0
1720 1 0 0 0 0
1730 1 0 0 0 0
1740 1 0 0 0 0
1750 1 0 0 0 0
1760 1 0 0 0 0
1770 1 0 0 0 1
1780 1 0 0 0 1
1790 1 0 0 0 1
1800 1 0 0 0 1
1810 1 0 0 0 1
1820 1 0 0 0 1
1830 1 0 0 0 1
1840 1 0 0 0 1
1850 1 0 0 1 1
1860 1 0 1 0 1
1870 1 0 1 0 1
1880 1 0 1 0 1
1890 1 0 1 0 1
1900 0 0 1 0 1
1910 0 0 1 0 1
1920 0 0 1 0 1
1930 0 0 1 0 1
1940 0 0 1 0 1
1950 0 0 1 0 1
1960 0 0 1 0 0
1970 0 0 1 0 0
1980 0 0 1 0 0
1990 0 0 1 0 0
2000 0 0 1 0 0
2010 0 0 1 0 0
2020 0 0 0 0 0
2030 0 0 0 0 0
2040 0 0 0 0 0
2050 0 0 0 0 0
2060 0 0 0 0 0
2070 0 0 0 0 0
2080 0 0 0 0 0
2090 0 0 0 0 0
2100 0 0 0 0 0
2110 0 0 0 0 0
2120 0 0 0 0 0
2130 0 0 0 0 0
2140 0 0 0 0 0
2150 0 0 0 0 0
2160 0 0 0 0 0
2170 0 1 0 0 0
2180 0 1 0 0 0
2190 1 0 0 0 0
2200 1 0 0 0 0
2210 1 0 0 0 0
2220 1 0 0 0 0
2230 1 0 0 0 0
2240 1 0 0 0 0
2250 1 0 0 0 0
2260 1 0 0 0 0
2270 1 0 0 0 1
2280 1 0 0 0 1
2290 1 0 0 0 1
2300 1 0 0 0 1
2310 1 0 0 0 1
2320 1 0 0 0 1
2330 1 0 0 0 1
2340 1 0 0 0 1
2350 1 0 0 0 1
2360 1 0 0 1 1
2370 1 0 0 1 1
2380 1 0 1 0 1
2390 1 0 1 0 1
2400 1 0 1 0 1
2410 0 1 1 0 1
2420 0 0 1 0 1
2430 0 0 1 0 1
2440 0 0 1 0 1
2450 0 0 1 0 1
2460 0 0 1 0 1
2470 0 0 1 0 1
2480 0 0 1 0 1
2490 0 0 1 0 0
2500 0 0 1 0 0
2510 0 0 1 0 0
2520 0 0 1 0 0
2530 0 0 0 0 0
2540 0 0 0 0 0
2550 0 0 0 0 0
2560 0 0 0 0 0
2570 0 0 0 0 0
