0 0 0 0 0 0
10 0 0 0 0 0
20 0 0 0 0 0
30 0 0 0 0 0
40 0 0 0 0 0
50 0 0 0 0 0
60 0 0 0 0 0
70 0 0 0 0 0
80 0 0 0 0 0
90 0 0 0 0 0
100 0 0 0 0 0
110 0 0 0 0 0
120 0 0 0 0 0
130 0 0 0 0 0
140 0 0 0 0 0
150 0 0 0 0 0
160 0 0 0 0 0
170 0 0 0 0 0
180 0 0 0 0 0
190 0 0 0 0 0
200 0 0 0 0 0
210 0 0 0 0 0
220 0 0 0 0 0
230 0 0 0 0 0
240 0 0 0 0 0
250 0 0 0 0 0
260 0 0 0 0 0
270 0 0 0 0 0
280 0 0 0 0 0
290 0 0 0 0 0
300 0 0 0 0 0
310 0 0 0 0 0
320 0 0 0 0 0
330 0 0 0 0 0
340 0 0 0 0 0
350 0 0 0 0 0
360 0 0 0 0 0
370 0 0 0 0 0
380 0 0 0 0 0
390 0 0 0 0 0
400 0 0 0 0 0
410 0 0 0 0 0
420 0 0 0 0 0
430 0 0 0 0 0
440 0 0 0 0 0
450 0 0 0 0 0
460 0 0 0 0 0
470 0 0 0 0 0
480 0 0 0 0 0
490 0 0 0 0 0
500 0 0 0 0 0
510 0 0 0 0 0
520 0 0 0 0 0
530 0 0 0 0 0
540 0 0 0 0 0
550 0 0 0 0 0
560 0 0 0 0 0
570 0 0 0 0 0
580 0 0 0 0 0
590 0 0 0 0 0
600 0 0 0 0 0
610 0 0 0 0 0
620 0 0 0 0 0
630 0 0 0 0 0
640 0 0 0 0 0
650 0 0 0 0 0
660 0 0 0 0 0
670 0 0 0 0 0
680 0 0 0 0 0
690 0 0 0 0 0
700 0 0 0 0 0
710 0 0 0 0 0
720 0 0 0 0 0
730 0 0 0 0 0
740 0 0 0 0 0
750 0 0 0 0 0
760 0 0 0 0 0
770 0 0 0 0 0
780 0 0 0 0 0
790 0 0 0 0 0
800 0 0 0 0 0
810 0 0 0 0 0
820 0 0 0 0 0
830 0 0 0 0 0
840 0 0 0 0 0
850 0 0 0 0 0
860 0 0 0 0 0
870 0 0 0 0 0
880 0 0 0 0 0
890 0 0 0 0 0
900 0 0 0 0 0
910 0 0 0 0 0
920 0 0 0 0 0
930 0 0 0 0 0
940 0 0 0 0 0
950 0 0 0 0 0
960 0 0 0 0 0
970 0 1 0 0 0
980 0 1 0 0 0
990 0 1 0 0 0
1000 0 1 0 0 0
1010 0 1 0 0 0
1020 0 1 0 0 0
1030 0 1 0 0 0
1040 1 0 0 0 0
1050 1 0 0 0 0
1060 1 0 0 0 0
1070 1 0 0 0 0
1080 1 0 0 0 0
1090 1 0 0 0 0
1100 1 0 0 0 0
1110 1 0 0 0 1
1120 1 0 0 0 1
1130 1 0 0 0 1
1140 1 0 0 0 1
1150 1 0 0 0 1
1160 1 0 0 0 1
1170 1 0 0 0 1
1180 1 0 0 0 1
1190 1 0 0 0 1
1200 1 0 0 0 1
1210 1 0 0 0 1
1220 1 0 0 0 1
1230 1 0 0 0 1
1240 1 0 0 0 1
1250 1 0 0 1 1
1260 1 0 0 1 1
1270 1 0 1 0 1
1280 1 0 1 0 1
1290 1 0 1 0 1
1300 0 1 1 0 1
1310 0 0 1 0 1
1320 0 0 1 0 1
1330 0 0 1 0 1
1340 0 0 1 0 1
1350 0 0 1 0 1
1360 0 0 1 0 1
1370 0 0 1 0 1
1380 0 0 1 0 1
1390 0 0 1 0 1
1400 0 0 1 0 1
1410 0 0 1 0 1
1420 0 0 1 0 1
1430 0 0 1 0 1
1440 0 0 1 0 0
1450 0 0 1 0 0
1460 0 0 0 1 0
1470 0 0 0 0 0
1480 0 0 0 0 0
1490 0 0 0 0 0
1500 0 0 0 0 0
1510 0 0 0 0 0
1520 0 0 0 0 0
1530 0 0 0 0 0
1540 0 0 0 0 0
1550 0 0 0 0 0
1560 0 0 0 0 0
1570 0 0 0 0 0
1580 0 0 0 0 0
1590 0 0 0 0 0
1600 0 0 0 0 0
1610 0 0 0 0 0
1620 0 1 0 0 0
1630 0 1 0 0 0
1640 0 0 0 0 0
1650 0 0 0 0 0
1660 0 0 0 0 0
1670 0 0 0 0 0
1680 0 0 0 0 0
1690 0 0 0 0 0
1700 0 0 0 0 0
1710 0 0 0 0 0
1720 0 1 0 0 0
1730 0 1 0 0 0
1740 1 0 0 0 0
1750 1 0 0 0 0
1760 1 0 0 0 0
1770 1 0 0 0 0
1780 1 0 0 0 0
1790 1 0 0 0 0
1800 1 0 0 0 0
1810 1 0 0 0 1
1820 1 0 0 0 1
1830 1 0 0 0 1
1840 1 0 0 0 1
1850 1 0 0 0 1
1860 1 0 0 0 1
1870 1 0 0 0 1
1880 1 0 0 0 1
1890 1 0 0 0 1
1900 1 0 0 0 1
1910 1 0 0 1 1
1920 1 0 0 1 1
1930 1 0 0 1 1
1940 1 0 1 0 1
1950 1 0 1 0 1
1960 0 1 1 0 1
1970 0 0 1 0 1
1980 0 0 1 0 1
1990 0 0 1 0 1
2000 0 0 1 0 1
2010 0 0 1 0 1
2020 0 0 1 0 1
2030 0 0 1 0 1
2040 0 0 1 0 1
2050 0 0 1 0 1
2060 0 0 1 0 1
2070 0 0 1 0 0
2080 0 0 1 0 0
2090 0 0 1 0 0
2100 0 0 1 0 0
2110 0 0 0 1 0
2120 0 0 0 0 0
2130 0 0 0 0 0
2140 0 0 0 0 0
2150 0 0 0 0 0
2160 0 0 0 0 0
2170 0 0 0 0 0
2180 0 0 0 0 0
2190 0 0 0 0 0
2200 0 0 0 0 0
2210 0 0 0 0 0
2220 0 1 0 0 0
2230 0 1 0 0 0
2240 0 1 0 0 0
2250 0 1 0 0 0
2260 0 1 0 0 0
2270 1 0 0 0 0
2280 1 0 0 0 0
2290 1 0 0 0 0
2300 1 0 0 0 0
2310 1 0 0 0 0
2320 1 0 0 0 0
2330 1 0 0 0 1
2340 1 0 0 0 1
2350 1 0 0 0 1
2360 1 0 0 0 1
2370 1 0 0 0 1
2380 1 0 0 0 1
2390 1 0 0 0 1
2400 1 0 0 0 1
2410 1 0 0 1 1
2420 1 0 0 1 1
2430 1 0 0 1 1
2440 1 0 1 0 1
2450 1 0 1 0 1
2460 0 1 1 0 1
2470 0 0 1 0 1
2480 0 0 1 0 1
2490 0 0 1 0 1
2500 0 0 1 0 1
2510 0 0 1 0 1
2520 0 0 1 0 1
2530 0 0 1 0 1
2540 0 0 1 0 1
2550 0 0 1 0 1
2560 0 0 1 0 1
2570 0 0 1 0 1
2580 0 0 1 0 1
2590 0 0 1 0 1
2600 0 0 0 1 1
2610 0 0 0 1 1
2620 0 0 0 1 1
2630 0 0 0 1 1
2640 0 0 0 0 1
2650 0 0 0 0 1
2660 0 0 0 0 1
2670 0 0 0 0 1
2680 0 0 0 0 1
2690 0 0 0 0 1
2700 0 0 0 0 1
2710 0 0 0 0 1
2720 0 0 0 0 1
2730 0 0 0 0 1
2740 0 0 0 0 1
2750 0 0 0 0 1
2760 0 0 0 0 1
2770 0 0 0 0 1
2780 0 0 0 0 1
2790 0 0 0 0 1
2800 0 0 0 0 1
2810 0 0 0 0 1
2820 0 0 0 0 1
2830 0 0 0 0 1
2840 0 0 0 0 1
2850 0 0 0 0 1
2860 0 0 0 0 1
2870 0 0 0 0 1
2880 0 0 0 0 1
2890 0 0 0 0 1
2900 0 0 0 0 1
2910 0 0 0 0 1
2920 0 0 0 0 1
2930 0 0 0 0 1
2940 0 0 0 0 1
2950 0 0 0 0 1
2960 0 0 0 0 1
2970 0 0 0 0 1
2980 0 0 0 0 1
2990 0 0 0 0 1
3000 0 0 0 0 1
3010 0 0 0 0 1
3020 0 0 0 0 1
3030 0 0 0 0 1
3040 0 0 0 0 1
3050 0 0 0 0 1
3060 0 0 0 0 1
3070 0 0 0 0 1
3080 0 0 0 0 1
3090 0 0 0 0 1
3100 0 0 0 0 1
3110 0 0 0 0 1
3120 0 0 0 0 1
3130 0 0 0 0 1
3140 0 0 0 0 1
3150 0 0 0 0 1
3160 0 0 0 0 1
3170 0 0 0 0 1
3180 0 0 0 0 1
3190 0 0 0 0 1
3200 0 0 0 0 1
3210 0 0 0 0 1
3220 0 0 0 0 1
3230 0 0 0 0 1
3240 0 0 0 0 1
3250 0 0 0 0 1
3260 0 0 0 0 1
3270 0 0 0 0 1
3280 0 0 0 0 1
3290 0 0 0 0 1
3300 0 0 0 1 1
3310 0 0 1 0 1
3320 0 0 1 0 1
3330 0 0 1 0 1
3340 0 0 1 0 1
3350 0 0 1 0 1
3360 0 0 1 0 1
3370 0 0 1 0 1
3380 0 0 1 0 0
3390 0 0 1 0 0
3400 0 0 0 1 0
3410 0 0 0 0 0
3420 0 0 0 0 0
3430 0 0 0 0 0
3440 0 0 0 0 0
3450 0 0 0 0 0
3460 0 0 0 0 0
3470 0 0 0 0 0
3480 0 0 0 0 0
3490 0 0 0 0 0
3500 0 0 0 0 0
3510 0 0 0 0 0
3520 0 0 0 0 0
