0 0 0 0 0 0
10 0 0 0 0 0
20 0 0 0 0 0
30 0 0 0 0 0
40 0 0 0 0 0
50 0 0 0 0 0
60 0 0 0 0 0
70 0 0 0 0 0
80 0 0 0 0 0
90 0 0 0 0 0
100 0 0 0 0 0
110 0 0 0 0 0
120 0 0 0 0 0
130 0 0 0 0 0
140 0 0 0 0 0
150 0 0 0 0 0
160 0 0 0 0 0
170 0 0 0 0 0
180 0 0 0 0 0
190 0 0 0 0 0
200 0 0 0 0 0
210 0 0 0 0 0
220 0 0 0 0 0
230 0 0 0 0 0
240 0 0 0 0 0
250 0 0 0 0 0
260 0 0 0 0 0
270 0 0 0 0 0
280 0 0 0 0 0
290 0 0 0 0 0
300 0 0 0 0 0
310 0 0 0 0 0
320 0 0 0 0 0
330 0 0 0 0 0
340 0 0 0 0 0
350 0 0 0 1 0
360 0 0 0 1 0
370 0 0 1 0 0
380 0 0 1 0 0
390 0 0 1 0 0
400 0 0 1 0 0
410 0 0 1 0 0
420 0 0 1 0 0
430 0 0 1 0 0
440 0 0 1 0 0
450 0 0 1 0 0
460 0 0 1 0 1
470 0 0 1 0 1
480 0 0 1 0 1
490 0 0 1 0 1
500 0 0 1 0 1
510 0 0 1 0 1
520 0 1 1 0 1
530 0 1 1 0 1
540 0 1 1 0 1
550 0 1 1 0 1
560 0 1 1 0 1
570 0 1 1 0 1
580 0 1 1 0 1
590 0 1 1 0 1
600 0 1 1 0 1
610 0 1 1 0 1
620 0 1 1 0 1
630 0 1 1 0 1
640 1 0 1 0 1
650 1 0 0 1 1
660 1 0 0 1 1
670 1 0 0 1 1
680 1 0 0 1 1
690 1 0 0 0 1
700 1 0 0 0 1
710 1 0 0 0 1
720 1 0 0 0 1
730 1 0 0 0 1
740 1 0 0 0 1
750 1 0 0 0 1
760 1 0 0 0 1
770 1 0 0 0 1
780 1 0 0 0 1
790 1 0 0 0 1
800 1 0 0 0 0
810 1 0 0 0 0
820 1 0 0 0 0
830 1 0 0 0 0
840 1 0 0 0 0
850 1 0 0 0 0
860 0 0 0 0 0
870 0 0 0 0 0
880 0 0 0 0 0
890 0 0 0 0 0
900 0 0 0 0 0
910 0 0 0 0 0
920 0 0 0 0 0
930 0 0 0 0 0
940 0 0 0 0 0
950 0 0 0 0 0
960 0 0 0 0 0
970 0 0 0 0 0
980 0 0 0 0 0
990 0 0 0 0 0
1000 0 0 0 0 0
1010 0 0 0 0 0
1020 0 0 0 1 0
1030 0 0 0 1 0
1040 0 0 0 1 0
1050 0 0 0 1 0
1060 0 0 1 0 0
1070 0 0 1 0 0
1080 0 0 1 0 0
1090 0 0 1 0 0
1100 0 0 1 0 0
1110 0 0 1 0 0
1120 0 0 1 0 0
1130 0 0 1 0 1
1140 0 0 1 0 1
1150 0 0 1 0 1
1160 0 0 1 0 1
1170 0 0 1 0 1
1180 0 0 1 0 1
1190 0 0 1 0 1
1200 0 0 1 0 1
1210 0 0 1 0 1
1220 0 0 1 0 1
1230 0 0 1 0 1
1240 0 0 1 0 1
1250 0 0 1 0 1
1260 0 0 1 0 1
1270 0 0 1 0 1
1280 0 1 1 0 1
1290 0 1 1 0 1
1300 0 1 1 0 1
1310 0 1 1 0 1
1320 0 1 1 0 1
1330 1 0 1 0 1
1340 1 0 0 1 1
1350 1 0 0 1 1
1360 1 0 0 0 1
1370 1 0 0 0 1
1380 1 0 0 0 1
1390 1 0 0 0 1
1400 1 0 0 0 1
1410 1 0 0 0 1
1420 1 0 0 0 1
1430 1 0 0 0 1
1440 1 0 0 0 1
1450 1 0 0 0 1
1460 1 0 0 0 1
1470 1 0 0 0 1
1480 1 0 0 0 1
1490 1 0 0 0 1
1500 1 0 0 0 1
1510 1 0 0 0 1
1520 1 0 0 0 1
1530 1 0 0 0 0
1540 1 0 0 0 0
1550 1 0 0 0 0
1560 1 0 0 0 0
1570 1 0 0 0 0
1580 1 0 0 0 0
1590 1 0 0 0 0
1600 1 0 0 0 0
1610 1 0 0 0 0
1620 1 0 0 0 0
1630 1 0 0 0 0
1640 1 0 0 0 0
1650 1 0 0 0 0
1660 0 0 0 0 0
1670 0 0 0 0 0
1680 0 0 0 0 0
1690 0 0 0 0 0
1700 0 0 0 0 0
1710 0 0 0 0 0
1720 0 0 0 0 0
1730 0 0 0 0 0
1740 0 0 0 0 0
1750 0 0 0 0 0
1760 0 0 0 0 0
1770 0 0 0 0 0
1780 0 0 0 0 0
1790 0 0 0 0 0
1800 0 0 0 0 0
1810 0 0 0 0 0
1820 0 0 0 0 0
1830 0 0 0 0 0
1840 0 0 0 0 0
1850 0 0 0 0 0
1860 0 0 0 0 0
1870 0 0 0 0 0
1880 0 0 0 0 0
1890 0 0 0 0 0
1900 0 0 0 0 0
1910 0 0 0 0 0
1920 0 0 0 1 0
1930 0 0 0 1 0
1940 0 0 0 1 0
1950 0 0 1 0 0
1960 0 0 1 0 0
1970 0 0 1 0 0
1980 0 0 1 0 0
1990 0 0 1 0 1
2000 0 0 1 0 1
2010 0 0 1 0 1
2020 0 0 1 0 1
2030 0 0 1 0 1
2040 0 0 1 0 1
2050 0 0 1 0 1
2060 0 0 1 0 1
2070 0 0 1 0 1
2080 0 0 1 0 1
2090 0 0 1 0 1
2100 0 0 1 0 1
2110 0 0 1 0 1
2120 0 0 1 0 1
2130 0 1 1 0 1
2140 0 1 1 0 1
2150 0 1 1 0 1
2160 0 1 1 0 1
2170 0 1 1 0 1
2180 0 1 1 0 1
2190 1 0 1 0 1
2200 1 0 1 0 1
2210 1 0 1 0 1
2220 1 0 0 1 1
2230 1 0 0 1 1
2240 1 0 0 0 1
2250 1 0 0 0 1
2260 1 0 0 0 1
2270 1 0 0 0 1
2280 1 0 0 0 1
2290 1 0 0 0 1
2300 1 0 0 0 1
2310 1 0 0 0 1
2320 1 0 0 0 1
2330 1 0 0 0 1
2340 1 0 0 0 1
2350 1 0 0 0 1
2360 1 0 0 0 1
2370 1 0 0 0 1
2380 1 0 0 0 1
2390 1 0 0 0 1
2400 1 0 0 0 1
2410 1 0 0 0 1
2420 1 0 0 0 1
2430 1 0 0 0 1
2440 1 0 0 0 0
2450 1 0 0 0 0
2460 1 0 0 0 0
2470 1 0 0 0 0
2480 1 0 0 0 0
2490 1 0 0 0 0
2500 1 0 0 0 0
2510 1 0 0 0 0
2520 1 0 0 0 0
2530 0 0 0 0 0
2540 0 0 0 0 0
2550 0 0 0 0 0
2560 0 0 0 0 0
2570 0 0 0 0 0
2580 0 0 0 0 0
2590 0 0 0 0 0
2600 0 0 0 0 0
2610 0 0 0 0 0
2620 0 0 0 0 0
2630 0 0 0 0 0
