0 0 0 0 0 0
10 0 0 0 0 0
20 0 0 0 0 0
30 0 0 0 0 0
40 0 0 0 0 0
50 0 0 0 0 0
60 0 0 0 0 0
70 0 0 0 0 0
80 0 0 0 0 0
90 0 0 0 0 0
100 0 0 0 0 0
110 0 0 0 0 0
120 0 0 0 0 0
130 0 0 0 0 0
140 0 0 0 0 0
150 0 0 0 0 0
160 0 0 0 0 0
170 0 0 0 0 0
180 0 0 0 1 0
190 0 0 0 1 0
200 0 0 1 0 0
210 0 0 1 0 0
220 0 0 1 0 1
230 0 0 1 0 1
240 0 0 1 0 1
250 0 0 1 0 1
260 0 0 1 0 1
270 0 0 1 0 1
280 0 0 1 0 1
290 0 0 1 0 1
300 0 0 1 0 1
310 0 1 1 0 1
320 0 1 1 0 1
330 0 1 1 0 1
340 0 1 1 0 1
350 0 1 1 0 1
360 1 0 1 0 1
370 1 0 1 0 1
380 1 0 0 1 1
390 1 0 0 0 1
400 1 0 0 0 1
410 1 0 0 0 1
420 1 0 0 0 1
430 1 0 0 0 1
440 1 0 0 0 1
450 1 0 0 0 1
460 1 0 0 0 1
470 1 0 0 0 1
480 1 0 0 0 1
490 1 0 0 0 1
500 1 0 0 0 1
510 1 0 0 0 0
520 1 0 0 0 0
530 0 1 0 0 0
540 0 0 0 0 0
550 0 0 0 0 0
560 0 0 0 0 0
570 0 0 0 0 0
580 0 0 0 0 0
590 0 0 0 0 0
600 0 0 0 0 0
610 0 0 0 0 0
620 0 0 0 0 0
630 0 0 0 0 0
640 0 0 0 0 0
650 0 0 0 1 0
660 0 0 1 0 0
670 0 0 1 0 0
680 0 0 1 0 0
690 0 0 1 0 0
700 0 0 1 0 1
710 0 0 1 0 1
720 0 0 1 0 1
730 0 0 1 0 1
740 0 0 1 0 1
750 0 0 1 0 1
760 0 0 1 0 1
770 0 0 1 0 1
780 0 0 1 0 1
790 0 0 1 0 1
800 0 0 1 0 1
810 0 0 1 0 1
820 0 1 1 0 1
830 1 0 1 0 1
840 1 0 1 0 1
850 1 0 0 1 1
860 1 0 0 1 1
870 1 0 0 0 1
880 1 0 0 0 1
890 1 0 0 0 1
900 1 0 0 0 1
910 1 0 0 0 1
920 1 0 0 0 1
930 1 0 0 0 1
940 1 0 0 0 1
950 1 0 0 0 0
960 1 0 0 0 0
970 0 0 0 0 0
980 0 0 0 0 0
990 0 0 0 0 0
1000 0 0 0 0 0
1010 0 0 0 0 0
1020 0 0 0 0 0
1030 0 0 0 0 0
1040 0 0 0 0 0
1050 0 0 0 0 0
1060 0 0 0 0 0
1070 0 0 0 1 0
1080 0 0 1 0 0
1090 0 0 1 0 0
1100 0 0 1 0 0
1110 0 0 1 0 0
1120 0 0 1 0 0
1130 0 0 1 0 1
1140 0 0 1 0 1
1150 0 0 1 0 1
1160 0 0 1 0 1
1170 0 0 1 0 1
1180 0 0 1 0 1
1190 0 0 1 0 1
1200 0 0 1 0 1
1210 0 1 1 0 1
1220 0 1 1 0 1
1230 1 0 1 0 1
1240 1 0 0 1 1
1250 1 0 0 1 1
1260 1 0 0 0 1
1270 1 0 0 0 1
1280 1 0 0 0 1
1290 1 0 0 0 1
1300 1 0 0 0 1
1310 1 0 0 0 1
1320 1 0 0 0 1
1330 1 0 0 0 1
1340 1 0 0 0 1
1350 1 0 0 0 1
1360 1 0 0 0 1
1370 1 0 0 0 1
1380 1 0 0 0 1
1390 1 0 0 0 1
1400 1 0 0 0 1
1410 1 0 0 0 1
1420 1 0 0 0 1
1430 1 0 0 0 1
1440 1 0 0 0 1
1450 1 0 0 0 1
1460 1 0 0 0 1
1470 1 0 0 0 1
1480 1 0 0 0 1
1490 1 0 0 0 1
1500 1 0 0 0 1
1510 1 0 0 0 1
1520 1 0 0 0 1
1530 1 0 0 0 0
1540 0 0 0 0 0
1550 0 0 0 0 0
1560 0 0 0 0 0
1570 0 0 0 0 0
1580 0 0 0 0 0
1590 0 0 0 0 0
1600 0 0 0 0 0
1610 0 0 0 0 0
1620 0 0 0 0 0
1630 0 0 0 0 0
1640 0 0 0 0 0
1650 0 0 0 0 0
