0 0 0 0 0 0
10 0 0 0 0 0
20 0 0 0 0 0
30 0 0 0 0 0
40 0 0 0 0 0
50 0 0 0 0 0
60 0 0 0 0 0
70 0 0 0 0 0
80 0 0 0 0 0
90 0 0 0 0 0
100 0 0 0 0 0
110 0 0 0 0 0
120 0 0 0 0 0
130 0 0 0 0 0
140 0 0 0 0 0
150 0 0 0 0 0
160 0 0 0 0 0
170 0 0 0 0 0
180 0 0 0 0 0
190 0 0 0 0 0
200 0 0 0 0 0
210 0 0 0 0 0
220 0 0 0 0 0
230 0 0 0 0 0
240 0 0 0 0 0
250 0 0 0 0 0
260 0 0 0 0 0
270 0 0 0 0 0
280 0 0 0 0 0
290 0 0 0 0 0
300 0 0 0 0 0
310 0 0 0 0 0
320 0 0 0 0 0
330 0 0 0 0 0
340 0 0 0 0 0
350 0 0 0 0 0
360 0 0 0 0 0
370 0 0 0 0 0
380 0 0 0 0 0
390 0 0 0 0 0
400 0 0 0 0 0
410 0 0 0 0 0
420 0 0 0 0 0
430 0 0 0 0 0
440 0 0 0 0 0
450 0 0 0 0 0
460 0 0 0 0 0
470 0 0 0 0 0
480 0 0 0 0 0
490 0 0 0 0 0
500 0 0 0 0 0
510 0 0 0 0 0
520 0 0 0 0 0
530 0 0 0 0 0
540 0 0 0 0 0
550 0 0 0 0 0
560 0 0 0 0 0
570 0 0 0 0 0
580 0 0 0 0 0
590 0 0 0 0 0
600 0 0 0 0 0
610 0 0 0 0 0
620 0 0 0 0 0
630 0 0 0 0 0
640 0 0 0 0 0
650 0 0 0 0 0
660 0 0 0 0 0
670 0 0 0 0 0
680 0 0 0 0 0
690 0 0 0 0 0
700 0 0 0 0 0
710 0 0 0 0 0
720 0 0 0 0 0
730 0 0 0 0 0
740 0 0 0 0 0
750 0 0 0 0 0
760 0 0 0 0 0
770 0 0 0 0 0
780 0 0 0 0 0
790 0 0 0 0 0
800 0 0 0 0 0
810 0 0 0 0 0
820 0 0 0 0 0
830 0 0 0 0 0
840 0 0 0 0 0
850 0 0 0 0 0
860 0 0 0 0 0
870 0 0 0 0 0
880 0 0 0 0 0
890 0 0 0 0 0
900 0 0 0 0 0
910 0 0 0 0 0
920 0 0 0 0 0
930 0 0 0 0 0
940 0 0 0 0 0
950 0 0 0 0 0
960 0 0 0 0 0
970 0 0 0 0 0
980 0 0 0 0 0
990 0 0 0 0 0
1000 0 0 0 0 0
1010 0 0 0 0 0
1020 0 0 0 0 0
1030 0 0 0 0 0
1040 0 0 0 0 0
1050 0 0 0 0 0
1060 0 0 0 0 0
1070 0 0 0 0 0
1080 0 0 0 0 0
1090 0 0 0 0 0
1100 0 0 0 0 0
1110 0 0 0 0 0
1120 0 0 0 0 0
1130 0 0 0 0 0
1140 0 0 0 0 0
1150 0 0 0 0 0
1160 0 0 0 0 0
1170 0 0 0 0 0
1180 0 0 0 0 0
1190 0 0 0 0 0
1200 0 0 0 0 0
1210 0 0 0 0 0
1220 0 0 0 0 0
1230 0 0 0 0 0
1240 0 0 0 0 0
1250 0 0 0 0 0
1260 0 0 0 0 0
1270 0 0 0 0 0
1280 0 0 0 0 0
1290 0 0 0 0 0
1300 0 0 0 0 0
1310 0 0 0 0 0
1320 0 0 0 0 0
1330 0 0 0 0 0
1340 0 0 0 0 0
1350 0 0 0 0 0
1360 0 0 0 0 0
1370 0 0 0 0 0
1380 0 0 0 0 0
1390 0 0 0 0 0
1400 0 0 0 0 0
1410 0 0 0 0 0
1420 0 0 0 0 0
1430 0 0 0 0 0
1440 0 0 0 0 0
1450 0 0 0 0 0
1460 0 0 0 0 0
1470 0 0 0 0 0
1480 0 0 0 0 0
1490 0 0 0 0 0
1500 0 0 0 0 0
1510 0 0 0 0 0
1520 0 0 0 0 0
1530 0 0 0 0 0
1540 0 0 0 0 0
1550 0 0 0 0 0
1560 0 0 0 0 0
1570 0 0 0 0 0
1580 0 0 0 0 0
1590 0 0 0 0 0
1600 0 0 0 0 0
1610 0 0 0 0 0
1620 0 0 0 0 0
1630 0 0 0 0 0
1640 0 0 0 0 0
1650 0 0 0 0 0
1660 0 0 0 0 0
1670 0 0 0 0 0
1680 0 0 0 0 0
1690 0 0 0 0 0
1700 0 0 0 0 0
1710 0 0 0 0 0
1720 0 0 0 0 0
1730 0 0 0 0 0
1740 0 0 0 0 0
1750 0 0 0 0 0
1760 0 0 0 0 0
1770 0 0 0 0 0
1780 0 0 0 0 0
1790 0 0 0 0 0
1800 0 0 0 0 0
1810 0 0 0 0 0
1820 0 0 0 0 0
1830 0 0 0 0 0
1840 0 0 0 0 0
1850 0 0 0 0 0
1860 0 0 0 0 0
1870 0 0 0 0 0
1880 0 0 0 0 0
1890 0 0 0 0 0
1900 0 0 0 0 0
1910 0 0 0 0 0
1920 0 0 0 0 0
1930 0 0 0 0 0
1940 0 0 0 0 0
1950 0 0 0 0 0
1960 0 0 0 0 0
1970 0 0 0 0 0
1980 0 0 0 0 0
1990 0 0 0 0 0
2000 0 0 0 0 0
2010 0 0 0 0 0
2020 0 0 0 0 0
2030 0 0 0 0 0
2040 0 0 0 0 0
2050 0 0 0 0 0
2060 0 0 0 0 0
2070 0 0 0 0 0
2080 0 0 0 0 0
2090 0 0 0 0 0
2100 0 0 0 0 0
2110 0 0 0 0 0
2120 0 0 0 0 0
2130 0 0 0 0 0
2140 0 0 0 0 0
2150 0 0 0 1 0
2160 0 0 0 1 0
2170 0 0 0 1 0
2180 0 0 0 1 0
2190 0 0 0 1 0
2200 0 0 0 1 0
2210 0 0 0 1 0
2220 0 0 0 1 0
2230 0 0 0 1 0
2240 0 0 0 1 0
2250 0 0 1 0 0
2260 0 0 1 0 0
2270 0 0 1 0 0
2280 0 0 1 0 0
2290 0 0 1 0 0
2300 0 0 1 0 0
2310 0 0 1 0 0
2320 0 0 1 0 0
2330 0 0 1 0 0
2340 0 0 1 0 1
2350 0 0 1 0 1
2360 0 0 1 0 1
2370 0 0 1 0 1
2380 0 0 1 0 1
2390 0 0 1 0 1
2400 0 0 1 0 1
2410 0 0 1 0 1
2420 0 0 1 0 1
2430 0 1 1 0 1
2440 0 1 1 0 1
2450 0 0 1 0 1
2460 0 0 1 0 1
2470 0 0 1 0 1
2480 0 0 1 0 1
2490 0 0 1 0 1
2500 0 0 1 0 1
2510 0 0 1 0 1
2520 0 0 1 0 1
2530 0 0 1 0 1
2540 0 0 1 0 1
2550 0 0 1 0 1
2560 0 0 1 0 1
2570 0 0 1 0 1
2580 0 0 1 0 1
2590 0 0 1 0 1
2600 0 0 1 0 1
2610 0 0 1 0 1
2620 0 0 1 0 1
2630 0 1 1 0 1
2640 0 1 1 0 1
2650 0 1 1 0 1
2660 0 1 1 0 1
2670 0 1 1 0 1
2680 0 1 1 0 1
2690 0 1 1 0 1
2700 0 1 1 0 1
2710 1 0 1 0 1
2720 1 0 0 1 1
2730 1 0 0 1 1
2740 1 0 0 0 1
2750 1 0 0 0 1
2760 1 0 0 0 1
2770 1 0 0 0 1
2780 1 0 0 0 1
2790 1 0 0 0 1
2800 1 0 0 0 1
2810 1 0 0 0 1
2820 1 0 0 0 1
2830 1 0 0 0 1
2840 1 0 0 0 1
2850 1 0 0 0 1
2860 1 0 0 0 1
2870 1 0 0 0 1
2880 1 0 0 0 1
2890 1 0 0 0 1
2900 1 0 0 0 1
2910 1 0 0 0 1
2920 1 0 0 0 1
2930 1 0 0 0 1
2940 1 0 0 0 1
2950 1 0 0 0 1
2960 1 0 0 0 1
2970 1 0 0 0 1
2980 1 0 0 0 0
2990 1 0 0 0 0
3000 1 0 0 0 0
3010 1 0 0 0 0
3020 0 0 0 0 0
3030 0 0 0 0 0
3040 0 0 0 0 0
3050 0 0 0 0 0
3060 0 0 0 0 0
3070 0 0 0 0 0
3080 0 0 0 0 0
3090 0 0 0 0 0
3100 0 0 0 0 0
3110 0 0 0 0 0
3120 0 0 0 0 0
3130 0 0 0 0 0
3140 0 0 0 0 0
3150 0 0 0 0 0
3160 0 0 0 0 0
3170 0 0 0 0 0
3180 0 0 0 0 0
3190 0 0 0 0 0
3200 0 0 0 0 0
3210 0 0 0 0 0
3220 0 0 0 0 0
3230 0 0 0 0 0
3240 0 0 0 1 0
3250 0 0 0 1 0
3260 0 0 1 0 0
3270 0 0 1 0 0
3280 0 0 1 0 0
3290 0 0 1 0 0
3300 0 0 1 0 0
3310 0 0 1 0 0
3320 0 0 1 0 0
3330 0 0 1 0 0
3340 0 0 1 0 0
3350 0 0 1 0 0
3360 0 0 1 0 0
3370 0 0 1 0 1
3380 0 0 1 0 1
3390 0 0 1 0 1
3400 0 0 1 0 1
3410 0 0 1 0 1
3420 0 0 1 0 1
3430 0 0 1 0 1
3440 0 0 1 0 1
3450 0 0 1 0 1
3460 0 0 1 0 1
3470 0 0 1 0 1
3480 0 0 1 0 1
3490 0 1 1 0 1
3500 0 1 1 0 1
3510 0 1 1 0 1
3520 0 1 1 0 1
3530 0 1 1 0 1
3540 0 1 1 0 1
3550 0 1 1 0 1
3560 0 1 1 0 1
3570 0 1 1 0 1
3580 0 1 1 0 1
3590 0 1 1 0 1
3600 0 1 1 0 1
3610 0 1 1 0 1
3620 0 1 1 0 1
3630 0 1 1 0 1
3640 0 1 1 0 1
3650 0 1 1 0 1
3660 0 1 1 0 1
3670 0 1 1 0 1
3680 0 1 1 0 1
3690 0 1 1 0 1
3700 0 1 1 0 1
3710 0 1 1 0 1
3720 0 1 1 0 1
3730 0 0 1 0 1
3740 0 0 1 0 1
3750 0 0 1 0 1
3760 0 0 1 0 1
3770 0 1 1 0 1
3780 0 1 1 0 1
3790 0 1 1 0 1
3800 0 1 1 0 1
3810 0 1 1 0 1
3820 1 0 1 0 1
3830 1 0 1 0 1
3840 1 0 0 1 1
3850 1 0 0 1 1
3860 1 0 0 1 1
3870 1 0 0 0 1
3880 1 0 0 0 1
3890 1 0 0 0 1
3900 1 0 0 0 1
3910 1 0 0 0 1
3920 1 0 0 0 1
3930 1 0 0 0 1
3940 1 0 0 0 1
3950 1 0 0 0 1
3960 1 0 0 0 1
3970 1 0 0 0 1
3980 1 0 0 0 1
3990 1 0 0 0 1
4000 1 0 0 0 1
4010 1 0 0 0 1
4020 1 0 0 0 1
4030 1 0 0 0 1
4040 1 0 0 0 1
4050 1 0 0 0 1
4060 1 0 0 0 1
4070 1 0 0 0 1
4080 1 0 0 0 1
4090 1 0 0 0 0
4100 1 0 0 0 0
4110 1 0 0 0 0
4120 1 0 0 0 0
4130 1 0 0 0 0
4140 0 0 0 0 0
4150 0 0 0 0 0
4160 0 0 0 0 0
4170 0 0 0 0 0
4180 0 0 0 0 0
4190 0 0 0 0 0
4200 0 0 0 0 0
4210 0 0 0 0 0
4220 0 0 0 0 0
4230 0 0 0 0 0
4240 0 0 0 0 0
4250 0 0 0 0 0
4260 0 0 0 0 0
4270 0 0 0 0 0
4280 0 0 0 0 0
4290 0 0 0 0 0
4300 0 0 0 0 0
4310 0 0 0 0 0
4320 0 0 0 0 0
4330 0 0 0 1 0
4340 0 0 0 1 0
4350 0 0 0 1 0
4360 0 0 0 1 0
4370 0 0 0 1 0
4380 0 0 0 1 0
4390 0 0 0 1 0
4400 0 0 0 1 0
4410 0 0 0 1 0
4420 0 0 1 0 0
4430 0 0 1 0 0
4440 0 0 1 0 0
4450 0 0 1 0 0
4460 0 0 1 0 0
4470 0 0 1 0 0
4480 0 0 1 0 1
4490 0 0 1 0 1
4500 0 0 1 0 1
4510 0 0 1 0 1
4520 0 0 1 0 1
4530 0 0 1 0 1
4540 0 0 1 0 1
4550 0 0 1 0 1
4560 0 0 1 0 1
4570 0 0 1 0 1
4580 0 0 1 0 1
4590 0 0 1 0 1
4600 0 0 1 0 1
4610 0 0 1 0 1
4620 0 0 1 0 1
4630 0 0 1 0 1
4640 0 0 1 0 1
4650 0 0 1 0 1
4660 0 1 1 0 1
4670 0 1 1 0 1
4680 0 1 1 0 1
4690 0 1 1 0 1
4700 0 1 1 0 1
4710 0 0 1 0 1
4720 0 0 1 0 1
4730 0 0 1 0 1
4740 0 0 1 0 1
4750 0 1 1 0 1
4760 0 1 1 0 1
4770 0 1 1 0 1
4780 0 1 1 0 1
4790 1 0 1 0 1
4800 1 0 1 0 1
4810 1 0 1 0 1
4820 1 0 0 1 1
4830 1 0 0 1 1
4840 1 0 0 1 1
4850 1 0 0 1 1
4860 1 0 0 1 1
4870 1 0 0 0 1
4880 1 0 0 0 1
4890 1 0 0 0 1
4900 1 0 0 0 1
4910 1 0 0 0 1
4920 1 0 0 0 1
4930 1 0 0 0 1
4940 1 0 0 0 1
4950 1 0 0 0 1
4960 1 0 0 0 1
4970 1 0 0 0 1
4980 1 0 0 0 1
4990 1 0 0 0 1
5000 1 0 0 0 1
5010 1 0 0 0 1
5020 1 0 0 0 1
5030 1 0 0 0 1
5040 1 0 0 0 1
5050 1 0 0 0 1
5060 1 0 0 0 1
5070 1 0 0 0 1
5080 1 0 0 0 1
5090 1 0 0 0 1
5100 1 0 0 0 1
5110 1 0 0 0 1
5120 1 0 0 0 1
5130 1 0 0 0 1
5140 1 0 0 0 1
5150 1 0 0 0 0
5160 1 0 0 0 0
5170 1 0 0 0 0
5180 1 0 0 0 0
5190 1 0 0 0 0
5200 1 0 0 0 0
5210 0 0 0 0 0
5220 0 0 0 0 0
5230 0 0 0 0 0
5240 0 0 0 0 0
5250 0 0 0 0 0
