0 0 0 0 0 0
10 0 0 0 0 0
20 0 0 0 0 0
30 0 0 0 0 0
40 0 0 0 0 0
50 0 0 0 0 0
60 0 0 0 0 0
70 0 0 0 0 0
80 0 0 0 0 0
90 0 0 0 0 0
100 0 0 0 0 0
110 0 0 0 0 0
120 0 0 0 0 0
130 0 0 0 0 0
140 0 0 0 0 0
150 0 0 0 0 0
160 0 0 0 0 0
170 0 0 0 0 0
180 0 0 0 0 0
190 0 0 0 0 0
200 0 0 0 0 0
210 0 0 0 0 0
220 0 0 0 0 0
230 0 0 0 0 0
240 0 0 0 0 0
250 0 0 0 0 0
260 0 0 0 0 0
270 0 0 0 0 0
280 0 0 0 0 0
290 0 0 0 0 0
300 0 0 0 0 0
310 0 0 0 0 0
320 0 0 0 0 0
330 0 0 0 0 0
340 0 0 0 0 0
350 0 0 0 0 0
360 0 0 0 0 0
370 0 0 0 0 0
380 0 0 0 0 0
390 0 0 0 0 0
400 0 0 0 0 0
410 0 0 0 0 0
420 0 0 0 0 0
430 0 0 0 0 0
440 0 0 0 0 0
450 0 0 0 0 0
460 0 0 0 0 0
470 0 0 0 0 0
480 0 0 0 0 0
490 0 0 0 0 0
500 0 0 0 0 0
510 0 0 0 0 0
520 0 0 0 0 0
530 0 0 0 0 0
540 0 0 0 0 0
550 0 0 0 0 0
560 0 0 0 0 0
570 0 0 0 1 0
580 0 0 0 1 0
590 0 0 0 1 0
600 0 0 0 1 0
610 0 0 1 0 0
620 0 0 1 0 0
630 0 0 1 0 0
640 0 0 1 0 0
650 0 0 1 0 0
660 0 0 1 0 0
670 0 0 1 0 0
680 0 0 1 0 0
690 0 0 1 0 1
700 0 0 1 0 1
710 0 0 1 0 1
720 0 0 1 0 1
730 0 0 1 0 1
740 0 0 1 0 1
750 0 0 1 0 1
760 0 0 1 0 1
770 0 0 1 0 1
780 0 0 1 0 1
790 0 0 1 0 1
800 0 0 1 0 1
810 0 0 1 0 1
820 0 0 1 0 1
830 0 0 1 0 1
840 0 0 1 0 1
850 0 0 1 0 1
860 0 0 1 0 1
870 0 1 1 0 1
880 0 1 1 0 1
890 1 0 1 0 1
900 1 0 1 0 1
910 1 0 1 0 1
920 1 0 1 0 1
930 1 0 1 0 1
940 1 0 0 1 1
950 1 0 0 1 1
960 1 0 0 1 1
970 1 0 0 1 1
980 1 0 0 0 1
990 1 0 0 0 1
1000 1 0 0 0 1
1010 1 0 0 0 1
1020 1 0 0 0 1
1030 1 0 0 0 1
1040 1 0 0 0 1
1050 1 0 0 0 1
1060 1 0 0 0 1
1070 1 0 0 0 1
1080 1 0 0 0 1
1090 1 0 0 0 1
1100 1 0 0 0 1
1110 1 0 0 0 1
1120 1 0 0 0 1
1130 1 0 0 0 1
1140 1 0 0 0 1
1150 1 0 0 0 1
1160 1 0 0 0 1
1170 1 0 0 0 1
1180 1 0 0 0 1
1190 1 0 0 0 1
1200 1 0 0 0 1
1210 1 0 0 0 1
1220 1 0 0 0 1
1230 1 0 0 0 1
1240 1 0 0 0 1
1250 1 0 0 0 1
1260 1 0 0 0 1
1270 1 0 0 0 1
1280 1 0 0 0 1
1290 1 0 0 0 1
1300 1 0 0 0 1
1310 1 0 0 0 1
1320 1 0 0 0 1
1330 1 0 0 0 1
1340 1 0 0 0 1
1350 1 0 0 0 1
1360 1 0 0 0 1
1370 1 0 0 0 1
1380 1 0 0 0 0
1390 1 0 0 0 0
1400 1 0 0 0 0
1410 0 0 0 0 0
1420 0 0 0 0 0
1430 0 0 0 0 0
1440 0 0 0 0 0
1450 0 0 0 0 0
1460 0 0 0 0 0
1470 0 0 0 0 0
1480 0 0 0 0 0
1490 0 0 0 0 0
1500 0 0 0 0 0
1510 0 0 0 0 0
1520 0 0 0 0 0
1530 0 0 0 0 0
1540 0 0 0 0 0
1550 0 0 0 0 0
1560 0 0 0 0 0
1570 0 0 0 0 0
1580 0 0 0 0 0
1590 0 0 0 1 0
1600 0 0 0 1 0
1610 0 0 0 1 0
1620 0 0 0 1 0
1630 0 0 0 1 0
1640 0 0 0 1 0
1650 0 0 1 0 0
1660 0 0 1 0 0
1670 0 0 1 0 0
1680 0 0 1 0 0
1690 0 0 1 0 0
1700 0 0 1 0 0
1710 0 0 1 0 1
1720 0 0 1 0 1
1730 0 0 1 0 1
1740 0 0 1 0 1
1750 0 0 1 0 1
1760 0 0 1 0 1
1770 0 0 1 0 1
1780 0 0 1 0 1
1790 0 0 1 0 1
1800 0 0 1 0 1
1810 0 0 1 0 1
1820 0 1 1 0 1
1830 0 1 1 0 1
1840 0 1 1 0 1
1850 1 0 1 0 1
1860 1 0 1 0 1
1870 1 0 0 1 1
1880 1 0 0 1 1
1890 1 0 0 0 1
1900 1 0 0 0 1
1910 1 0 0 0 1
1920 1 0 0 0 1
1930 1 0 0 0 1
1940 1 0 0 0 1
1950 1 0 0 0 1
1960 1 0 0 0 1
1970 1 0 0 0 1
1980 1 0 0 0 1
1990 1 0 0 0 1
2000 1 0 0 0 1
2010 1 0 0 0 1
2020 1 0 0 0 1
2030 1 0 0 0 0
2040 1 0 0 0 0
2050 1 0 0 0 0
2060 1 0 0 0 0
2070 0 0 0 0 0
2080 0 0 0 0 0
2090 0 0 0 0 0
2100 0 0 0 0 0
2110 0 0 0 0 0
2120 0 0 0 0 0
2130 0 0 0 0 0
2140 0 0 0 0 0
2150 0 0 0 0 0
2160 0 0 0 0 0
2170 0 0 0 0 0
2180 0 0 0 0 0
2190 0 0 0 0 0
2200 0 0 0 0 0
2210 0 0 0 0 0
2220 0 0 0 0 0
2230 0 0 0 0 0
2240 0 0 0 0 0
2250 0 0 0 0 0
2260 0 0 0 0 0
2270 0 0 0 0 0
2280 0 0 0 0 0
2290 0 0 0 0 0
2300 0 0 0 0 0
2310 0 0 0 0 0
2320 0 0 0 0 0
2330 0 0 0 0 0
2340 0 0 0 0 0
2350 0 0 0 0 0
2360 0 0 0 0 0
2370 0 0 0 0 0
2380 0 0 0 0 0
2390 0 0 0 0 0
2400 0 0 0 0 0
2410 0 0 0 0 0
2420 0 0 0 0 0
2430 0 0 0 0 0
2440 0 0 0 0 0
2450 0 0 0 0 0
2460 0 0 0 0 0
2470 0 0 0 0 0
2480 0 0 0 0 0
2490 0 0 0 0 0
2500 0 0 0 0 0
2510 0 0 0 0 0
2520 0 0 0 0 0
2530 0 0 0 0 0
2540 0 0 0 0 0
2550 0 0 0 0 0
2560 0 0 0 0 0
2570 0 0 0 0 0
2580 0 0 0 0 0
2590 0 0 0 0 0
2600 0 0 0 0 0
2610 0 0 0 0 0
2620 0 0 0 0 0
2630 0 0 0 0 0
2640 0 0 0 0 0
2650 0 0 0 0 0
2660 0 0 0 0 0
2670 0 0 0 0 0
2680 0 0 0 0 0
2690 0 0 0 0 0
2700 0 0 0 1 0
2710 0 0 0 1 0
2720 0 0 0 1 0
2730 0 0 1 0 0
2740 0 0 1 0 0
2750 0 0 1 0 0
2760 0 0 1 0 0
2770 0 0 1 0 0
2780 0 0 1 0 0
2790 0 0 1 0 0
2800 0 0 1 0 0
2810 0 0 1 0 1
2820 0 0 1 0 1
2830 0 0 1 0 1
2840 0 0 1 0 1
2850 0 0 1 0 1
2860 0 0 1 0 1
2870 0 0 1 0 1
2880 0 0 1 0 1
2890 0 0 1 0 1
2900 0 0 1 0 1
2910 0 0 1 0 1
2920 0 0 1 0 1
2930 0 0 1 0 1
2940 0 0 1 0 1
2950 0 0 1 0 1
2960 0 0 1 0 1
2970 0 0 1 0 1
2980 0 0 1 0 1
2990 0 0 1 0 1
3000 0 0 1 0 1
3010 0 0 1 0 1
3020 0 0 1 0 1
3030 0 0 1 0 1
3040 0 0 1 0 1
3050 0 0 1 0 1
3060 0 0 1 0 1
3070 0 0 1 0 1
3080 0 0 1 0 1
3090 0 0 1 0 1
3100 0 0 1 0 1
3110 0 0 1 0 1
3120 0 0 1 0 1
3130 0 0 1 0 1
3140 0 0 1 0 1
3150 0 0 1 0 1
3160 0 0 1 0 1
3170 0 0 1 0 1
3180 0 0 1 0 1
3190 0 0 0 0 1
3200 0 0 0 0 1
3210 0 0 0 0 1
3220 0 0 0 0 1
3230 0 0 0 0 1
3240 0 0 0 0 1
3250 0 0 0 0 1
3260 0 0 0 0 1
3270 0 0 0 0 1
3280 0 0 0 0 1
3290 0 0 0 0 1
3300 0 0 0 0 1
3310 0 0 0 0 1
3320 0 0 0 0 1
3330 0 0 0 0 1
3340 0 0 0 0 1
3350 0 0 0 1 1
3360 0 0 0 1 1
3370 0 0 0 1 1
3380 0 0 1 0 1
3390 0 0 1 0 1
3400 0 0 1 0 1
3410 0 0 1 0 1
3420 0 0 1 0 1
3430 0 0 1 0 1
3440 0 0 1 0 1
3450 0 0 1 0 1
3460 0 0 1 0 1
3470 0 0 1 0 1
3480 0 0 1 0 1
3490 0 0 1 0 1
3500 0 0 1 0 1
3510 0 0 1 0 1
3520 0 0 1 0 1
3530 0 0 1 0 1
3540 0 0 1 0 1
3550 0 0 1 0 1
3560 0 0 1 0 1
3570 0 0 1 0 1
3580 0 0 1 0 1
3590 0 0 1 0 1
3600 0 0 1 0 1
3610 0 0 1 0 1
3620 0 0 1 0 1
3630 0 0 1 0 1
3640 0 0 1 0 1
3650 0 1 1 0 1
3660 0 1 1 0 1
3670 0 1 1 0 1
3680 1 0 1 0 1
3690 1 0 1 0 1
3700 1 0 1 0 1
3710 1 0 1 0 1
3720 1 0 1 0 1
3730 1 0 1 0 1
3740 1 0 1 0 1
3750 1 0 1 0 1
3760 1 0 1 0 1
3770 1 0 1 0 1
3780 1 0 1 0 1
3790 1 0 1 0 1
3800 1 0 1 0 1
3810 1 0 1 0 1
3820 1 0 0 1 1
3830 1 0 0 1 1
3840 1 0 0 1 1
3850 1 0 0 1 1
3860 1 0 0 1 1
3870 1 0 0 0 1
3880 1 0 0 0 1
3890 1 0 0 0 1
3900 1 0 0 0 1
3910 1 0 0 0 1
3920 1 0 0 0 1
3930 1 0 0 0 1
3940 1 0 0 0 1
3950 1 0 0 0 1
3960 1 0 0 0 1
3970 1 0 0 0 1
3980 1 0 0 0 1
3990 1 0 0 0 1
4000 1 0 0 0 1
4010 1 0 0 0 1
4020 1 0 0 0 1
4030 1 0 0 0 1
4040 1 0 0 0 1
4050 1 0 0 0 1
4060 1 0 0 0 1
4070 1 0 0 0 1
4080 1 0 0 0 1
4090 1 0 0 0 1
4100 1 0 0 0 0
4110 1 0 0 0 0
4120 1 0 0 0 0
4130 0 0 0 0 0
4140 0 0 0 0 0
4150 0 0 0 0 0
4160 0 0 0 0 0
4170 0 0 0 0 0
4180 0 0 0 0 0
4190 0 0 0 0 0
