0 0 0 0 0 0
10 0 0 0 0 0
20 0 0 0 0 0
30 0 0 0 0 0
40 0 0 0 0 0
50 0 0 0 0 0
60 0 0 0 0 0
70 0 0 0 0 0
80 0 0 0 0 0
90 0 0 0 0 0
100 0 0 0 0 0
110 0 0 0 0 0
120 0 0 0 0 0
130 0 0 0 0 0
140 0 0 0 0 0
150 0 0 0 0 0
160 0 0 0 0 0
170 0 0 0 0 0
180 0 0 0 0 0
190 0 0 0 0 0
200 0 0 0 0 0
210 0 0 0 0 0
220 0 0 0 0 0
230 0 0 0 0 0
240 0 1 0 0 0
250 0 1 0 0 0
260 1 0 0 0 0
270 1 0 0 0 0
280 1 0 0 0 0
290 1 0 0 0 0
300 1 0 0 0 1
310 1 0 0 0 1
320 1 0 0 0 1
330 1 0 0 0 1
340 1 0 0 0 1
350 1 0 0 0 1
360 1 0 0 0 1
370 1 0 0 0 1
380 1 0 0 0 1
390 1 0 0 0 1
400 1 0 0 0 1
410 1 0 0 0 1
420 1 0 0 0 1
430 1 0 0 0 1
440 1 0 0 0 1
450 1 0 0 0 1
460 1 0 0 1 1
470 0 0 0 0 1
480 0 0 0 0 1
490 0 0 0 0 1
500 0 0 0 0 1
510 0 0 0 0 1
520 0 0 0 0 1
530 0 0 0 0 1
540 0 0 0 0 1
550 0 0 0 0 1
560 0 0 0 0 1
570 0 0 0 0 1
580 0 0 0 0 1
590 0 0 0 0 1
600 0 0 0 0 1
610 0 0 0 0 1
620 0 1 0 0 1
630 0 1 0 0 1
640 0 1 0 0 1
650 0 1 0 0 1
660 0 1 0 0 1
670 0 0 0 0 1
680 0 0 0 0 1
690 0 0 0 0 1
700 0 0 0 0 1
710 0 0 0 0 1
720 0 0 0 0 1
730 0 0 0 0 1
740 0 0 0 0 1
750 0 0 0 0 1
760 0 0 0 0 1
770 0 1 0 0 1
780 0 1 0 0 1
790 0 1 0 0 1
800 0 1 0 0 1
810 1 0 0 0 1
820 1 0 0 0 1
830 1 0 0 0 1
840 1 0 0 0 1
850 1 0 0 0 1
860 1 0 0 0 1
870 1 0 0 0 1
880 1 0 0 0 1
890 1 0 0 0 1
900 1 0 0 0 1
910 1 0 0 0 1
920 1 0 0 0 1
930 1 0 0 0 1
940 1 0 0 0 1
950 1 0 0 1 1
960 1 0 0 1 1
970 1 0 0 1 1
980 1 0 0 1 1
990 1 0 0 1 1
1000 1 0 1 0 1
1010 1 0 1 0 1
1020 1 0 1 0 1
1030 1 0 1 0 1
1040 1 0 1 0 1
1050 0 1 1 0 1
1060 0 1 1 0 1
1070 0 1 1 0 1
1080 0 1 1 0 1
1090 0 0 1 0 1
1100 0 0 1 0 1
1110 0 0 1 0 1
1120 0 0 1 0 1
1130 0 0 1 0 1
1140 0 0 1 0 1
1150 0 0 1 0 1
1160 0 0 1 0 1
1170 0 0 1 0 1
1180 0 0 1 0 1
1190 0 0 1 0 1
1200 0 0 1 0 1
1210 0 0 1 0 1
1220 0 0 1 0 1
1230 0 0 1 0 1
1240 0 0 1 0 1
1250 0 0 1 0 1
1260 0 0 1 0 1
1270 0 0 1 0 1
1280 0 0 1 0 0
1290 0 0 1 0 0
1300 0 0 1 0 0
1310 0 0 1 0 0
1320 0 0 1 0 0
1330 0 0 1 0 0
1340 0 0 1 0 0
1350 0 0 1 0 0
1360 0 0 1 0 0
1370 0 0 1 0 0
1380 0 0 1 0 0
1390 0 0 1 0 0
1400 0 0 1 0 0
1410 0 0 1 0 0
1420 0 0 1 0 0
1430 0 0 1 0 0
1440 0 0 1 0 0
1450 0 0 1 0 0
1460 0 0 1 0 0
1470 0 0 1 0 0
1480 0 0 1 0 0
1490 0 0 1 0 0
1500 0 0 1 0 0
1510 0 0 1 0 0
1520 0 0 1 0 0
1530 0 0 0 0 0
1540 0 0 0 0 0
1550 0 0 0 0 0
1560 0 0 0 0 0
1570 0 0 0 0 0
1580 0 0 0 0 0
1590 0 0 0 0 0
1600 0 0 0 0 0
1610 0 0 0 0 0
1620 0 0 0 0 0
1630 0 0 0 0 0
1640 0 0 0 0 0
1650 0 0 0 0 0
1660 0 0 0 0 0
1670 0 0 0 0 0
1680 0 0 0 0 0
1690 0 0 0 0 0
1700 0 0 0 0 0
1710 0 0 0 0 0
1720 0 0 0 0 0
1730 0 0 0 0 0
1740 0 0 0 0 0
1750 0 0 0 0 0
1760 0 0 0 0 0
1770 0 0 0 0 0
1780 0 0 0 0 0
1790 0 1 0 0 0
1800 0 1 0 0 0
1810 0 1 0 0 0
1820 0 1 0 0 0
1830 0 1 0 0 0
1840 0 1 0 0 0
1850 0 1 0 0 0
1860 0 1 0 0 0
1870 0 1 0 0 0
1880 0 1 0 0 0
1890 1 0 0 0 0
1900 1 0 0 0 0
1910 1 0 0 0 0
1920 1 0 0 0 0
1930 0 0 0 0 0
1940 0 0 0 0 0
1950 0 0 0 0 0
1960 0 1 0 0 0
1970 0 1 0 0 0
1980 0 1 0 0 0
1990 0 1 0 0 0
2000 1 0 0 0 0
2010 0 1 0 0 0
2020 0 1 0 0 0
2030 1 0 0 0 0
2040 1 0 0 0 0
2050 1 0 0 0 0
2060 1 0 0 0 0
2070 1 0 0 0 0
2080 1 0 0 0 0
2090 1 0 0 0 1
2100 1 0 0 0 1
2110 1 0 0 0 1
2120 1 0 0 0 1
2130 1 0 0 0 1
2140 1 0 0 0 1
2150 1 0 0 0 1
2160 1 0 0 0 1
2170 1 0 0 0 1
2180 1 0 0 0 1
2190 1 0 0 0 1
2200 1 0 0 0 1
2210 1 0 0 1 1
2220 1 0 1 0 1
2230 1 0 1 0 1
2240 1 0 1 0 1
2250 0 1 1 0 1
2260 0 1 1 0 1
2270 0 1 1 0 1
2280 0 1 1 0 1
2290 0 1 1 0 1
2300 0 0 1 0 1
2310 0 0 1 0 1
2320 0 0 1 0 1
2330 0 0 1 0 1
2340 0 0 1 0 1
2350 0 0 1 0 1
2360 0 0 1 0 1
2370 0 0 1 0 1
2380 0 0 1 0 1
2390 0 0 1 0 1
2400 0 0 1 0 1
2410 0 0 1 0 1
2420 0 0 1 0 1
2430 0 0 1 0 1
2440 0 0 1 0 1
2450 0 0 1 0 1
2460 0 0 1 0 1
2470 0 0 1 0 1
2480 0 0 1 0 0
2490 0 0 1 0 0
2500 0 0 1 0 0
2510 0 0 1 0 0
2520 0 0 1 0 0
2530 0 0 1 0 0
2540 0 0 1 0 0
2550 0 0 0 0 0
2560 0 0 0 0 0
2570 0 0 0 0 0
2580 0 0 0 0 0
2590 0 0 0 0 0
2600 0 0 0 0 0
2610 0 0 0 0 0
2620 0 0 0 0 0
2630 0 0 0 0 0
2640 0 0 0 0 0
2650 0 0 0 0 0
2660 0 0 0 0 0
2670 0 0 0 0 0
2680 0 0 0 0 0
2690 0 0 0 0 0
2700 0 0 0 0 0
2710 0 0 0 0 0
2720 0 1 0 0 0
2730 0 1 0 0 0
2740 0 1 0 0 0
2750 1 0 0 0 0
2760 1 0 0 0 0
2770 1 0 0 0 0
2780 1 0 0 0 0
2790 1 0 0 0 0
2800 1 0 0 0 0
2810 1 0 0 0 0
2820 1 0 0 0 0
2830 1 0 0 0 0
2840 1 0 0 0 0
2850 1 0 0 0 0
2860 1 0 0 0 0
2870 1 0 0 0 0
2880 1 0 0 0 1
2890 1 0 0 0 1
2900 1 0 0 0 1
2910 1 0 0 0 1
2920 1 0 0 0 1
2930 1 0 0 0 1
2940 1 0 0 0 1
2950 1 0 0 0 1
2960 1 0 0 0 1
2970 1 0 0 0 1
2980 1 0 0 1 1
2990 1 0 0 1 1
3000 1 0 0 1 1
3010 1 0 0 1 1
3020 1 0 0 1 1
3030 1 0 0 1 1
3040 1 0 0 1 1
3050 1 0 0 1 1
3060 1 0 0 1 1
3070 1 0 0 0 1
3080 1 0 0 0 1
3090 1 0 0 0 1
3100 1 0 0 1 1
3110 1 0 0 1 1
3120 1 0 0 1 1
3130 1 0 0 1 1
3140 1 0 0 1 1
3150 1 0 0 1 1
3160 1 0 0 1 1
3170 1 0 0 1 1
3180 1 0 0 1 1
3190 1 0 0 1 1
3200 1 0 0 1 1
3210 1 0 1 0 1
3220 1 0 1 0 1
3230 1 0 1 0 1
3240 0 1 1 0 1
3250 0 0 1 0 1
3260 0 0 1 0 1
3270 0 0 1 0 1
3280 0 0 1 0 1
3290 0 0 1 0 1
3300 0 0 1 0 1
3310 0 0 1 0 1
3320 0 0 1 0 1
3330 0 0 1 0 1
3340 0 0 1 0 1
3350 0 0 1 0 1
3360 0 0 1 0 1
3370 0 0 1 0 0
3380 0 0 1 0 0
3390 0 0 1 0 0
3400 0 0 1 0 0
3410 0 0 1 0 0
3420 0 0 1 0 0
3430 0 0 1 0 0
3440 0 0 1 0 0
3450 0 0 1 0 0
3460 0 0 1 0 0
3470 0 0 0 0 0
3480 0 0 0 0 0
3490 0 0 0 0 0
3500 0 0 0 0 0
3510 0 0 0 0 0
3520 0 0 0 0 0
3530 0 0 0 0 0
3540 0 0 0 0 0
3550 0 0 0 0 0
3560 0 0 0 0 0
