0 0 0 0 0 0
10 0 0 0 0 0
20 0 0 0 0 0
30 0 0 0 0 0
40 0 0 0 0 0
50 0 0 0 0 0
60 0 0 0 0 0
70 0 0 0 0 0
80 0 0 0 0 0
90 0 0 0 0 0
100 0 0 0 0 0
110 0 0 0 0 0
120 0 0 0 1 0
130 0 0 1 0 0
140 0 0 0 1 0
150 0 0 0 0 0
160 0 0 0 0 0
170 0 0 0 0 0
180 0 0 0 0 0
190 0 0 0 0 0
200 0 0 0 0 0
210 0 0 0 0 0
220 0 0 0 0 0
230 0 0 0 0 0
240 0 0 0 0 0
250 0 0 0 0 0
260 0 0 0 0 0
270 0 0 0 0 0
280 0 0 0 0 0
290 0 0 0 0 0
300 0 0 0 0 0
310 0 0 0 0 0
320 0 0 0 1 0
330 0 0 1 0 0
340 0 0 1 0 0
350 0 0 1 0 0
360 0 0 1 0 0
370 0 0 1 0 1
380 0 0 1 0 1
390 0 0 1 0 1
400 0 0 1 0 1
410 0 0 1 0 1
420 0 0 1 0 1
430 0 0 1 0 1
440 0 0 1 0 1
450 0 1 1 0 1
460 1 0 1 0 1
470 1 0 1 0 1
480 1 0 1 0 1
490 0 1 1 0 1
500 0 1 1 0 1
510 1 0 1 0 1
520 1 0 1 0 1
530 1 0 0 1 1
540 1 0 0 0 1
550 1 0 0 0 1
560 1 0 0 0 1
570 1 0 0 0 1
580 1 0 0 0 1
590 1 0 0 0 1
600 1 0 0 0 1
610 1 0 0 0 1
620 1 0 0 0 1
630 1 0 0 0 1
640 1 0 0 0 1
650 1 0 0 0 0
660 1 0 0 0 0
670 0 0 0 0 0
680 0 0 0 0 0
690 0 0 0 0 0
700 0 0 0 0 0
710 0 0 0 0 0
720 0 0 0 0 0
730 0 0 0 0 0
740 0 0 0 0 0
750 0 0 0 0 0
760 0 0 0 0 0
770 0 0 0 1 0
780 0 0 1 0 0
790 0 0 1 0 0
800 0 0 1 0 0
810 0 0 1 0 1
820 0 0 1 0 1
830 0 0 1 0 1
840 0 0 1 0 1
850 0 0 1 0 1
860 0 0 1 0 1
870 0 0 1 0 1
880 0 0 1 0 1
890 0 0 1 0 1
900 0 0 1 0 1
910 0 0 1 0 1
920 0 1 1 0 1
930 1 0 1 0 1
940 1 0 0 1 1
950 1 0 0 1 1
960 1 0 0 0 1
970 1 0 0 0 1
980 1 0 0 0 1
990 1 0 0 0 1
1000 1 0 0 0 1
1010 1 0 0 0 1
1020 1 0 0 0 1
1030 1 0 0 0 1
1040 1 0 0 0 0
1050 0 0 0 0 0
1060 0 0 0 0 0
1070 0 0 0 0 0
1080 0 0 0 0 0
1090 0 0 0 0 0
1100 0 0 0 0 0
1110 0 0 0 0 0
1120 0 0 0 0 0
1130 0 0 0 0 0
1140 0 0 0 1 0
1150 0 0 0 1 0
1160 0 0 0 1 0
1170 0 0 0 1 0
1180 0 0 0 1 0
1190 0 0 0 1 0
1200 0 0 1 0 0
1210 0 0 1 0 0
1220 0 0 1 0 0
1230 0 0 1 0 0
1240 0 0 1 0 0
1250 0 0 1 0 0
1260 0 0 1 0 1
1270 0 0 1 0 1
1280 0 0 1 0 1
1290 0 0 1 0 1
1300 0 0 1 0 1
1310 0 0 1 0 1
1320 0 0 1 0 1
1330 0 0 1 0 1
1340 0 0 1 0 1
1350 0 0 1 0 1
1360 0 0 1 0 1
1370 0 0 1 0 1
1380 0 1 1 0 1
1390 0 1 1 0 1
1400 1 0 1 0 1
1410 1 0 1 0 1
1420 1 0 0 1 1
1430 1 0 0 1 1
1440 1 0 0 0 1
1450 1 0 0 0 1
1460 1 0 0 0 1
1470 1 0 0 0 1
1480 1 0 0 0 1
1490 1 0 0 0 1
1500 1 0 0 0 0
1510 1 0 0 0 0
1520 1 0 0 0 0
1530 1 0 0 0 0
1540 0 0 0 0 0
1550 0 0 0 0 0
1560 0 0 0 0 0
1570 0 0 0 0 0
1580 0 0 0 0 0
1590 0 0 0 0 0
