0 0 0 0 0 0
10 0 0 0 0 0
20 0 0 0 0 0
30 0 0 0 0 0
40 0 0 0 0 0
50 0 0 0 0 0
60 0 0 0 0 0
70 0 0 0 0 0
80 0 0 0 0 0
90 0 0 0 0 0
100 0 0 0 0 0
110 0 0 0 0 0
120 0 0 0 0 0
130 0 0 0 0 0
140 0 0 0 0 0
150 0 0 0 0 0
160 0 0 0 0 0
170 0 0 0 0 0
180 0 0 0 0 0
190 0 0 0 0 0
200 0 0 0 0 0
210 0 0 0 0 0
220 0 0 0 0 0
230 0 0 0 0 0
240 0 0 0 0 0
250 0 0 0 0 0
260 0 0 0 0 0
270 0 0 0 0 0
280 0 0 0 0 0
290 0 0 0 0 0
300 0 0 0 0 0
310 0 0 0 0 0
320 0 0 0 0 0
330 0 0 0 0 0
340 0 0 0 0 0
350 0 0 0 0 0
360 0 0 0 0 0
370 0 0 0 0 0
380 0 0 0 0 0
390 0 0 0 0 0
400 0 0 0 0 0
410 0 0 0 0 0
420 0 0 0 0 0
430 0 1 0 0 0
440 0 1 0 0 0
450 1 0 0 0 0
460 1 0 0 0 0
470 1 0 0 0 0
480 1 0 0 0 0
490 1 0 0 0 0
500 1 0 0 0 0
510 1 0 0 0 0
520 1 0 0 0 1
530 1 0 0 0 1
540 1 0 0 0 1
550 1 0 0 0 1
560 1 0 0 0 1
570 1 0 0 0 1
580 1 0 0 0 1
590 1 0 0 0 1
600 1 0 0 1 1
610 1 0 0 0 1
620 1 0 0 0 1
630 1 0 0 0 1
640 1 0 0 0 1
650 1 0 0 0 1
660 1 0 0 1 1
670 1 0 0 1 1
680 1 0 1 0 1
690 1 0 1 0 1
700 0 0 1 0 1
710 0 0 1 0 1
720 0 0 1 0 1
730 0 0 1 0 1
740 0 0 1 0 1
750 0 0 1 0 1
760 0 0 1 0 1
770 0 0 1 0 1
780 0 0 1 0 1
790 0 0 1 0 1
800 0 0 1 0 1
810 0 0 1 0 1
820 0 0 1 0 1
830 0 0 1 0 1
840 0 0 1 0 1
850 0 0 1 0 1
860 0 0 1 0 1
870 0 0 1 0 1
880 0 0 1 0 1
890 0 0 1 0 1
900 0 0 1 0 1
910 0 0 1 0 0
920 0 0 0 0 0
930 0 0 0 0 0
940 0 0 0 0 0
950 0 0 0 0 0
960 0 0 0 0 0
970 0 0 0 0 0
980 0 0 0 0 0
990 0 0 0 0 0
1000 0 0 0 0 0
1010 0 0 0 0 0
1020 0 0 0 0 0
1030 0 0 0 0 0
1040 0 0 0 0 0
1050 0 0 0 0 0
1060 0 0 0 0 0
1070 0 0 0 0 0
1080 0 0 0 0 0
1090 0 1 0 0 0
1100 1 0 0 0 0
1110 1 0 0 0 0
1120 1 0 0 0 0
1130 0 0 0 0 0
1140 0 0 0 0 0
1150 0 0 0 0 0
1160 0 0 0 0 0
1170 0 0 0 0 0
1180 0 0 0 0 0
1190 0 1 0 0 0
1200 0 1 0 0 0
1210 1 0 0 0 0
1220 1 0 0 0 0
1230 1 0 0 0 0
1240 1 0 0 0 0
1250 1 0 0 0 1
1260 1 0 0 0 1
1270 1 0 0 0 1
1280 1 0 0 0 1
1290 1 0 0 0 1
1300 1 0 0 0 1
1310 1 0 0 0 1
1320 1 0 0 0 1
1330 1 0 0 0 1
1340 1 0 0 1 1
1350 1 0 0 0 1
1360 1 0 0 0 1
1370 1 0 0 0 1
1380 1 0 0 0 1
1390 1 0 0 0 1
1400 1 0 0 1 1
1410 1 0 0 1 1
1420 1 0 0 1 1
1430 1 0 1 0 1
1440 1 0 1 0 1
1450 1 0 1 0 1
1460 1 0 1 0 1
1470 1 0 1 0 1
1480 1 0 1 0 1
1490 1 0 1 0 1
1500 1 0 1 0 1
1510 1 0 1 0 1
1520 1 0 1 0 1
1530 1 0 1 0 1
1540 1 0 1 0 1
1550 1 0 1 0 1
1560 1 0 1 0 1
1570 1 0 1 0 1
1580 1 0 1 0 1
1590 1 0 1 0 1
1600 1 0 1 0 1
1610 1 0 1 0 1
1620 1 0 1 0 1
1630 1 0 1 0 1
1640 1 0 1 0 1
1650 1 0 1 0 1
1660 1 0 1 0 1
1670 1 0 1 0 1
1680 1 0 1 0 1
1690 1 0 1 0 1
1700 1 0 1 0 1
1710 1 0 1 0 1
1720 1 0 1 0 1
1730 1 0 1 0 1
1740 1 0 1 0 1
1750 1 0 1 0 1
1760 1 0 1 0 1
1770 1 0 1 0 1
1780 1 0 1 0 1
1790 1 0 1 0 1
1800 1 0 1 0 1
1810 1 0 1 0 1
1820 1 0 1 0 1
1830 1 0 1 0 1
1840 1 0 1 0 1
1850 1 0 1 0 1
1860 1 0 1 0 1
1870 1 0 1 0 1
1880 1 0 1 0 1
1890 1 0 1 0 1
1900 1 0 1 0 1
1910 1 0 1 0 1
1920 1 0 1 0 1
1930 1 0 1 0 1
1940 1 0 1 0 1
1950 1 0 1 0 1
1960 1 0 1 0 1
1970 1 0 1 0 1
1980 1 0 1 0 1
1990 1 0 1 0 1
2000 1 0 1 0 1
2010 1 0 1 0 1
2020 1 0 1 0 1
2030 1 0 1 0 1
2040 1 0 1 0 1
2050 1 0 1 0 1
2060 1 0 1 0 1
2070 1 0 1 0 1
2080 1 0 1 0 1
2090 1 0 1 0 1
2100 1 0 1 0 1
2110 1 0 1 0 1
2120 1 0 1 0 1
2130 1 0 1 0 1
2140 1 0 1 0 1
2150 1 0 1 0 1
2160 1 0 1 0 1
2170 1 0 1 0 1
2180 1 0 1 0 1
2190 1 0 1 0 1
2200 1 0 1 0 1
2210 1 0 1 0 1
2220 1 0 1 0 1
2230 1 0 1 0 1
2240 1 0 1 0 1
2250 1 0 1 0 1
2260 1 0 1 0 1
2270 1 0 1 0 1
2280 1 0 1 0 1
2290 1 0 1 0 1
2300 1 0 1 0 1
2310 1 0 1 0 1
2320 1 0 1 0 1
2330 1 0 1 0 1
2340 1 0 1 0 1
2350 1 0 1 0 1
2360 1 0 1 0 1
2370 1 0 1 0 1
2380 1 0 1 0 1
2390 1 0 1 0 1
2400 1 0 1 0 1
2410 1 0 1 0 1
2420 1 0 1 0 1
2430 1 0 1 0 1
2440 1 0 1 0 1
2450 1 0 1 0 1
2460 1 0 1 0 1
2470 1 0 1 0 1
2480 1 0 1 0 1
2490 1 0 1 0 1
2500 1 0 1 0 1
2510 1 0 1 0 1
2520 1 0 1 0 1
2530 1 0 1 0 1
2540 1 0 1 0 1
2550 1 0 1 0 1
2560 1 0 1 0 1
2570 1 0 1 0 1
2580 1 0 1 0 1
2590 1 0 1 0 1
2600 1 0 1 0 1
2610 1 0 1 0 1
2620 1 0 1 0 1
2630 1 0 1 0 1
2640 1 0 1 0 1
2650 1 0 1 0 1
2660 1 0 1 0 1
2670 1 0 1 0 1
2680 1 0 1 0 1
2690 1 0 1 0 1
2700 1 0 1 0 1
2710 1 0 1 0 1
2720 1 0 1 0 1
2730 1 0 1 0 1
2740 1 0 1 0 1
2750 1 0 1 0 1
2760 1 0 1 0 1
2770 1 0 1 0 1
2780 1 0 1 0 1
2790 1 0 1 0 1
2800 1 0 1 0 1
2810 1 0 1 0 1
2820 1 0 1 0 1
2830 1 0 1 0 1
2840 1 0 1 0 1
2850 1 0 1 0 1
2860 1 0 1 0 1
2870 1 0 1 0 1
2880 1 0 1 0 1
2890 1 0 1 0 1
2900 1 0 1 0 1
2910 1 0 1 0 1
2920 1 0 1 0 1
2930 1 0 1 0 1
2940 1 0 1 0 1
2950 1 0 1 0 1
2960 1 0 1 0 1
2970 1 0 1 0 1
2980 1 0 1 0 1
2990 1 0 1 0 1
3000 1 0 1 0 1
3010 1 0 1 0 1
3020 1 0 1 0 1
3030 1 0 1 0 1
3040 1 0 1 0 1
3050 1 0 1 0 1
3060 1 0 1 0 1
3070 1 0 1 0 1
3080 1 0 1 0 1
3090 1 0 1 0 1
3100 1 0 1 0 1
3110 1 0 1 0 1
3120 1 0 1 0 1
3130 1 0 1 0 1
3140 1 0 1 0 1
3150 1 0 1 0 1
3160 1 0 1 0 1
3170 1 0 1 0 1
3180 1 0 1 0 1
3190 1 0 1 0 1
3200 1 0 1 0 1
3210 1 0 1 0 1
3220 1 0 1 0 1
3230 1 0 1 0 1
3240 1 0 1 0 1
3250 1 0 1 0 1
3260 1 0 1 0 1
3270 1 0 1 0 1
3280 1 0 1 0 1
3290 1 0 1 0 1
3300 1 0 1 0 1
3310 1 0 1 0 1
3320 1 0 1 0 1
3330 1 0 1 0 1
3340 1 0 1 0 1
3350 1 0 1 0 1
3360 1 0 1 0 1
3370 1 0 1 0 1
3380 1 0 1 0 1
3390 1 0 1 0 1
3400 1 0 1 0 1
3410 1 0 1 0 1
3420 1 0 1 0 1
3430 1 0 1 0 1
3440 1 0 1 0 1
3450 1 0 1 0 1
3460 1 0 1 0 1
3470 1 0 1 0 1
3480 1 0 1 0 1
3490 1 0 1 0 1
3500 1 0 1 0 1
3510 1 0 1 0 1
3520 1 0 1 0 1
3530 1 0 1 0 1
3540 0 1 1 0 1
3550 0 1 1 0 1
3560 0 0 1 0 1
3570 0 0 1 0 1
3580 0 0 1 0 1
3590 0 0 1 0 1
3600 0 0 1 0 1
3610 0 0 1 0 1
3620 0 0 1 0 1
3630 0 0 1 0 1
3640 0 0 1 0 1
3650 0 0 1 0 1
3660 0 0 1 0 1
3670 0 0 1 0 1
3680 0 0 1 0 1
3690 0 0 1 0 1
3700 0 0 1 0 1
3710 0 0 1 0 1
3720 0 0 1 0 1
3730 0 0 1 0 1
3740 0 0 1 0 1
3750 0 0 1 0 1
3760 0 0 1 0 1
3770 0 0 1 0 1
3780 0 0 1 0 1
3790 0 0 1 0 1
3800 0 0 1 0 1
3810 0 0 1 0 1
3820 0 0 1 0 1
3830 0 0 1 0 1
3840 0 0 1 0 1
3850 0 0 1 0 1
3860 0 0 1 0 1
3870 0 0 1 0 1
3880 0 0 1 0 1
3890 0 0 1 0 1
3900 0 0 1 0 1
3910 0 0 1 0 1
3920 0 0 1 0 1
3930 0 0 1 0 1
3940 0 0 1 0 1
3950 0 0 1 0 1
3960 0 0 1 0 1
3970 0 0 1 0 1
3980 0 0 1 0 1
3990 0 0 1 0 1
4000 0 0 1 0 1
4010 0 0 1 0 1
4020 0 0 1 0 1
4030 0 0 1 0 1
4040 0 0 1 0 1
4050 0 0 1 0 1
4060 0 0 1 0 1
4070 0 0 1 0 1
4080 0 0 1 0 1
4090 0 0 1 0 0
4100 0 0 1 0 0
4110 0 0 1 0 0
4120 0 0 1 0 0
4130 0 0 0 0 0
4140 0 0 0 0 0
4150 0 0 0 0 0
4160 0 0 0 0 0
4170 0 0 0 0 0
4180 0 0 0 0 0
4190 0 0 0 0 0
4200 0 0 0 0 0
4210 0 0 0 0 0
4220 0 0 0 0 0
4230 0 0 0 0 0
4240 0 0 0 0 0
4250 0 0 0 0 0
4260 0 0 0 0 0
4270 0 0 0 0 0
4280 0 0 0 0 0
4290 0 0 0 0 0
4300 0 0 0 0 0
4310 0 0 0 0 0
4320 0 0 0 0 0
4330 0 0 0 0 0
4340 0 0 0 0 0
4350 0 0 0 0 0
4360 0 0 0 0 0
4370 0 0 0 0 0
4380 0 1 0 0 0
4390 0 1 0 0 0
4400 1 0 0 0 0
4410 1 0 0 0 0
4420 1 0 0 0 0
4430 1 0 0 0 0
4440 1 0 0 0 0
4450 1 0 0 0 0
4460 1 0 0 0 1
4470 1 0 0 0 1
4480 1 0 0 0 1
4490 1 0 0 0 1
4500 1 0 0 0 1
4510 1 0 0 0 1
4520 1 0 0 0 1
4530 1 0 0 0 1
4540 1 0 0 0 1
4550 1 0 0 0 1
4560 1 0 0 1 1
4570 1 0 0 1 1
4580 1 0 0 1 1
4590 1 0 1 0 1
4600 0 1 1 0 1
4610 0 1 1 0 1
4620 0 0 1 0 1
4630 0 0 1 0 1
4640 0 0 1 0 1
4650 0 0 1 0 1
4660 0 0 1 0 1
4670 0 0 1 0 1
4680 0 0 1 0 1
4690 0 0 1 0 1
4700 0 0 1 0 1
4710 0 0 1 0 1
4720 0 0 1 0 1
4730 0 0 1 0 1
4740 0 0 1 0 1
4750 0 0 1 0 1
4760 0 0 1 0 1
4770 0 0 1 0 1
4780 0 0 1 0 1
4790 0 0 1 0 1
4800 0 0 1 0 0
4810 0 0 1 0 0
4820 0 0 0 0 0
4830 0 0 0 0 0
4840 0 0 0 0 0
4850 0 0 0 0 0
4860 0 0 0 0 0
4870 0 0 0 0 0
4880 0 0 0 0 0
4890 0 0 0 0 0
4900 0 0 0 0 0
4910 0 0 0 0 0
4920 0 0 0 0 0
4930 0 0 0 0 0
4940 0 0 0 0 0
4950 0 0 0 0 0
4960 0 0 0 0 0
4970 0 0 0 0 0
4980 0 0 0 0 0
4990 0 0 0 0 0
5000 0 0 0 0 0
5010 0 0 0 0 0
5020 0 0 0 0 0
5030 0 0 0 0 0
5040 0 0 0 0 0
5050 0 0 0 0 0
5060 0 0 0 0 0
5070 0 0 0 0 0
5080 0 0 0 0 0
5090 0 0 0 0 0
5100 0 0 0 0 0
5110 0 0 0 0 0
5120 0 0 0 0 0
