0 0 0 0 0 0
10 0 0 0 0 0
20 0 0 0 0 0
30 0 0 0 0 0
40 0 0 0 0 0
50 0 0 0 0 0
60 0 0 0 0 0
70 0 0 0 0 0
80 0 0 0 0 0
90 0 0 0 0 0
100 0 0 0 0 0
110 0 0 0 0 0
120 0 0 0 0 0
130 0 0 0 0 0
140 0 0 0 0 0
150 0 0 0 0 0
160 0 0 0 0 0
170 0 0 0 0 0
180 0 0 0 0 0
190 0 0 0 0 0
200 0 0 0 0 0
210 0 0 0 0 0
220 0 0 0 0 0
230 0 0 0 0 0
240 0 0 0 0 0
250 0 0 0 0 0
260 0 0 0 0 0
270 0 0 0 0 0
280 0 0 0 0 0
290 0 0 0 0 0
300 0 0 0 0 0
310 0 0 0 0 0
320 0 0 0 0 0
330 0 0 0 0 0
340 0 0 0 0 0
350 0 0 0 0 0
360 0 0 0 0 0
370 0 0 0 0 0
380 0 0 0 0 0
390 0 0 0 0 0
400 0 0 0 0 0
410 0 0 0 0 0
420 0 0 0 0 0
430 0 0 0 0 0
440 0 0 0 0 0
450 0 0 0 0 0
460 0 0 0 0 0
470 0 0 0 0 0
480 0 0 0 0 0
490 0 0 0 0 0
500 0 0 0 0 0
510 0 0 0 0 0
520 0 0 0 0 0
530 0 0 0 0 0
540 0 0 0 0 0
550 0 0 0 0 0
560 0 0 0 0 0
570 0 0 0 0 0
580 0 0 0 0 0
590 0 0 0 0 0
600 0 0 0 0 0
610 0 0 0 0 0
620 0 0 0 0 0
630 0 0 0 0 0
640 0 0 0 0 0
650 0 0 0 0 0
660 0 0 0 0 0
670 0 0 0 0 0
680 0 0 0 0 0
690 0 0 0 0 0
700 0 0 0 0 0
710 0 0 0 0 0
720 0 0 0 0 0
730 0 0 0 0 0
740 0 0 0 0 0
750 0 0 0 0 0
760 0 0 0 0 0
770 0 0 0 0 0
780 0 0 0 0 0
790 0 0 0 0 0
800 0 0 0 0 0
810 0 0 0 0 0
820 0 0 0 0 0
830 0 0 0 0 0
840 0 0 0 0 0
850 0 0 0 0 0
860 0 0 0 0 0
870 0 1 0 0 0
880 0 1 0 0 0
890 0 1 0 0 0
900 1 0 0 0 0
910 1 0 0 0 0
920 1 0 0 0 0
930 1 0 0 0 0
940 1 0 0 0 0
950 1 0 0 0 0
960 1 0 0 0 0
970 1 0 0 0 0
980 1 0 0 0 0
990 1 0 0 0 0
1000 1 0 0 0 0
1010 1 0 0 0 0
1020 1 0 0 0 0
1030 1 0 0 0 0
1040 1 0 0 0 0
1050 1 0 0 0 0
1060 1 0 0 0 0
1070 1 0 0 0 0
1080 1 0 0 0 0
1090 1 0 0 0 0
1100 1 0 0 0 0
1110 1 0 0 0 0
1120 1 0 0 0 0
1130 1 0 0 0 0
1140 1 0 0 0 1
1150 1 0 0 0 1
1160 1 0 0 0 1
1170 1 0 0 0 1
1180 1 0 0 0 1
1190 1 0 0 0 1
1200 1 0 0 0 1
1210 1 0 0 0 1
1220 1 0 0 0 1
1230 1 0 0 0 1
1240 1 0 0 0 1
1250 1 0 0 0 1
1260 1 0 0 0 1
1270 1 0 0 0 1
1280 1 0 0 0 1
1290 1 0 0 1 1
1300 1 0 0 1 1
1310 1 0 0 1 1
1320 1 0 0 1 1
1330 1 0 0 1 1
1340 1 0 1 0 1
1350 1 0 1 0 1
1360 1 0 1 0 1
1370 1 0 1 0 1
1380 1 0 1 0 1
1390 1 0 1 0 1
1400 1 0 1 0 1
1410 0 1 1 0 1
1420 0 1 1 0 1
1430 0 0 1 0 1
1440 0 0 1 0 1
1450 0 0 1 0 1
1460 0 0 1 0 1
1470 0 0 1 0 1
1480 0 0 1 0 1
1490 0 0 1 0 1
1500 0 0 1 0 0
1510 0 0 1 0 0
1520 0 0 1 0 0
1530 0 0 1 0 0
1540 0 0 1 0 0
1550 0 0 1 0 0
1560 0 0 0 0 0
1570 0 0 0 0 0
1580 0 0 0 0 0
1590 0 0 0 0 0
1600 0 0 0 0 0
1610 0 0 0 0 0
1620 0 0 0 0 0
1630 0 0 0 0 0
1640 0 0 0 0 0
1650 0 0 0 0 0
1660 0 0 0 0 0
1670 0 0 0 0 0
1680 0 0 0 0 0
1690 0 0 0 0 0
1700 0 0 0 0 0
1710 0 0 0 0 0
1720 0 0 0 0 0
1730 0 0 0 0 0
1740 0 0 0 0 0
1750 0 0 0 0 0
1760 0 0 0 0 0
1770 0 0 0 0 0
1780 0 0 0 0 0
1790 0 0 0 0 0
1800 0 0 0 0 0
1810 0 1 0 0 0
1820 0 1 0 0 0
1830 0 1 0 0 0
1840 0 1 0 0 0
1850 0 0 0 0 0
1860 0 0 0 0 0
1870 0 0 0 0 0
1880 0 0 0 0 0
1890 0 0 0 0 0
1900 0 0 0 0 0
1910 0 1 0 0 0
1920 0 1 0 0 0
1930 0 1 0 0 0
1940 0 1 0 0 0
1950 1 0 0 0 0
1960 1 0 0 0 0
1970 1 0 0 0 0
1980 1 0 0 0 0
1990 1 0 0 0 0
2000 1 0 0 0 0
2010 1 0 0 0 0
2020 1 0 0 0 1
2030 1 0 0 0 1
2040 1 0 0 0 1
2050 1 0 0 0 1
2060 1 0 0 0 1
2070 1 0 0 0 1
2080 1 0 0 0 1
2090 1 0 0 0 1
2100 1 0 0 0 1
2110 1 0 0 0 1
2120 1 0 0 0 1
2130 1 0 0 1 1
2140 1 0 0 1 1
2150 1 0 0 1 1
2160 1 0 0 1 1
2170 1 0 0 1 1
2180 1 0 0 1 1
2190 1 0 0 1 1
2200 1 0 0 1 1
2210 1 0 0 1 1
2220 1 0 0 1 1
2230 1 0 1 0 1
2240 1 0 1 0 1
2250 1 0 1 0 1
2260 1 0 1 0 1
2270 1 0 1 0 1
2280 1 0 1 0 1
2290 1 0 1 0 1
2300 1 0 1 0 1
2310 1 0 1 0 1
2320 1 0 1 0 1
2330 0 1 1 0 1
2340 0 1 1 0 1
2350 0 1 1 0 1
2360 0 0 1 0 1
2370 0 0 1 0 1
2380 0 0 1 0 1
2390 0 0 1 0 1
2400 0 0 1 0 1
2410 0 0 1 0 1
2420 0 0 1 0 1
2430 0 0 1 0 1
2440 0 0 1 0 1
2450 0 0 1 0 1
2460 0 0 1 0 0
2470 0 0 1 0 0
2480 0 0 1 0 0
2490 0 0 1 0 0
2500 0 0 0 0 0
2510 0 0 0 0 0
2520 0 0 0 0 0
2530 0 0 0 0 0
2540 0 0 0 0 0
2550 0 0 0 0 0
2560 0 0 0 0 0
2570 0 0 0 0 0
2580 0 0 0 0 0
2590 0 0 0 0 0
2600 0 0 0 0 0
2610 0 0 0 0 0
2620 0 1 0 0 0
2630 0 1 0 0 0
2640 0 1 0 0 0
2650 0 1 0 0 0
2660 0 1 0 0 0
2670 0 1 0 0 0
2680 0 1 0 0 0
2690 0 1 0 0 0
2700 0 1 0 0 0
2710 0 1 0 0 0
2720 0 1 0 0 0
2730 0 1 0 0 0
2740 0 1 0 0 0
2750 0 1 0 0 0
2760 0 1 0 0 0
2770 0 1 0 0 0
2780 0 1 0 0 0
2790 0 1 0 0 0
2800 0 1 0 0 0
2810 0 1 0 0 0
2820 0 1 0 0 0
2830 0 1 0 0 0
2840 0 1 0 0 0
2850 0 1 0 0 0
2860 0 1 0 0 0
2870 1 0 0 0 0
2880 1 0 0 0 0
2890 1 0 0 0 0
2900 1 0 0 0 0
2910 1 0 0 0 0
2920 1 0 0 0 0
2930 1 0 0 0 0
2940 1 0 0 0 1
2950 1 0 0 0 1
2960 1 0 0 0 1
2970 1 0 0 0 1
2980 1 0 0 0 1
2990 1 0 0 0 1
3000 1 0 0 0 1
3010 1 0 0 0 1
3020 1 0 0 0 1
3030 1 0 0 1 1
3040 1 0 0 1 1
3050 1 0 0 1 1
3060 1 0 0 1 1
3070 1 0 0 1 1
3080 1 0 1 0 1
3090 1 0 1 0 1
3100 0 1 1 0 1
3110 0 1 1 0 1
3120 0 1 1 0 1
3130 0 0 1 0 1
3140 0 0 1 0 1
3150 0 0 1 0 1
3160 0 0 1 0 1
3170 0 0 1 0 1
3180 0 0 1 0 1
3190 0 0 1 0 1
3200 0 0 1 0 1
3210 0 0 1 0 1
3220 0 0 1 0 1
3230 0 0 1 0 1
3240 0 0 1 0 0
3250 0 0 1 0 0
3260 0 0 1 0 0
3270 0 0 1 0 0
3280 0 0 1 0 0
3290 0 0 1 0 0
3300 0 0 1 0 0
3310 0 0 1 0 0
3320 0 0 1 0 0
3330 0 0 1 0 0
3340 0 0 0 1 0
3350 0 0 0 0 0
3360 0 0 0 0 0
3370 0 0 0 0 0
3380 0 0 0 0 0
