0 0 0 0 0 0
10 0 0 0 0 0
20 0 0 0 0 0
30 0 0 0 0 0
40 0 0 0 0 0
50 0 0 0 0 0
60 0 0 0 0 0
70 0 0 0 0 0
80 0 0 0 0 0
90 0 0 0 0 0
100 0 0 0 0 0
110 0 0 0 0 0
120 0 0 0 0 0
130 0 0 0 0 0
140 0 0 0 0 0
150 0 0 0 0 0
160 0 0 0 0 0
170 0 0 0 0 0
180 0 0 0 0 0
190 0 0 0 0 0
200 0 0 0 0 0
210 0 0 0 0 0
220 0 0 0 0 0
230 0 0 0 0 0
240 0 0 0 0 0
250 0 0 0 0 0
260 0 0 0 0 0
270 0 0 0 0 0
280 0 0 0 0 0
290 0 0 0 0 0
300 0 0 0 0 0
310 0 0 0 0 0
320 0 1 0 0 0
330 0 1 0 0 0
340 0 1 0 0 0
350 0 1 0 0 0
360 1 0 0 0 0
370 1 0 0 0 0
380 1 0 0 0 0
390 1 0 0 0 0
400 1 0 0 0 0
410 1 0 0 0 1
420 1 0 0 0 1
430 1 0 0 0 1
440 1 0 0 0 1
450 1 0 0 0 1
460 1 0 0 0 1
470 1 0 0 0 1
480 1 0 0 0 1
490 1 0 0 0 1
500 1 0 0 0 1
510 1 0 0 0 1
520 1 0 0 1 1
530 1 0 0 1 1
540 1 0 0 1 1
550 1 0 0 1 1
560 1 0 0 1 1
570 1 0 0 1 1
580 1 0 0 1 1
590 1 0 0 0 1
600 1 0 0 0 1
610 1 0 0 0 1
620 1 0 0 0 1
630 1 0 0 0 1
640 1 0 0 0 1
650 1 0 0 0 1
660 1 0 0 0 1
670 1 0 0 0 1
680 1 0 0 0 1
690 1 0 0 0 1
700 1 0 0 1 1
710 1 0 0 1 1
720 1 0 0 1 1
730 1 0 1 0 1
740 1 0 1 0 1
750 0 1 1 0 1
760 0 1 1 0 1
770 0 0 1 0 1
780 0 0 1 0 1
790 0 0 1 0 1
800 0 0 1 0 1
810 0 0 1 0 1
820 0 0 1 0 1
830 0 0 1 0 1
840 0 0 1 0 1
850 0 0 1 0 1
860 0 0 1 0 1
870 0 0 1 0 1
880 0 0 1 0 1
890 0 0 1 0 1
900 0 0 1 0 1
910 0 0 1 0 1
920 0 0 1 0 1
930 0 0 1 0 1
940 0 0 1 0 1
950 0 0 1 0 1
960 0 0 1 0 1
970 0 0 1 0 1
980 0 0 1 0 1
990 0 0 1 0 1
1000 0 0 1 0 1
1010 0 0 1 0 1
1020 0 0 1 0 1
1030 0 0 1 0 1
1040 0 0 1 0 1
1050 0 0 1 0 1
1060 0 0 1 0 1
1070 0 0 1 0 1
1080 0 0 1 0 1
1090 0 0 1 0 1
1100 0 0 1 0 1
1110 0 0 1 0 1
1120 0 0 1 0 1
1130 0 0 1 0 1
1140 0 0 1 0 1
1150 0 0 1 0 1
1160 0 0 1 0 1
1170 0 0 1 0 1
1180 0 0 1 0 1
1190 0 0 1 0 0
1200 0 0 1 0 0
1210 0 0 1 0 0
1220 0 0 1 0 0
1230 0 0 0 0 0
1240 0 0 0 0 0
1250 0 0 0 0 0
1260 0 0 0 0 0
1270 0 0 0 0 0
1280 0 0 0 0 0
1290 0 0 0 0 0
1300 0 0 0 0 0
1310 0 0 0 0 0
1320 0 0 0 0 0
1330 0 0 0 0 0
1340 0 0 0 0 0
1350 0 0 0 0 0
1360 0 0 0 0 0
1370 0 0 0 0 0
1380 0 0 0 0 0
1390 0 0 0 0 0
1400 0 0 0 0 0
1410 0 0 0 0 0
1420 0 0 0 0 0
1430 0 1 0 0 0
1440 0 1 0 0 0
1450 0 1 0 0 0
1460 0 1 0 0 0
1470 0 1 0 0 0
1480 0 1 0 0 0
1490 1 0 0 0 0
1500 1 0 0 0 0
1510 1 0 0 0 0
1520 1 0 0 0 0
1530 1 0 0 0 0
1540 1 0 0 0 0
1550 1 0 0 0 0
1560 1 0 0 0 0
1570 1 0 0 0 1
1580 1 0 0 0 1
1590 1 0 0 0 1
1600 1 0 0 0 1
1610 1 0 0 0 1
1620 1 0 0 0 1
1630 1 0 0 0 1
1640 1 0 0 0 1
1650 1 0 0 0 1
1660 1 0 0 0 1
1670 1 0 0 0 1
1680 1 0 0 0 1
1690 1 0 0 1 1
1700 1 0 0 1 1
1710 1 0 0 1 1
1720 1 0 1 0 1
1730 1 0 1 0 1
1740 1 0 1 0 1
1750 0 1 1 0 1
1760 0 1 1 0 1
1770 0 0 1 0 1
1780 0 0 1 0 1
1790 0 0 1 0 1
1800 0 0 1 0 1
1810 0 0 1 0 1
1820 0 0 1 0 1
1830 0 0 1 0 1
1840 0 0 1 0 1
1850 0 0 1 0 1
1860 0 0 1 0 1
1870 0 0 1 0 1
1880 0 0 1 0 1
1890 0 0 1 0 1
1900 0 0 1 0 1
1910 0 0 1 0 1
1920 0 0 1 0 1
1930 0 0 1 0 1
1940 0 0 1 0 1
1950 0 0 1 0 1
1960 0 0 1 0 1
1970 0 0 1 0 1
1980 0 0 1 0 1
1990 0 0 1 0 1
2000 0 0 1 0 1
2010 0 0 1 0 1
2020 0 0 1 0 1
2030 0 0 1 0 1
2040 0 0 1 0 1
2050 0 0 1 0 1
2060 0 0 1 0 1
2070 0 0 1 0 1
2080 0 0 1 0 1
2090 0 0 1 0 1
2100 0 0 1 0 0
2110 0 0 1 0 0
2120 0 0 1 0 0
2130 0 0 0 0 0
2140 0 0 0 0 0
2150 0 0 0 0 0
2160 0 0 0 0 0
2170 0 0 0 0 0
2180 0 0 0 0 0
2190 0 0 0 0 0
2200 0 0 0 0 0
2210 0 0 0 0 0
2220 0 0 0 0 0
2230 0 0 0 0 0
2240 0 0 0 0 0
2250 0 0 0 0 0
2260 0 0 0 0 0
2270 0 0 0 0 0
2280 0 0 0 0 0
2290 0 0 0 0 0
2300 0 0 0 0 0
2310 0 0 0 0 0
2320 0 0 0 0 0
2330 0 0 0 0 0
2340 0 0 0 0 0
2350 0 0 0 0 0
2360 0 0 0 0 0
2370 0 0 0 0 0
2380 0 0 0 0 0
2390 0 1 0 0 0
2400 0 1 0 0 0
2410 1 0 0 0 0
2420 1 0 0 0 0
2430 1 0 0 0 0
2440 1 0 0 0 1
2450 1 0 0 0 1
2460 1 0 0 0 1
2470 1 0 0 0 1
2480 1 0 0 0 1
2490 1 0 0 0 1
2500 1 0 0 0 1
2510 1 0 0 0 1
2520 1 0 0 0 1
2530 1 0 0 0 1
2540 1 0 0 0 1
2550 1 0 0 0 1
2560 1 0 0 1 1
2570 1 0 0 1 1
2580 1 0 0 0 1
2590 1 0 0 0 1
2600 1 0 0 0 1
2610 1 0 0 0 1
2620 1 0 0 0 1
2630 1 0 0 0 1
2640 1 0 0 0 1
2650 1 0 0 1 1
2660 1 0 0 1 1
2670 1 0 0 1 1
2680 1 0 0 1 1
2690 1 0 0 1 1
2700 1 0 1 0 1
2710 1 0 1 0 1
2720 0 1 1 0 1
2730 0 1 1 0 1
2740 0 0 1 0 1
2750 0 0 1 0 1
2760 0 0 1 0 1
2770 0 0 1 0 1
2780 0 0 1 0 1
2790 0 0 1 0 1
2800 0 0 1 0 1
2810 0 0 1 0 1
2820 0 0 1 0 1
2830 0 0 1 0 1
2840 0 0 1 0 1
2850 0 0 1 0 1
2860 0 0 1 0 1
2870 0 0 1 0 1
2880 0 0 1 0 1
2890 0 0 1 0 1
2900 0 0 1 0 1
2910 0 0 1 0 0
2920 0 0 1 0 0
2930 0 0 1 0 0
2940 0 0 1 0 0
2950 0 0 1 0 0
2960 0 0 0 0 0
2970 0 0 0 0 0
2980 0 0 0 0 0
2990 0 0 0 0 0
3000 0 0 0 0 0
3010 0 0 0 0 0
3020 0 0 0 0 0
3030 0 0 0 0 0
3040 0 0 0 0 0
3050 0 0 0 0 0
3060 0 0 0 0 0
3070 0 0 0 0 0
3080 0 0 0 0 0
