0 0 0 0 0 0
10 0 0 0 0 0
20 0 0 0 0 0
30 0 0 0 0 0
40 0 0 0 0 0
50 0 0 0 0 0
60 0 0 0 0 0
70 0 0 0 0 0
80 0 0 0 0 0
90 0 0 0 0 0
100 0 0 0 0 0
110 0 0 0 0 0
120 0 0 0 0 0
130 0 0 0 0 0
140 0 0 0 0 0
150 0 0 0 0 0
160 0 0 0 0 0
170 0 0 0 0 0
180 0 0 0 0 0
190 0 0 0 0 0
200 0 0 0 0 0
210 0 0 0 0 0
220 0 0 0 0 0
230 0 0 0 0 0
240 0 0 0 0 0
250 0 0 0 0 0
260 0 0 0 0 0
270 0 0 0 0 0
280 0 0 0 0 0
290 0 0 0 0 0
300 0 0 0 0 0
310 0 0 0 0 0
320 0 0 0 0 0
330 0 0 0 0 0
340 0 0 0 0 0
350 0 0 0 0 0
360 0 0 0 0 0
370 0 0 0 0 0
380 0 0 0 0 0
390 0 0 0 0 0
400 0 0 0 0 0
410 0 0 0 0 0
420 0 0 0 0 0
430 0 0 0 0 0
440 0 0 0 0 0
450 0 0 0 0 0
460 0 1 0 0 0
470 0 1 0 0 0
480 1 0 0 0 0
490 1 0 0 0 0
500 1 0 0 0 0
510 1 0 0 0 0
520 1 0 0 0 1
530 1 0 0 0 1
540 1 0 0 0 1
550 1 0 0 0 1
560 1 0 0 0 1
570 1 0 0 0 1
580 1 0 0 0 1
590 1 0 0 0 1
600 1 0 0 0 1
610 1 0 0 0 1
620 1 0 0 0 1
630 1 0 0 0 1
640 1 0 0 0 1
650 1 0 0 0 1
660 1 0 0 0 1
670 1 0 0 0 1
680 1 0 0 0 1
690 1 0 0 0 1
700 1 0 0 0 1
710 1 0 0 0 1
720 1 0 0 0 1
730 1 0 0 0 1
740 1 0 0 0 1
750 1 0 0 0 1
760 1 0 0 0 1
770 1 0 0 1 1
780 1 0 0 1 1
790 1 0 1 0 1
800 1 0 1 0 1
810 0 1 1 0 1
820 0 1 1 0 1
830 0 1 1 0 1
840 0 0 1 0 1
850 0 0 1 0 1
860 0 0 1 0 1
870 0 0 1 0 1
880 0 0 1 0 1
890 0 0 1 0 1
900 0 0 1 0 1
910 0 0 1 0 1
920 0 0 1 0 1
930 0 0 1 0 1
940 0 0 1 0 1
950 0 0 1 0 1
960 0 0 1 0 1
970 0 0 1 0 0
980 0 0 1 0 0
990 0 0 1 0 0
1000 0 0 1 0 0
1010 0 0 1 0 0
1020 0 0 0 0 0
1030 0 0 0 0 0
1040 0 0 0 0 0
1050 0 0 0 0 0
1060 0 0 0 0 0
1070 0 0 0 0 0
1080 0 0 0 0 0
1090 0 0 0 0 0
1100 0 0 0 0 0
1110 0 0 0 0 0
1120 0 0 0 0 0
1130 0 0 0 0 0
1140 0 0 0 0 0
1150 0 0 0 0 0
1160 0 0 0 0 0
1170 0 0 0 0 0
1180 0 0 0 0 0
1190 0 0 0 0 0
1200 0 0 0 0 0
1210 0 0 0 0 0
1220 0 0 0 0 0
1230 0 0 0 0 0
1240 0 0 0 0 0
1250 0 0 0 0 0
1260 0 1 0 0 0
1270 0 1 0 0 0
1280 0 1 0 0 0
1290 0 1 0 0 0
1300 0 1 0 0 0
1310 0 1 0 0 0
1320 0 1 0 0 0
1330 0 1 0 0 0
1340 0 1 0 0 0
1350 0 1 0 0 0
1360 0 1 0 0 0
1370 1 0 0 0 0
1380 1 0 0 0 0
1390 1 0 0 0 0
1400 1 0 0 0 0
1410 1 0 0 0 0
1420 1 0 0 0 0
1430 1 0 0 0 1
1440 1 0 0 0 1
1450 1 0 0 0 1
1460 1 0 0 0 1
1470 1 0 0 0 1
1480 1 0 0 0 1
1490 1 0 0 0 1
1500 1 0 0 0 1
1510 1 0 0 1 1
1520 1 0 0 1 1
1530 1 0 0 1 1
1540 1 0 0 1 1
1550 1 0 0 1 1
1560 1 0 1 0 1
1570 1 0 1 0 1
1580 0 0 1 0 1
1590 0 0 1 0 1
1600 0 0 1 0 1
1610 0 0 1 0 1
1620 0 0 1 0 1
1630 0 0 1 0 1
1640 0 0 1 0 1
1650 0 0 1 0 1
1660 0 0 1 0 1
1670 0 0 1 0 1
1680 0 0 1 0 1
1690 0 0 1 0 1
1700 0 0 1 0 1
1710 0 0 1 0 1
1720 0 0 1 0 1
1730 0 0 1 0 1
1740 0 0 1 0 1
1750 0 0 1 0 1
1760 0 0 1 0 1
1770 0 0 1 0 1
1780 0 0 1 0 1
1790 0 0 1 0 1
1800 0 0 1 0 1
1810 0 0 1 0 1
1820 0 0 1 0 1
1830 0 0 1 0 1
1840 0 0 1 0 1
1850 0 0 1 0 1
1860 0 0 1 0 1
1870 0 0 1 0 1
1880 0 0 1 0 1
1890 0 0 1 0 0
1900 0 0 1 0 0
1910 0 0 0 0 0
1920 0 0 0 0 0
1930 0 0 0 0 0
1940 0 0 0 0 0
1950 0 0 0 0 0
1960 0 0 0 0 0
1970 0 0 0 0 0
1980 0 0 0 0 0
1990 0 0 0 0 0
2000 0 0 0 0 0
2010 0 0 0 0 0
2020 0 0 0 0 0
2030 0 0 0 0 0
2040 0 0 0 0 0
2050 0 0 0 0 0
2060 0 0 0 0 0
2070 0 0 0 0 0
2080 0 0 0 0 0
2090 0 0 0 0 0
2100 0 0 0 0 0
2110 0 0 0 0 0
2120 0 0 0 0 0
2130 0 0 0 0 0
2140 0 0 0 0 0
2150 0 0 0 0 0
2160 0 1 0 0 0
2170 0 1 0 0 0
2180 1 0 0 0 0
2190 1 0 0 0 0
2200 1 0 0 0 0
2210 1 0 0 0 0
2220 1 0 0 0 0
2230 1 0 0 0 1
2240 1 0 0 0 1
2250 1 0 0 0 1
2260 1 0 0 0 1
2270 1 0 0 0 1
2280 1 0 0 0 1
2290 1 0 0 0 1
2300 1 0 0 1 1
2310 1 0 0 1 1
2320 1 0 0 1 1
2330 1 0 0 1 1
2340 1 0 0 1 1
2350 1 0 0 1 1
2360 1 0 0 1 1
2370 1 0 0 1 1
2380 1 0 0 1 1
2390 1 0 0 1 1
2400 1 0 0 1 1
2410 1 0 0 1 1
2420 1 0 1 0 1
2430 1 0 1 0 1
2440 0 1 1 0 1
2450 0 0 1 0 1
2460 0 0 1 0 1
2470 0 0 1 0 1
2480 0 0 1 0 1
2490 0 0 1 0 1
2500 0 0 1 0 1
2510 0 0 1 0 1
2520 0 0 1 0 1
2530 0 0 1 0 1
2540 0 0 1 0 1
2550 0 0 1 0 1
2560 0 0 1 0 1
2570 0 0 1 0 1
2580 0 0 1 0 1
2590 0 0 1 0 1
2600 0 0 1 0 1
2610 0 0 1 0 1
2620 0 0 1 0 1
2630 0 0 1 0 1
2640 0 0 1 0 1
2650 0 0 1 0 1
2660 0 0 1 0 1
2670 0 0 1 0 1
2680 0 0 1 0 1
2690 0 0 1 0 1
2700 0 0 1 0 1
2710 0 0 1 0 1
2720 0 0 1 0 1
2730 0 0 1 0 1
2740 0 0 1 0 1
2750 0 0 1 0 1
2760 0 0 1 0 1
2770 0 0 1 0 1
2780 0 0 1 0 0
2790 0 0 1 0 0
2800 0 0 1 0 0
2810 0 0 0 0 0
2820 0 0 0 0 0
2830 0 0 0 0 0
2840 0 0 0 0 0
2850 0 0 0 0 0
