0 0 0 0 0 0
10 0 0 0 0 0
20 0 0 0 0 0
30 0 0 0 0 0
40 0 0 0 0 0
50 0 0 0 0 0
60 0 0 0 0 0
70 0 0 0 0 0
80 0 0 0 0 0
90 0 0 0 0 0
100 0 0 0 0 0
110 0 0 0 0 0
120 0 0 0 0 0
130 0 0 0 0 0
140 0 0 0 0 0
150 0 0 0 0 0
160 0 0 0 0 0
170 0 0 0 0 0
180 0 0 0 0 0
190 0 0 0 0 0
200 0 0 0 0 0
210 0 0 0 0 0
220 0 0 0 0 0
230 0 0 0 0 0
240 0 0 0 0 0
250 0 0 0 0 0
260 0 0 0 0 0
270 0 0 0 0 0
280 0 0 0 0 0
290 0 0 0 0 0
300 0 0 0 0 0
310 0 0 0 0 0
320 0 0 0 0 0
330 0 0 0 0 0
340 0 0 0 0 0
350 0 0 0 0 0
360 0 0 0 0 0
370 0 0 0 0 0
380 0 0 0 0 0
390 0 0 0 0 0
400 0 0 0 0 0
410 0 0 0 0 0
420 0 0 0 0 0
430 0 0 0 0 0
440 0 0 0 0 0
450 0 0 0 0 0
460 0 0 0 0 0
470 0 0 0 0 0
480 0 0 0 0 0
490 0 0 0 0 0
500 0 0 0 0 0
510 0 0 0 0 0
520 0 0 0 0 0
530 0 0 0 0 0
540 0 0 0 0 0
550 0 0 0 0 0
560 0 0 0 0 0
570 0 0 0 0 0
580 0 0 0 0 0
590 0 0 0 0 0
600 0 0 0 0 0
610 0 0 0 0 0
620 0 0 0 0 0
630 0 0 0 0 0
640 0 1 0 0 0
650 0 1 0 0 0
660 0 1 0 0 0
670 0 1 0 0 0
680 0 1 0 0 0
690 0 1 0 0 0
700 0 1 0 0 0
710 0 0 0 0 0
720 0 0 0 0 0
730 0 0 0 0 0
740 0 0 0 0 0
750 0 0 0 0 0
760 0 0 0 0 0
770 0 0 0 0 0
780 0 0 0 0 0
790 0 0 0 0 0
800 0 0 0 0 0
810 0 0 0 0 0
820 0 0 0 0 0
830 0 0 0 0 0
840 0 0 0 0 0
850 0 0 0 0 0
860 0 0 0 0 0
870 0 0 0 0 0
880 0 0 0 0 0
890 0 1 0 0 0
900 0 1 0 0 0
910 0 1 0 0 0
920 0 1 0 0 0
930 0 1 0 0 0
940 0 1 0 0 0
950 0 1 0 0 0
960 1 0 0 0 0
970 1 0 0 0 0
980 1 0 0 0 0
990 1 0 0 0 0
1000 1 0 0 0 0
1010 1 0 0 0 0
1020 1 0 0 0 0
1030 1 0 0 0 0
1040 1 0 0 0 0
1050 1 0 0 0 0
1060 1 0 0 0 0
1070 1 0 0 0 0
1080 1 0 0 0 0
1090 1 0 0 0 0
1100 1 0 0 0 1
1110 1 0 0 0 1
1120 1 0 0 0 1
1130 1 0 0 0 1
1140 1 0 0 0 1
1150 1 0 0 0 1
1160 1 0 0 0 1
1170 1 0 0 0 1
1180 1 0 0 0 1
1190 1 0 0 0 1
1200 1 0 0 0 1
1210 1 0 0 0 1
1220 1 0 0 0 1
1230 1 0 0 0 1
1240 1 0 0 0 1
1250 1 0 0 1 1
1260 1 0 1 0 1
1270 1 0 1 0 1
1280 0 1 1 0 1
1290 0 1 1 0 1
1300 0 1 1 0 1
1310 0 0 1 0 1
1320 0 0 1 0 1
1330 0 0 1 0 1
1340 0 0 1 0 1
1350 0 0 1 0 1
1360 0 0 1 0 1
1370 0 0 1 0 1
1380 0 0 1 0 1
1390 0 0 1 0 1
1400 0 0 1 0 1
1410 0 0 1 0 1
1420 0 0 1 0 1
1430 0 0 1 0 1
1440 0 0 1 0 1
1450 0 0 1 0 1
1460 0 0 1 0 1
1470 0 0 1 0 1
1480 0 0 1 0 1
1490 0 0 1 0 1
1500 0 0 1 0 1
1510 0 0 1 0 1
1520 0 0 1 0 1
1530 0 0 1 0 1
1540 0 0 1 0 1
1550 0 0 1 0 0
1560 0 0 1 0 0
1570 0 0 1 0 0
1580 0 0 1 0 0
1590 0 0 1 0 0
1600 0 0 0 0 0
1610 0 0 0 0 0
1620 0 0 0 0 0
1630 0 0 0 0 0
1640 0 0 0 0 0
1650 0 0 0 0 0
1660 0 0 0 0 0
1670 0 0 0 0 0
1680 0 0 0 0 0
1690 0 0 0 0 0
1700 0 0 0 0 0
1710 0 0 0 0 0
1720 0 0 0 0 0
1730 0 0 0 0 0
1740 0 0 0 0 0
1750 0 0 0 0 0
1760 0 0 0 0 0
1770 0 0 0 0 0
1780 0 0 0 0 0
1790 0 0 0 0 0
1800 0 0 0 0 0
1810 0 0 0 0 0
1820 0 0 0 0 0
1830 0 0 0 0 0
1840 0 0 0 0 0
1850 0 0 0 0 0
1860 0 0 0 0 0
1870 0 1 0 0 0
1880 0 1 0 0 0
1890 0 1 0 0 0
1900 0 1 0 0 0
1910 0 1 0 0 0
1920 1 0 0 0 0
1930 1 0 0 0 0
1940 1 0 0 0 0
1950 1 0 0 0 0
1960 0 0 0 0 0
1970 0 0 0 0 0
1980 0 0 0 0 0
1990 0 0 0 0 0
2000 0 0 0 0 0
2010 0 0 0 0 0
2020 0 0 0 0 0
2030 0 0 0 0 0
2040 0 1 0 0 0
2050 0 1 0 0 0
2060 1 0 0 0 0
2070 1 0 0 0 0
2080 1 0 0 0 0
2090 1 0 0 0 0
2100 1 0 0 0 0
2110 1 0 0 0 0
2120 1 0 0 0 0
2130 1 0 0 0 0
2140 1 0 0 0 0
2150 1 0 0 0 0
2160 1 0 0 0 0
2170 1 0 0 0 0
2180 1 0 0 0 0
2190 1 0 0 0 0
2200 1 0 0 0 0
2210 1 0 0 0 0
2220 1 0 0 0 0
2230 1 0 0 0 0
2240 1 0 0 0 1
2250 1 0 0 0 1
2260 1 0 0 0 1
2270 1 0 0 0 1
2280 1 0 0 0 1
2290 1 0 0 0 1
2300 1 0 0 0 1
2310 1 0 0 0 1
2320 1 0 0 0 1
2330 1 0 0 0 1
2340 1 0 0 0 1
2350 1 0 0 0 1
2360 1 0 0 0 1
2370 1 0 0 0 1
2380 1 0 0 0 1
2390 1 0 0 0 1
2400 1 0 0 0 1
2410 1 0 0 0 1
2420 1 0 0 0 1
2430 1 0 0 0 1
2440 1 0 0 0 1
2450 1 0 0 0 1
2460 1 0 0 0 1
2470 1 0 0 0 1
2480 1 0 0 0 1
2490 1 0 0 0 1
2500 1 0 0 0 1
2510 1 0 0 0 1
2520 1 0 0 0 1
2530 1 0 0 0 1
2540 1 0 0 1 1
2550 1 0 0 1 1
2560 1 0 1 0 1
2570 0 1 1 0 1
2580 0 1 1 0 1
2590 0 1 1 0 1
2600 0 0 1 0 1
2610 0 0 1 0 1
2620 0 0 1 0 1
2630 0 0 1 0 1
2640 0 0 1 0 1
2650 0 0 1 0 1
2660 0 0 1 0 1
2670 0 0 1 0 1
2680 0 0 1 0 1
2690 0 0 1 0 1
2700 0 0 1 0 1
2710 0 0 1 0 1
2720 0 0 1 0 1
2730 0 0 1 0 1
2740 0 0 1 0 1
2750 0 0 1 0 0
2760 0 0 1 0 0
2770 0 0 0 0 0
2780 0 0 0 0 0
2790 0 0 0 0 0
2800 0 0 0 0 0
2810 0 0 0 0 0
2820 0 0 0 0 0
2830 0 0 0 0 0
2840 0 0 0 0 0
2850 0 0 0 0 0
2860 0 0 0 0 0
2870 0 0 0 0 0
2880 0 0 0 0 0
2890 0 0 0 0 0
2900 0 0 0 0 0
2910 0 0 0 0 0
2920 0 0 0 0 0
2930 0 0 0 0 0
2940 0 0 0 0 0
2950 0 0 0 0 0
2960 0 0 0 0 0
2970 0 0 0 0 0
2980 0 0 0 0 0
2990 0 1 0 0 0
3000 1 0 0 0 0
3010 1 0 0 0 0
3020 1 0 0 0 0
3030 1 0 0 0 0
3040 1 0 0 0 0
3050 1 0 0 0 0
3060 1 0 0 0 0
3070 1 0 0 0 0
3080 1 0 0 0 0
3090 1 0 0 0 0
3100 1 0 0 0 1
3110 1 0 0 0 1
3120 1 0 0 0 1
3130 1 0 0 0 1
3140 1 0 0 0 1
3150 1 0 0 0 1
3160 1 0 0 0 1
3170 1 0 0 0 1
3180 1 0 0 0 1
3190 1 0 0 0 1
3200 1 0 0 0 1
3210 1 0 0 0 1
3220 1 0 0 0 1
3230 1 0 0 1 1
3240 1 0 0 1 1
3250 1 0 0 0 1
3260 1 0 0 0 1
3270 1 0 0 0 1
3280 1 0 0 0 1
3290 1 0 0 0 1
3300 1 0 0 0 1
3310 1 0 0 0 1
3320 1 0 0 1 1
3330 1 0 0 1 1
3340 1 0 1 0 1
3350 1 0 1 0 1
3360 0 1 1 0 1
3370 0 1 1 0 1
3380 0 1 1 0 1
3390 0 0 1 0 1
3400 0 0 1 0 1
3410 0 0 1 0 1
3420 0 0 1 0 1
3430 0 0 1 0 1
3440 0 0 1 0 1
3450 0 0 1 0 1
3460 0 0 1 0 1
3470 0 0 1 0 1
3480 0 0 1 0 1
3490 0 0 1 0 1
3500 0 0 1 0 1
3510 0 0 1 0 1
3520 0 0 1 0 1
3530 0 0 1 0 1
3540 0 0 1 0 1
3550 0 0 1 0 1
3560 0 0 1 0 1
3570 0 0 1 0 1
3580 0 0 1 0 1
3590 0 0 0 0 1
3600 0 0 0 0 1
3610 0 0 0 0 1
3620 0 0 0 0 1
3630 0 0 0 0 1
3640 0 0 0 0 1
3650 0 0 0 0 1
3660 0 0 0 0 1
