0 0 0 0 0 0
10 0 0 0 0 0
20 0 0 0 0 0
30 0 0 0 0 0
40 0 0 0 0 0
50 0 0 0 0 0
60 0 0 0 0 0
70 0 0 0 0 0
80 0 0 0 0 0
90 0 0 0 0 0
100 0 0 0 0 0
110 0 0 0 0 0
120 0 0 0 0 0
130 0 0 0 0 0
140 0 0 0 0 0
150 0 0 0 0 0
160 0 0 0 0 0
170 0 0 0 0 0
180 0 0 0 0 0
190 0 0 0 0 0
200 0 0 0 0 0
210 0 0 0 0 0
220 0 0 0 0 0
230 0 0 0 0 0
240 0 0 0 0 0
250 0 0 0 0 0
260 0 0 0 0 0
270 0 0 0 0 0
280 0 0 0 0 0
290 0 0 0 0 0
300 0 0 0 0 0
310 0 0 0 0 0
320 0 0 0 0 0
330 0 0 0 0 0
340 0 0 0 0 0
350 0 0 0 0 0
360 0 0 0 1 0
370 0 0 0 1 0
380 0 0 1 0 0
390 0 0 1 0 0
400 0 0 1 0 0
410 0 0 1 0 0
420 0 0 1 0 0
430 0 0 1 0 1
440 0 0 1 0 1
450 0 0 1 0 1
460 0 0 1 0 1
470 0 0 1 0 1
480 0 0 1 0 1
490 0 0 1 0 1
500 0 0 1 0 1
510 0 0 1 0 1
520 0 0 1 0 1
530 0 0 1 0 1
540 0 0 1 0 1
550 0 1 1 0 1
560 1 0 1 0 1
570 1 0 1 0 1
580 1 0 0 1 1
590 1 0 0 1 1
600 1 0 0 1 1
610 1 0 0 1 1
620 1 0 0 0 1
630 1 0 0 0 1
640 1 0 0 0 1
650 1 0 0 0 1
660 1 0 0 0 1
670 1 0 0 0 1
680 1 0 0 0 1
690 1 0 0 0 1
700 1 0 0 0 1
710 1 0 0 0 1
720 1 0 0 0 1
730 1 0 0 0 0
740 1 0 0 0 0
750 0 0 0 0 0
760 0 0 0 0 0
770 0 0 0 0 0
780 0 0 0 0 0
790 0 0 0 0 0
800 0 0 0 0 0
810 0 0 0 0 0
820 0 0 0 0 0
830 0 0 0 0 0
840 0 0 0 0 0
850 0 0 0 0 0
860 0 0 0 0 0
870 0 0 0 1 0
880 0 0 0 1 0
890 0 0 1 0 0
900 0 0 1 0 0
910 0 0 1 0 0
920 0 0 1 0 0
930 0 0 1 0 0
940 0 0 1 0 0
950 0 0 1 0 0
960 0 0 1 0 0
970 0 0 1 0 0
980 0 0 1 0 0
990 0 0 1 0 1
1000 0 0 1 0 1
1010 0 0 1 0 1
1020 0 0 1 0 1
1030 0 0 1 0 1
1040 0 0 1 0 1
1050 0 0 1 0 1
1060 0 1 1 0 1
1070 0 1 1 0 1
1080 1 0 1 0 1
1090 1 0 0 1 1
1100 1 0 0 1 1
1110 1 0 0 0 1
1120 1 0 0 0 1
1130 1 0 0 0 1
1140 1 0 0 0 1
1150 1 0 0 0 1
1160 1 0 0 0 1
1170 1 0 0 0 1
1180 1 0 0 0 1
1190 1 0 0 0 1
1200 1 0 0 0 1
1210 1 0 0 0 1
1220 1 0 0 0 1
1230 1 0 0 0 1
1240 1 0 0 0 1
1250 1 0 0 0 1
1260 1 0 0 0 1
1270 1 0 0 0 1
1280 1 0 0 0 1
1290 1 0 0 0 0
1300 0 0 0 0 0
1310 0 0 0 0 0
1320 0 0 0 0 0
1330 0 0 0 0 0
1340 0 0 0 0 0
1350 0 0 0 0 0
1360 0 0 0 0 0
1370 0 0 0 0 0
1380 0 0 0 0 0
1390 0 0 0 0 0
1400 0 0 0 1 0
1410 0 0 1 0 0
1420 0 0 1 0 0
1430 0 0 1 0 0
1440 0 0 1 0 1
1450 0 0 1 0 1
1460 0 0 1 0 1
1470 0 0 1 0 1
1480 0 0 1 0 1
1490 0 0 1 0 1
1500 0 0 1 0 1
1510 0 0 1 0 1
1520 0 0 1 0 1
1530 0 1 1 0 1
1540 0 1 1 0 1
1550 1 0 1 0 1
1560 1 0 1 0 1
1570 1 0 0 1 1
1580 1 0 0 0 1
1590 1 0 0 0 1
1600 1 0 0 0 1
1610 1 0 0 0 1
1620 1 0 0 0 1
1630 1 0 0 0 1
1640 1 0 0 0 1
1650 1 0 0 0 1
1660 1 0 0 0 1
1670 1 0 0 0 1
1680 1 0 0 0 0
1690 1 0 0 0 0
1700 1 0 0 0 0
1710 0 0 0 0 0
1720 0 0 0 0 0
1730 0 0 0 0 0
1740 0 0 0 0 0
1750 0 0 0 0 0
1760 0 0 0 0 0
