0 0 0 0 0 0
10 0 0 0 0 0
20 0 0 0 0 0
30 0 0 0 0 0
40 0 0 0 0 0
50 0 0 0 0 0
60 0 0 0 0 0
70 0 0 0 0 0
80 0 0 0 0 0
90 0 0 0 0 0
100 0 0 0 0 0
110 0 0 0 0 0
120 0 0 0 0 0
130 0 0 0 0 0
140 0 0 0 0 0
150 0 0 0 0 0
160 0 0 0 0 0
170 0 0 0 0 0
180 0 0 0 0 0
190 0 0 0 0 0
200 0 0 0 0 0
210 0 0 0 0 0
220 0 0 0 0 0
230 0 0 0 0 0
240 0 0 0 0 0
250 0 0 0 0 0
260 0 0 0 0 0
270 0 0 0 0 0
280 0 1 0 0 0
290 0 1 0 0 0
300 1 0 0 0 0
310 1 0 0 0 0
320 1 0 0 0 0
330 1 0 0 0 0
340 1 0 0 0 0
350 1 0 0 0 0
360 1 0 0 0 0
370 1 0 0 0 1
380 1 0 0 0 1
390 1 0 0 0 1
400 1 0 0 0 1
410 1 0 0 0 1
420 1 0 0 0 1
430 1 0 0 0 1
440 1 0 0 0 1
450 1 0 0 0 1
460 1 0 0 0 1
470 1 0 0 0 1
480 1 0 0 0 1
490 1 0 0 0 1
500 1 0 0 0 1
510 1 0 0 1 1
520 1 0 0 1 1
530 1 0 0 1 1
540 1 0 0 1 1
550 1 0 1 0 1
560 1 0 1 0 1
570 1 0 1 0 1
580 0 1 1 0 1
590 0 1 1 0 1
600 0 1 1 0 1
610 0 1 1 0 1
620 0 1 1 0 1
630 0 1 1 0 1
640 0 0 1 0 1
650 0 0 1 0 1
660 0 0 1 0 1
670 0 0 1 0 1
680 0 0 1 0 1
690 0 0 1 0 1
700 0 0 1 0 1
710 0 0 1 0 1
720 0 0 1 0 1
730 0 0 1 0 1
740 0 0 1 0 1
750 0 0 1 0 1
760 0 0 1 0 1
770 0 0 1 0 1
780 0 0 1 0 1
790 0 0 1 0 1
800 0 0 1 0 1
810 0 0 1 0 1
820 0 0 1 0 1
830 0 0 1 0 1
840 0 0 1 0 1
850 0 0 1 0 1
860 0 0 1 0 1
870 0 0 1 0 1
880 0 0 1 0 1
890 0 0 1 0 1
900 0 0 1 0 1
910 0 0 1 0 1
920 0 0 1 0 1
930 0 0 1 0 1
940 0 0 1 0 1
950 0 0 1 0 1
960 0 0 1 0 1
970 0 0 1 0 1
980 0 0 1 0 1
990 0 0 1 0 1
1000 0 0 1 0 1
1010 0 0 1 0 1
1020 0 0 1 0 1
1030 0 0 1 0 1
1040 0 0 1 0 1
1050 0 0 1 0 1
1060 0 0 1 0 1
1070 0 0 1 0 1
1080 0 0 1 0 1
1090 0 0 1 0 0
1100 0 0 1 0 0
1110 0 0 1 0 0
1120 0 0 0 0 0
1130 0 0 0 0 0
1140 0 0 0 0 0
1150 0 0 0 0 0
1160 0 0 0 0 0
1170 0 0 0 0 0
1180 0 0 0 0 0
1190 0 0 0 0 0
1200 0 0 0 0 0
1210 0 0 0 0 0
1220 0 0 0 0 0
1230 0 0 0 0 0
1240 0 0 0 0 0
1250 0 0 0 0 0
1260 0 0 0 0 0
1270 0 0 0 0 0
1280 0 1 0 0 0
1290 0 1 0 0 0
1300 0 1 0 0 0
1310 1 0 0 0 0
1320 1 0 0 0 0
1330 1 0 0 0 0
1340 1 0 0 0 0
1350 1 0 0 0 0
1360 1 0 0 0 1
1370 1 0 0 0 1
1380 1 0 0 0 1
1390 1 0 0 0 1
1400 1 0 0 0 1
1410 1 0 0 0 1
1420 1 0 0 0 1
1430 1 0 0 0 1
1440 1 0 0 0 1
1450 1 0 0 0 1
1460 1 0 0 0 1
1470 1 0 0 0 1
1480 1 0 0 0 1
1490 1 0 0 0 1
1500 1 0 0 0 1
1510 1 0 0 0 1
1520 1 0 0 0 1
1530 1 0 0 0 1
1540 1 0 0 1 1
1550 1 0 0 1 1
1560 1 0 0 1 1
1570 1 0 0 1 1
1580 1 0 0 1 1
1590 1 0 0 1 1
1600 1 0 1 0 1
1610 1 0 1 0 1
1620 1 0 1 0 1
1630 0 1 1 0 1
1640 0 1 1 0 1
1650 0 0 1 0 1
1660 0 0 1 0 1
1670 0 0 1 0 1
1680 0 0 1 0 1
1690 0 0 1 0 1
1700 0 0 1 0 1
1710 0 0 1 0 1
1720 0 0 1 0 1
1730 0 0 1 0 1
1740 0 0 1 0 1
1750 0 0 1 0 1
1760 0 0 1 0 1
1770 0 0 1 0 1
1780 0 0 1 0 1
1790 0 0 1 0 1
1800 0 0 1 0 1
1810 0 0 1 0 1
1820 0 0 1 0 1
1830 0 0 1 0 1
1840 0 0 1 0 1
1850 0 0 1 0 1
1860 0 0 1 0 1
1870 0 0 1 0 1
1880 0 0 1 0 1
1890 0 0 1 0 1
1900 0 0 1 0 1
1910 0 0 1 0 1
1920 0 0 1 0 1
1930 0 0 1 0 1
1940 0 0 1 0 1
1950 0 0 1 0 1
1960 0 0 1 0 1
1970 0 0 1 0 1
1980 0 0 1 0 1
1990 0 0 1 0 1
2000 0 0 1 0 1
2010 0 0 1 0 1
2020 0 0 1 0 1
2030 0 0 1 0 1
2040 0 0 1 0 1
2050 0 0 1 0 1
2060 0 0 1 0 1
2070 0 0 1 0 1
2080 0 0 1 0 1
2090 0 0 1 0 1
2100 0 0 1 0 1
2110 0 0 1 0 1
2120 0 0 1 0 1
2130 0 0 1 0 1
2140 0 0 1 0 1
2150 0 0 1 0 1
2160 0 0 1 0 1
2170 0 0 1 0 1
2180 0 0 1 0 1
2190 0 0 1 0 1
2200 0 0 1 0 1
2210 0 0 1 0 1
2220 0 0 1 0 1
2230 0 0 1 0 1
2240 0 0 1 0 1
2250 0 0 1 0 1
2260 0 0 1 0 1
2270 0 0 1 0 1
2280 0 0 1 0 1
2290 0 0 1 0 1
2300 0 0 1 0 1
2310 0 0 1 0 1
2320 0 0 1 0 1
2330 0 0 1 0 1
2340 0 0 1 0 0
2350 0 0 1 0 0
2360 0 0 1 0 0
2370 0 0 1 0 0
2380 0 0 1 0 0
2390 0 0 1 0 0
2400 0 0 1 0 0
2410 0 0 0 0 0
2420 0 0 0 0 0
2430 0 0 0 0 0
2440 0 0 0 0 0
2450 0 0 0 0 0
2460 0 0 0 0 0
2470 0 0 0 0 0
2480 0 0 0 0 0
2490 0 0 0 0 0
2500 0 0 0 0 0
2510 0 0 0 0 0
2520 0 0 0 0 0
2530 0 0 0 0 0
2540 0 0 0 0 0
2550 0 0 0 0 0
2560 0 0 0 0 0
2570 0 0 0 0 0
2580 0 0 0 0 0
2590 0 0 0 0 0
2600 0 0 0 0 0
2610 0 0 0 0 0
2620 0 0 0 0 0
2630 0 0 0 0 0
2640 0 0 0 0 0
2650 0 0 0 0 0
2660 0 0 0 0 0
2670 0 0 0 0 0
2680 0 0 0 0 0
2690 0 0 0 0 0
2700 0 0 0 0 0
2710 0 0 0 0 0
2720 0 0 0 0 0
2730 0 0 0 0 0
2740 0 0 0 0 0
2750 0 0 0 0 0
2760 0 0 0 0 0
2770 0 0 0 0 0
2780 0 0 0 0 0
2790 0 0 0 0 0
2800 0 0 0 0 0
2810 0 0 0 0 0
2820 0 0 0 0 0
2830 0 0 0 0 0
2840 0 0 0 0 0
2850 0 0 0 0 0
2860 0 0 0 0 0
2870 0 0 0 0 0
2880 0 0 0 0 0
2890 0 0 0 0 0
2900 0 0 0 0 0
2910 0 0 0 0 0
2920 0 0 0 0 0
2930 0 0 0 0 0
2940 0 0 0 0 0
2950 0 0 0 0 0
2960 0 1 0 0 0
2970 0 1 0 0 0
2980 1 0 0 0 0
2990 1 0 0 0 0
3000 1 0 0 0 0
3010 1 0 0 0 0
3020 1 0 0 0 0
3030 1 0 0 0 1
3040 1 0 0 0 1
3050 1 0 0 0 1
3060 1 0 0 0 1
3070 1 0 0 0 1
3080 1 0 0 0 1
3090 1 0 0 0 1
3100 1 0 0 0 1
3110 1 0 0 0 1
3120 1 0 0 0 1
3130 1 0 0 0 1
3140 1 0 0 0 1
3150 1 0 0 0 1
3160 1 0 0 1 1
3170 1 0 0 1 1
3180 1 0 0 1 1
3190 1 0 0 1 1
3200 1 0 0 1 1
3210 1 0 0 1 1
3220 1 0 0 1 1
3230 1 0 0 1 1
3240 1 0 0 1 1
3250 1 0 0 1 1
3260 1 0 0 1 1
3270 1 0 0 1 1
3280 1 0 0 1 1
3290 1 0 0 1 1
3300 1 0 0 1 1
3310 1 0 0 1 1
3320 1 0 1 0 1
3330 1 0 1 0 1
3340 0 1 1 0 1
3350 0 1 1 0 1
3360 0 1 1 0 1
3370 0 0 1 0 1
3380 0 0 1 0 1
3390 0 0 1 0 1
3400 0 0 1 0 1
3410 0 0 1 0 1
3420 0 0 1 0 1
3430 0 0 1 0 1
3440 0 0 1 0 1
3450 0 0 1 0 1
3460 0 0 1 0 1
3470 0 0 1 0 1
3480 0 0 1 0 1
3490 0 0 1 0 1
3500 0 0 1 0 1
3510 0 0 1 0 1
3520 0 0 1 0 1
3530 0 0 1 0 1
3540 0 0 1 0 1
3550 0 0 1 0 1
3560 0 0 1 0 1
3570 0 0 1 0 1
3580 0 0 1 0 1
3590 0 0 1 0 1
3600 0 0 1 0 1
3610 0 0 1 0 1
3620 0 0 1 0 1
3630 0 0 1 0 1
3640 0 0 1 0 1
3650 0 0 1 0 0
3660 0 0 1 0 0
3670 0 0 0 0 0
3680 0 0 0 0 0
3690 0 0 0 0 0
3700 0 0 0 0 0
3710 0 0 0 0 0
