0 0 0 0 0 0
10 0 0 0 0 0
20 0 0 0 0 0
30 0 0 0 0 0
40 0 0 0 0 0
50 0 0 0 0 0
60 0 0 0 0 0
70 0 0 0 0 0
80 0 0 0 0 0
90 0 0 0 0 0
100 0 0 0 0 0
110 0 0 0 0 0
120 0 0 0 0 0
130 0 0 0 0 0
140 0 0 0 0 0
150 0 0 0 0 0
160 0 0 0 0 0
170 0 0 0 0 0
180 0 0 0 0 0
190 0 0 0 0 0
200 0 0 0 0 0
210 0 0 0 0 0
220 0 0 0 0 0
230 0 0 0 0 0
240 0 0 0 0 0
250 0 0 0 0 0
260 0 0 0 0 0
270 0 0 0 0 0
280 0 0 0 0 0
290 0 0 0 0 0
300 0 0 0 0 0
310 0 0 0 0 0
320 0 0 0 0 0
330 0 0 0 0 0
340 0 0 0 0 0
350 0 0 0 0 0
360 0 0 0 0 0
370 0 0 0 0 0
380 0 0 0 0 0
390 0 0 0 0 0
400 0 0 0 0 0
410 0 0 0 0 0
420 0 0 0 1 0
430 0 0 1 0 0
440 0 0 1 0 0
450 0 0 1 0 0
460 0 0 1 0 0
470 0 0 1 0 0
480 0 0 1 0 0
490 0 0 1 0 1
500 0 0 1 0 1
510 0 0 1 0 1
520 0 0 1 0 1
530 0 0 1 0 1
540 0 0 1 0 1
550 0 0 1 0 1
560 0 0 1 0 1
570 0 0 1 0 1
580 0 0 1 0 1
590 0 0 1 0 1
600 0 0 1 0 1
610 0 0 1 0 1
620 0 0 1 0 1
630 0 0 1 0 1
640 0 0 1 0 1
650 0 0 1 0 1
660 0 0 1 0 1
670 0 0 1 0 1
680 0 0 1 0 1
690 0 1 1 0 1
700 0 1 1 0 1
710 0 1 1 0 1
720 0 1 1 0 1
730 1 0 1 0 1
740 1 0 1 0 1
750 1 0 0 1 1
760 1 0 0 1 1
770 1 0 0 0 1
780 1 0 0 0 1
790 1 0 0 0 1
800 1 0 0 0 1
810 1 0 0 0 1
820 1 0 0 0 1
830 1 0 0 0 1
840 1 0 0 0 1
850 1 0 0 0 1
860 1 0 0 0 1
870 1 0 0 0 1
880 1 0 0 0 1
890 1 0 0 0 1
900 1 0 0 0 1
910 1 0 0 0 0
920 1 0 0 0 0
930 1 0 0 0 0
940 1 0 0 0 0
950 1 0 0 0 0
960 0 0 0 0 0
970 0 0 0 0 0
980 0 0 0 0 0
990 0 0 0 0 0
1000 0 0 0 0 0
1010 0 0 0 0 0
1020 0 0 0 0 0
1030 0 0 0 0 0
1040 0 0 0 0 0
1050 0 0 0 0 0
1060 0 0 0 0 0
1070 0 0 0 0 0
1080 0 0 0 0 0
1090 0 0 0 0 0
1100 0 0 0 0 0
1110 0 0 0 0 0
1120 0 0 0 0 0
1130 0 0 0 0 0
1140 0 0 0 0 0
1150 0 0 0 0 0
1160 0 0 0 1 0
1170 0 0 0 1 0
1180 0 0 0 1 0
1190 0 0 1 0 0
1200 0 0 1 0 0
1210 0 0 1 0 0
1220 0 0 1 0 0
1230 0 0 1 0 0
1240 0 0 1 0 0
1250 0 0 1 0 1
1260 0 0 1 0 1
1270 0 0 1 0 1
1280 0 0 1 0 1
1290 0 0 1 0 1
1300 0 0 1 0 1
1310 0 0 1 0 1
1320 0 0 1 0 1
1330 0 0 1 0 1
1340 0 0 1 0 1
1350 0 0 1 0 1
1360 0 0 1 0 1
1370 0 0 1 0 1
1380 0 0 1 0 1
1390 0 1 1 0 1
1400 0 1 1 0 1
1410 0 1 1 0 1
1420 1 0 1 0 1
1430 1 0 0 1 1
1440 1 0 0 0 1
1450 1 0 0 0 1
1460 1 0 0 0 1
1470 1 0 0 0 1
1480 1 0 0 0 1
1490 1 0 0 0 1
1500 1 0 0 0 1
1510 1 0 0 0 1
1520 1 0 0 0 1
1530 1 0 0 0 1
1540 1 0 0 0 1
1550 0 0 0 0 1
1560 0 0 0 0 1
1570 0 0 0 0 1
1580 0 0 0 0 1
1590 0 0 0 0 1
1600 0 0 0 0 1
1610 0 0 0 0 1
1620 0 0 0 0 1
1630 0 0 0 0 1
1640 0 0 0 0 1
1650 0 0 0 0 1
1660 0 0 0 0 1
1670 0 0 0 0 1
1680 0 0 0 0 1
1690 0 0 0 0 1
1700 0 0 0 0 1
1710 0 0 0 0 1
1720 0 0 0 0 1
1730 0 0 0 0 1
1740 0 0 0 0 1
1750 0 0 0 0 1
1760 0 0 0 0 1
1770 0 0 0 0 1
1780 0 0 0 0 1
1790 0 0 0 0 1
1800 0 0 0 0 1
1810 0 0 0 0 1
1820 0 1 0 0 1
1830 0 1 0 0 1
1840 0 1 0 0 1
1850 0 1 0 0 1
1860 0 1 0 0 1
1870 0 1 0 0 1
1880 0 1 0 0 1
1890 0 1 0 0 1
1900 0 0 0 0 1
1910 0 0 0 0 1
1920 0 0 0 0 1
1930 0 0 0 0 1
1940 0 0 0 0 1
1950 0 0 0 0 1
1960 0 1 0 0 1
1970 0 0 0 0 1
1980 0 0 0 0 1
1990 0 0 0 0 1
2000 0 0 0 0 1
2010 0 0 0 0 1
2020 0 0 0 0 1
2030 0 0 0 0 1
2040 0 0 0 0 1
2050 0 0 0 0 1
2060 0 0 0 0 1
2070 0 0 0 0 1
2080 0 0 0 0 1
2090 0 0 0 0 1
2100 0 0 0 0 1
2110 0 0 0 0 1
2120 0 0 0 0 1
2130 0 0 0 0 1
2140 0 0 0 0 1
2150 0 0 0 0 1
2160 0 0 0 0 1
2170 0 0 0 0 1
2180 0 0 0 0 1
2190 0 0 0 0 1
2200 0 0 0 0 1
2210 0 0 0 0 1
2220 0 0 0 0 1
2230 0 0 0 0 1
2240 0 0 0 0 1
2250 0 0 0 0 1
2260 0 0 0 0 1
2270 0 0 0 0 1
2280 0 0 0 0 1
2290 0 0 0 0 1
2300 0 0 0 0 1
2310 0 0 0 0 1
2320 0 0 0 0 1
2330 0 0 0 0 1
2340 0 0 0 0 1
2350 0 0 0 0 1
2360 0 0 0 0 1
2370 0 0 0 0 1
2380 0 0 0 0 1
2390 0 0 0 0 1
2400 0 0 0 0 1
2410 0 1 0 0 1
2420 0 1 0 0 1
2430 0 1 0 0 1
2440 0 1 0 0 1
2450 0 0 0 0 1
2460 0 0 0 0 1
2470 0 0 0 0 1
2480 0 0 0 0 1
2490 0 0 0 0 1
2500 0 0 0 0 1
2510 0 0 0 0 1
2520 0 0 0 0 1
2530 0 0 0 0 1
2540 0 1 0 0 1
2550 0 1 0 0 1
2560 0 1 0 0 1
2570 0 1 0 0 1
2580 0 1 0 0 1
2590 1 0 0 0 1
2600 1 0 0 0 1
2610 1 0 0 0 1
2620 1 0 0 0 1
2630 0 0 0 0 1
2640 0 0 0 0 1
2650 0 0 0 0 1
2660 0 0 0 0 1
2670 0 0 0 0 1
2680 0 0 0 0 1
2690 0 0 0 0 1
2700 0 0 0 0 1
2710 0 0 0 0 1
2720 0 0 0 0 1
2730 0 0 0 0 1
2740 0 1 0 0 1
2750 0 1 0 0 1
2760 0 1 0 0 1
2770 0 1 0 0 1
2780 0 1 0 0 1
2790 0 1 0 0 1
2800 0 1 0 0 1
2810 0 0 0 0 1
2820 0 0 0 0 1
2830 0 0 0 0 1
2840 0 0 0 0 1
2850 0 0 0 0 1
2860 0 0 0 0 1
2870 0 0 0 0 1
2880 0 0 0 0 1
2890 0 1 0 0 1
2900 0 1 0 0 1
2910 0 1 0 0 1
2920 0 1 0 0 1
2930 0 1 0 0 1
2940 0 1 0 0 1
2950 0 1 0 0 1
2960 0 1 0 0 1
2970 1 0 0 0 1
2980 1 0 0 0 1
2990 1 0 0 0 1
3000 1 0 0 0 1
3010 1 0 0 0 1
3020 1 0 0 0 1
3030 1 0 0 0 1
3040 1 0 0 0 1
3050 1 0 0 0 1
3060 1 0 0 0 1
3070 1 0 0 0 1
3080 1 0 0 0 1
3090 1 0 0 0 1
3100 1 0 0 0 1
3110 1 0 0 0 1
3120 1 0 0 0 1
3130 1 0 0 0 1
3140 1 0 0 0 1
3150 1 0 0 0 1
3160 1 0 0 0 1
3170 1 0 0 0 1
3180 1 0 0 0 1
3190 1 0 0 0 0
3200 1 0 0 0 0
3210 0 0 0 0 0
3220 0 0 0 0 0
3230 0 0 0 0 0
3240 0 0 0 0 0
3250 0 0 0 0 0
3260 0 0 0 0 0
3270 0 0 0 0 0
3280 0 0 0 0 0
3290 0 0 0 0 0
3300 0 0 0 0 0
3310 0 0 0 0 0
3320 0 0 0 0 0
3330 0 0 0 0 0
3340 0 0 0 0 0
3350 0 0 0 0 0
3360 0 0 0 0 0
3370 0 0 0 0 0
3380 0 0 0 0 0
3390 0 0 0 0 0
3400 0 0 0 0 0
3410 0 0 0 0 0
3420 0 0 0 0 0
3430 0 0 0 0 0
3440 0 0 0 0 0
3450 0 0 0 0 0
3460 0 0 0 0 0
3470 0 0 0 0 0
3480 0 0 0 1 0
3490 0 0 0 1 0
3500 0 0 1 0 0
3510 0 0 1 0 0
3520 0 0 1 0 0
3530 0 0 1 0 0
3540 0 0 1 0 1
3550 0 0 1 0 1
3560 0 0 1 0 1
3570 0 0 1 0 1
3580 0 0 1 0 1
3590 0 0 1 0 1
3600 0 0 1 0 1
3610 0 0 1 0 1
3620 0 0 1 0 1
3630 0 0 1 0 1
3640 0 0 1 0 1
3650 0 1 1 0 1
3660 0 1 1 0 1
3670 0 1 1 0 1
3680 0 1 1 0 1
3690 0 0 1 0 1
3700 0 0 1 0 1
3710 0 0 1 0 1
3720 0 0 1 0 1
3730 0 0 1 0 1
3740 0 0 1 0 1
3750 0 0 1 0 1
3760 0 0 1 0 1
3770 0 0 1 0 1
3780 0 0 1 0 1
3790 0 0 1 0 1
3800 0 0 1 0 1
3810 0 0 1 0 1
3820 0 0 1 0 1
3830 0 0 1 0 1
3840 0 0 1 0 1
3850 0 0 1 0 1
3860 0 0 1 0 1
3870 0 0 1 0 1
3880 0 0 1 0 1
3890 0 0 1 0 1
3900 0 1 1 0 1
3910 0 1 1 0 1
3920 0 1 1 0 1
3930 1 0 1 0 1
3940 1 0 0 1 1
3950 1 0 0 1 1
3960 1 0 0 1 1
3970 1 0 0 1 1
3980 1 0 0 1 1
3990 0 0 0 1 1
4000 0 0 0 0 1
4010 0 0 0 0 1
4020 0 0 0 0 1
4030 0 0 0 0 1
4040 0 0 0 0 1
4050 0 0 0 0 1
4060 0 0 0 0 1
4070 0 0 0 0 1
4080 0 0 0 0 1
4090 0 0 0 0 1
4100 0 0 0 0 1
4110 0 0 0 0 1
4120 0 0 0 0 1
4130 0 0 0 0 1
4140 0 0 0 0 1
4150 0 0 0 0 1
4160 0 0 0 0 1
4170 0 0 0 0 1
4180 0 0 0 1 1
4190 0 0 0 1 1
4200 0 0 1 0 1
4210 0 0 1 0 1
4220 0 0 1 0 1
4230 0 0 1 0 1
4240 0 0 1 0 1
4250 0 0 1 0 1
4260 0 0 1 0 1
4270 0 0 1 0 1
4280 0 0 1 0 1
4290 0 0 1 0 1
4300 0 0 1 0 1
4310 0 0 1 0 1
4320 0 0 1 0 1
4330 0 0 1 0 1
4340 0 0 1 0 1
4350 0 0 1 0 1
4360 0 0 1 0 1
4370 0 0 1 0 1
4380 0 1 1 0 1
4390 0 1 1 0 1
4400 0 1 1 0 1
4410 0 1 1 0 1
4420 1 0 1 0 1
4430 1 0 1 0 1
4440 1 0 0 1 1
4450 1 0 0 0 1
4460 1 0 0 0 1
4470 1 0 0 0 1
4480 1 0 0 0 1
4490 1 0 0 0 1
4500 1 0 0 0 1
4510 1 0 0 0 1
4520 1 0 0 0 1
4530 1 0 0 0 1
4540 1 0 0 0 1
4550 1 0 0 0 1
4560 1 0 0 0 1
4570 1 0 0 0 1
4580 1 0 0 0 1
4590 1 0 0 0 0
4600 1 0 0 0 0
4610 1 0 0 0 0
4620 0 0 0 0 0
4630 0 0 0 0 0
4640 0 0 0 0 0
4650 0 0 0 0 0
4660 0 0 0 0 0
4670 0 0 0 0 0
