0 0 0 0 0 0
10 0 0 0 0 0
20 0 0 0 0 0
30 0 0 0 0 0
40 0 0 0 0 0
50 0 0 0 0 0
60 0 0 0 0 0
70 0 0 0 0 0
80 0 0 0 0 0
90 0 0 0 0 0
100 0 0 0 0 0
110 0 0 0 0 0
120 0 0 0 0 0
130 0 0 0 0 0
140 0 0 0 1 0
150 0 0 0 1 0
160 0 0 0 1 0
170 0 0 0 1 0
180 0 0 0 1 0
190 0 0 0 0 0
200 0 0 0 0 0
210 0 0 0 0 0
220 0 0 0 0 0
230 0 0 0 0 0
240 0 0 0 0 0
250 0 0 0 0 0
260 0 0 0 1 0
270 0 0 0 1 0
280 0 0 0 1 0
290 0 0 1 0 0
300 0 0 1 0 0
310 0 0 1 0 0
320 0 0 1 0 0
330 0 0 1 0 0
340 0 0 1 0 1
350 0 0 1 0 1
360 0 0 1 0 1
370 0 0 1 0 1
380 0 0 1 0 1
390 0 0 1 0 1
400 0 0 1 0 1
410 0 1 1 0 1
420 0 1 1 0 1
430 0 1 1 0 1
440 0 1 1 0 1
450 0 1 1 0 1
460 1 0 1 0 1
470 1 0 1 0 1
480 1 0 0 1 1
490 1 0 0 0 1
500 1 0 0 0 1
510 1 0 0 0 1
520 1 0 0 0 1
530 1 0 0 0 1
540 1 0 0 0 1
550 1 0 0 0 1
560 1 0 0 0 1
570 1 0 0 0 1
580 1 0 0 0 1
590 1 0 0 0 1
600 1 0 0 0 1
610 1 0 0 0 1
620 1 0 0 0 1
630 1 0 0 0 0
640 1 0 0 0 0
650 1 0 0 0 0
660 1 0 0 0 0
670 1 0 0 0 0
680 1 0 0 0 0
690 0 0 0 0 0
700 0 0 0 0 0
710 0 0 0 0 0
720 0 0 0 0 0
730 0 0 0 0 0
740 0 0 0 0 0
750 0 0 0 0 0
760 0 0 0 0 0
770 0 0 0 0 0
780 0 0 0 0 0
790 0 0 0 0 0
800 0 0 0 0 0
810 0 0 0 0 0
820 0 0 0 0 0
830 0 0 0 0 0
840 0 0 0 1 0
850 0 0 0 1 0
860 0 0 0 1 0
870 0 0 0 1 0
880 0 0 0 1 0
890 0 0 0 1 0
900 0 0 0 1 0
910 0 0 0 1 0
920 0 0 1 0 0
930 0 0 1 0 0
940 0 0 1 0 0
950 0 0 1 0 0
960 0 0 1 0 0
970 0 0 1 0 1
980 0 0 1 0 1
990 0 0 1 0 1
1000 0 0 1 0 1
1010 0 0 1 0 1
1020 0 0 1 0 1
1030 0 0 1 0 1
1040 0 0 1 0 1
1050 0 0 1 0 1
1060 0 0 1 0 1
1070 0 0 1 0 1
1080 0 0 1 0 1
1090 0 0 1 0 1
1100 0 0 1 0 1
1110 0 0 1 0 1
1120 0 0 1 0 1
1130 0 1 1 0 1
1140 0 1 1 0 1
1150 0 1 1 0 1
1160 0 1 1 0 1
1170 1 0 1 0 1
1180 1 0 0 1 1
1190 1 0 0 0 1
1200 1 0 0 0 1
1210 1 0 0 0 1
1220 1 0 0 0 1
1230 1 0 0 0 1
1240 1 0 0 0 1
1250 1 0 0 0 1
1260 1 0 0 0 1
1270 1 0 0 0 1
1280 1 0 0 0 1
1290 1 0 0 0 1
1300 1 0 0 0 1
1310 1 0 0 0 1
1320 1 0 0 0 1
1330 1 0 0 0 1
1340 1 0 0 0 1
1350 1 0 0 0 1
1360 1 0 0 0 1
1370 1 0 0 0 1
1380 1 0 0 0 1
1390 1 0 0 0 1
1400 1 0 0 0 1
1410 1 0 0 0 1
1420 1 0 0 0 1
1430 0 0 0 0 1
1440 0 0 0 0 1
1450 0 0 0 0 1
1460 0 0 0 0 1
1470 0 0 0 0 1
1480 0 0 0 0 1
1490 0 0 0 0 1
1500 0 0 0 0 1
1510 0 0 0 0 1
1520 0 0 0 0 1
1530 0 0 0 0 1
1540 0 0 0 0 1
1550 0 0 0 0 1
1560 0 0 0 0 1
1570 0 0 0 0 1
1580 0 0 0 0 1
1590 0 0 0 0 1
1600 0 0 0 0 1
1610 0 0 0 0 1
1620 0 0 0 0 1
1630 0 0 0 0 1
1640 0 0 0 0 1
1650 0 0 0 0 1
1660 0 0 0 0 1
1670 0 0 0 0 1
1680 0 0 0 0 1
1690 0 0 0 0 1
1700 0 0 0 0 1
1710 0 0 0 0 1
1720 0 0 0 0 1
1730 0 0 0 0 1
1740 0 0 0 0 1
1750 0 0 0 0 1
1760 0 0 0 0 1
1770 0 0 0 0 1
1780 0 0 0 0 1
1790 0 0 0 0 1
1800 0 0 0 0 1
1810 0 0 0 0 1
1820 0 1 0 0 1
1830 0 1 0 0 1
1840 0 1 0 0 1
1850 0 0 0 0 1
1860 0 0 0 0 1
1870 0 0 0 0 1
1880 0 1 0 0 1
1890 0 1 0 0 1
1900 0 0 0 0 1
1910 0 0 0 0 1
1920 0 1 0 0 1
1930 0 1 0 0 1
1940 0 1 0 0 1
1950 0 1 0 0 1
1960 0 1 0 0 1
1970 0 1 0 0 1
1980 1 0 0 0 1
1990 1 0 0 0 1
2000 1 0 0 0 1
2010 1 0 0 0 1
2020 1 0 0 0 1
2030 1 0 0 0 1
2040 1 0 0 0 1
2050 1 0 0 0 1
2060 1 0 0 0 1
2070 1 0 0 0 1
2080 1 0 0 0 1
2090 1 0 0 0 1
2100 1 0 0 0 1
2110 1 0 0 0 1
2120 1 0 0 0 1
2130 1 0 0 0 1
2140 1 0 0 0 1
2150 1 0 0 0 1
2160 1 0 0 0 0
2170 1 0 0 0 0
2180 1 0 0 0 0
2190 1 0 0 0 0
2200 1 0 0 0 0
2210 1 0 0 0 0
2220 0 0 0 0 0
2230 0 0 0 0 0
2240 0 0 0 0 0
2250 0 0 0 0 0
2260 0 0 0 0 0
2270 0 0 0 0 0
2280 0 0 0 0 0
2290 0 0 0 0 0
2300 0 0 0 0 0
2310 0 0 0 0 0
2320 0 0 0 0 0
2330 0 0 0 0 0
2340 0 0 0 0 0
2350 0 0 0 0 0
2360 0 0 0 0 0
2370 0 0 0 0 0
2380 0 0 0 0 0
2390 0 0 0 0 0
2400 0 0 0 0 0
2410 0 0 0 0 0
2420 0 0 0 0 0
2430 0 0 0 0 0
2440 0 0 0 0 0
2450 0 0 0 0 0
2460 0 0 0 0 0
2470 0 0 0 0 0
2480 0 0 0 0 0
2490 0 0 0 0 0
2500 0 0 0 0 0
2510 0 0 0 0 0
2520 0 0 0 0 0
2530 0 0 0 0 0
2540 0 0 0 0 0
2550 0 0 0 0 0
2560 0 0 0 0 0
2570 0 0 0 1 0
2580 0 0 0 1 0
2590 0 0 0 1 0
2600 0 0 1 0 0
2610 0 0 1 0 0
2620 0 0 1 0 0
2630 0 0 1 0 0
2640 0 0 1 0 0
2650 0 0 1 0 0
2660 0 0 1 0 0
2670 0 0 1 0 1
2680 0 0 1 0 1
2690 0 0 1 0 1
2700 0 0 1 0 1
2710 0 0 1 0 1
2720 0 0 1 0 1
2730 0 0 1 0 1
2740 0 0 1 0 1
2750 0 0 1 0 1
2760 0 0 1 0 1
2770 0 0 1 0 1
2780 0 0 1 0 1
2790 0 0 1 0 1
2800 0 0 1 0 1
2810 0 0 1 0 1
2820 0 1 1 0 1
2830 0 1 1 0 1
2840 0 1 1 0 1
2850 0 1 1 0 1
2860 0 1 1 0 1
2870 0 1 1 0 1
2880 0 1 1 0 1
2890 0 1 1 0 1
2900 0 1 1 0 1
2910 1 0 1 0 1
2920 1 0 0 1 1
2930 1 0 0 1 1
2940 1 0 0 1 1
2950 1 0 0 0 1
2960 1 0 0 0 1
2970 1 0 0 0 1
2980 1 0 0 0 1
2990 1 0 0 0 1
3000 1 0 0 0 1
3010 1 0 0 0 1
3020 1 0 0 0 1
3030 1 0 0 0 1
3040 1 0 0 0 1
3050 1 0 0 0 1
3060 1 0 0 0 1
3070 1 0 0 0 1
3080 1 0 0 0 1
3090 1 0 0 0 1
3100 1 0 0 0 1
3110 1 0 0 0 1
3120 1 0 0 0 1
3130 1 0 0 0 1
3140 1 0 0 0 0
3150 1 0 0 0 0
3160 1 0 0 0 0
3170 1 0 0 0 0
3180 1 0 0 0 0
3190 1 0 0 0 0
3200 1 0 0 0 0
3210 0 0 0 0 0
3220 0 0 0 0 0
3230 0 0 0 0 0
3240 0 0 0 0 0
3250 0 0 0 0 0
3260 0 0 0 0 0
3270 0 0 0 0 0
