0 0 0 0 0 0
10 0 0 0 0 0
20 0 0 0 0 0
30 0 0 0 0 0
40 0 0 0 0 0
50 0 0 0 0 0
60 0 0 0 0 0
70 0 0 0 0 0
80 0 0 0 0 0
90 0 0 0 0 0
100 0 0 0 0 0
110 0 0 0 0 0
120 0 0 0 0 0
130 0 0 0 0 0
140 0 0 0 0 0
150 0 0 0 0 0
160 0 0 0 0 0
170 0 0 0 0 0
180 0 0 0 0 0
190 0 0 0 0 0
200 0 0 0 0 0
210 0 0 0 0 0
220 0 0 0 0 0
230 0 0 0 0 0
240 0 0 0 0 0
250 0 0 0 0 0
260 0 0 0 0 0
270 0 0 0 0 0
280 0 0 0 0 0
290 0 0 0 0 0
300 0 0 0 0 0
310 0 0 0 0 0
320 0 0 0 0 0
330 0 0 0 0 0
340 0 0 0 0 0
350 0 0 0 0 0
360 0 0 0 0 0
370 0 0 0 0 0
380 0 0 0 0 0
390 0 0 0 0 0
400 0 0 0 0 0
410 0 0 0 0 0
420 0 0 0 0 0
430 0 0 0 0 0
440 0 0 0 0 0
450 0 0 0 0 0
460 0 0 0 0 0
470 0 0 0 0 0
480 0 0 0 0 0
490 0 0 0 0 0
500 0 0 0 0 0
510 0 0 0 0 0
520 0 0 0 0 0
530 0 0 0 0 0
540 0 0 0 0 0
550 0 0 0 0 0
560 0 0 0 0 0
570 0 0 0 0 0
580 0 0 0 0 0
590 0 0 0 0 0
600 0 0 0 0 0
610 0 0 0 0 0
620 0 0 0 0 0
630 0 0 0 0 0
640 0 0 0 0 0
650 0 0 0 0 0
660 0 0 0 0 0
670 0 0 0 0 0
680 0 0 0 0 0
690 0 1 0 0 0
700 0 1 0 0 0
710 1 0 0 0 0
720 1 0 0 0 0
730 1 0 0 0 0
740 1 0 0 0 1
750 1 0 0 0 1
760 1 0 0 0 1
770 1 0 0 0 1
780 1 0 0 0 1
790 1 0 0 0 1
800 1 0 0 0 1
810 1 0 0 0 1
820 1 0 0 0 1
830 1 0 0 0 1
840 1 0 0 0 1
850 1 0 0 0 1
860 1 0 0 0 1
870 1 0 0 0 1
880 1 0 0 0 1
890 1 0 0 0 1
900 1 0 0 0 1
910 1 0 0 0 1
920 1 0 0 0 1
930 1 0 0 0 1
940 1 0 0 0 1
950 1 0 0 0 1
960 1 0 0 0 1
970 1 0 0 0 1
980 1 0 0 0 1
990 1 0 0 1 1
1000 1 0 0 1 1
1010 1 0 0 1 1
1020 1 0 0 1 1
1030 1 0 0 1 1
1040 1 0 0 1 1
1050 1 0 0 1 1
1060 1 0 0 1 1
1070 1 0 0 1 1
1080 1 0 0 1 1
1090 1 0 0 1 1
1100 1 0 0 1 1
1110 1 0 0 1 1
1120 1 0 0 1 1
1130 1 0 0 1 1
1140 1 0 0 1 1
1150 1 0 0 1 1
1160 1 0 0 1 1
1170 1 0 0 1 1
1180 1 0 0 1 1
1190 1 0 0 1 1
1200 1 0 0 1 1
1210 1 0 0 0 1
1220 1 0 0 0 1
1230 1 0 0 0 1
1240 1 0 0 0 1
1250 1 0 0 0 1
1260 1 0 0 1 1
1270 1 0 0 1 1
1280 1 0 0 0 1
1290 1 0 0 0 1
1300 1 0 0 0 1
1310 1 0 0 0 1
1320 1 0 0 0 1
1330 1 0 0 0 1
1340 1 0 0 0 1
1350 1 0 0 1 1
1360 1 0 0 1 1
1370 1 0 0 1 1
1380 1 0 0 1 1
1390 1 0 0 1 1
1400 1 0 0 1 1
1410 1 0 0 1 1
1420 1 0 0 1 1
1430 1 0 0 1 1
1440 1 0 0 1 1
1450 1 0 0 1 1
1460 1 0 1 0 1
1470 1 0 1 0 1
1480 0 1 1 0 1
1490 0 0 1 0 1
1500 0 0 1 0 1
1510 0 0 1 0 1
1520 0 0 1 0 1
1530 0 0 1 0 1
1540 0 0 1 0 1
1550 0 0 1 0 1
1560 0 0 1 0 1
1570 0 0 1 0 1
1580 0 0 1 0 1
1590 0 0 1 0 1
1600 0 0 1 0 1
1610 0 0 1 0 1
1620 0 0 1 0 1
1630 0 0 1 0 1
1640 0 0 1 0 1
1650 0 0 1 0 1
1660 0 0 1 0 1
1670 0 0 1 0 1
1680 0 0 1 0 1
1690 0 0 1 0 1
1700 0 0 1 0 1
1710 0 0 1 0 1
1720 0 0 1 0 0
1730 0 0 1 0 0
1740 0 0 1 0 0
1750 0 0 1 0 0
1760 0 0 1 0 0
1770 0 0 1 0 0
1780 0 0 1 0 0
1790 0 0 1 0 0
1800 0 0 1 0 0
1810 0 0 1 0 0
1820 0 0 0 0 0
1830 0 0 0 0 0
1840 0 0 0 0 0
1850 0 0 0 0 0
1860 0 0 0 0 0
1870 0 0 0 0 0
1880 0 0 0 0 0
1890 0 0 0 0 0
1900 0 0 0 0 0
1910 0 0 0 0 0
1920 0 0 0 0 0
1930 0 0 0 0 0
1940 0 0 0 0 0
1950 0 0 0 0 0
1960 0 0 0 0 0
1970 0 0 0 0 0
1980 0 0 0 0 0
1990 0 0 0 0 0
2000 0 0 0 0 0
2010 0 0 0 0 0
2020 0 0 0 0 0
2030 0 0 0 0 0
2040 0 0 0 0 0
2050 0 0 0 0 0
2060 0 0 0 0 0
2070 0 0 0 0 0
2080 0 0 0 0 0
2090 0 1 0 0 0
2100 0 1 0 0 0
2110 1 0 0 0 0
2120 1 0 0 0 0
2130 1 0 0 0 0
2140 1 0 0 0 0
2150 1 0 0 0 0
2160 1 0 0 0 0
2170 1 0 0 0 0
2180 1 0 0 0 0
2190 1 0 0 0 0
2200 1 0 0 0 0
2210 1 0 0 0 1
2220 1 0 0 0 1
2230 1 0 0 0 1
2240 1 0 0 0 1
2250 1 0 0 0 1
2260 1 0 0 0 1
2270 1 0 0 0 1
2280 1 0 0 0 1
2290 1 0 0 0 1
2300 1 0 0 0 1
2310 1 0 0 1 1
2320 1 0 0 1 1
2330 1 0 0 1 1
2340 1 0 1 0 1
2350 1 0 1 0 1
2360 0 1 1 0 1
2370 0 0 1 0 1
2380 0 0 1 0 1
2390 0 0 1 0 1
2400 0 0 1 0 1
2410 0 0 1 0 1
2420 0 0 1 0 1
2430 0 0 1 0 1
2440 0 0 1 0 1
2450 0 0 1 0 1
2460 0 0 1 0 1
2470 0 0 1 0 1
2480 0 0 1 0 1
2490 0 0 1 0 1
2500 0 0 1 0 1
2510 0 0 1 0 1
2520 0 0 1 0 1
2530 0 0 1 0 1
2540 0 0 1 0 1
2550 0 0 1 0 1
2560 0 0 1 0 1
2570 0 0 1 0 1
2580 0 0 1 0 1
2590 0 0 1 0 1
2600 0 0 1 0 0
2610 0 0 1 0 0
2620 0 0 1 0 0
2630 0 0 1 0 0
2640 0 0 1 0 0
2650 0 0 0 0 0
2660 0 0 0 0 0
2670 0 0 0 0 0
2680 0 0 0 0 0
2690 0 0 0 0 0
2700 0 0 0 0 0
2710 0 0 0 0 0
2720 0 0 0 0 0
2730 0 0 0 0 0
2740 0 0 0 0 0
2750 0 0 0 0 0
2760 0 0 0 0 0
2770 0 0 0 0 0
2780 0 0 0 0 0
2790 0 0 0 0 0
2800 0 0 0 0 0
2810 0 0 0 0 0
2820 0 0 0 0 0
2830 0 0 0 0 0
2840 0 1 0 0 0
2850 1 0 0 0 0
2860 1 0 0 0 0
2870 1 0 0 0 0
2880 1 0 0 0 0
2890 1 0 0 0 1
2900 1 0 0 0 1
2910 1 0 0 0 1
2920 1 0 0 0 1
2930 1 0 0 0 1
2940 1 0 0 0 1
2950 1 0 0 0 1
2960 1 0 0 0 1
2970 1 0 0 0 1
2980 1 0 0 0 1
2990 1 0 0 0 1
3000 1 0 0 0 1
3010 1 0 0 1 1
3020 1 0 0 1 1
3030 1 0 1 0 1
3040 0 1 1 0 1
3050 0 0 1 0 1
3060 0 0 1 0 1
3070 0 0 1 0 1
3080 0 0 1 0 1
3090 0 0 1 0 1
3100 0 0 1 0 1
3110 0 0 1 0 1
3120 0 0 1 0 1
3130 0 0 1 0 1
3140 0 0 1 0 1
3150 0 0 1 0 1
3160 0 0 1 0 1
3170 0 0 1 0 1
3180 0 0 1 0 0
3190 0 0 1 0 0
3200 0 0 1 0 0
3210 0 0 0 0 0
3220 0 0 0 0 0
3230 0 0 0 0 0
3240 0 0 0 0 0
