0 0 0 0 0 0
10 0 0 0 0 0
20 0 0 0 0 0
30 0 0 0 0 0
40 0 0 0 0 0
50 0 0 0 0 0
60 0 0 0 0 0
70 0 0 0 0 0
80 0 0 0 0 0
90 0 0 0 0 0
100 0 0 0 0 0
110 0 0 0 0 0
120 0 0 0 0 0
130 0 0 0 0 0
140 0 0 0 0 0
150 0 0 0 0 0
160 0 0 0 0 0
170 0 0 0 0 0
180 0 0 0 0 0
190 0 0 0 0 0
200 0 0 0 0 0
210 0 0 0 0 0
220 0 0 0 0 0
230 0 0 0 0 0
240 0 0 0 0 0
250 0 0 0 0 0
260 0 0 0 0 0
270 0 0 0 0 0
280 0 0 0 0 0
290 0 0 0 0 0
300 0 0 0 0 0
310 0 0 0 0 0
320 0 0 0 0 0
330 0 0 0 0 0
340 0 0 0 0 0
350 0 0 0 0 0
360 0 0 0 0 0
370 0 0 0 0 0
380 0 0 0 0 0
390 0 0 0 0 0
400 0 0 0 0 0
410 0 0 0 0 0
420 0 0 0 0 0
430 0 0 0 0 0
440 0 0 0 0 0
450 0 0 0 0 0
460 0 0 0 0 0
470 0 0 0 0 0
480 0 0 0 0 0
490 0 0 0 0 0
500 0 0 0 1 0
510 0 0 0 1 0
520 0 0 0 1 0
530 0 0 0 1 0
540 0 0 0 1 0
550 0 0 0 1 0
560 0 0 1 0 0
570 0 0 1 0 0
580 0 0 1 0 0
590 0 0 1 0 0
600 0 0 1 0 0
610 0 0 1 0 0
620 0 0 1 0 1
630 0 0 1 0 1
640 0 0 1 0 1
650 0 0 1 0 1
660 0 0 1 0 1
670 0 0 1 0 1
680 0 0 1 0 1
690 0 0 1 0 1
700 0 0 1 0 1
710 0 1 1 0 1
720 0 1 1 0 1
730 0 1 1 0 1
740 1 0 1 0 1
750 1 0 1 0 1
760 1 0 0 1 1
770 1 0 0 1 1
780 1 0 0 0 1
790 1 0 0 0 1
800 1 0 0 0 1
810 1 0 0 0 1
820 1 0 0 0 1
830 1 0 0 0 1
840 1 0 0 0 1
850 1 0 0 0 1
860 1 0 0 0 1
870 1 0 0 0 1
880 1 0 0 0 1
890 1 0 0 0 1
900 1 0 0 0 1
910 1 0 0 0 1
920 1 0 0 0 1
930 1 0 0 0 1
940 1 0 0 0 1
950 1 0 0 0 1
960 1 0 0 0 1
970 1 0 0 0 1
980 1 0 0 0 1
990 1 0 0 0 1
1000 1 0 0 0 1
1010 1 0 0 0 0
1020 1 0 0 0 0
1030 1 0 0 0 0
1040 1 0 0 0 0
1050 0 0 0 0 0
1060 0 0 0 0 0
1070 0 0 0 0 0
1080 0 0 0 0 0
1090 0 0 0 0 0
1100 0 0 0 0 0
1110 0 0 0 0 0
1120 0 0 0 0 0
1130 0 0 0 0 0
1140 0 0 0 0 0
1150 0 0 0 0 0
1160 0 0 0 0 0
1170 0 0 0 0 0
1180 0 0 0 0 0
1190 0 0 0 0 0
1200 0 0 0 0 0
1210 0 0 0 0 0
1220 0 0 0 0 0
1230 0 0 0 0 0
1240 0 0 0 0 0
1250 0 0 0 0 0
1260 0 0 0 0 0
1270 0 0 0 0 0
1280 0 0 0 0 0
1290 0 0 0 0 0
1300 0 0 0 0 0
1310 0 0 0 1 0
1320 0 0 0 1 0
1330 0 0 1 0 0
1340 0 0 1 0 0
1350 0 0 1 0 0
1360 0 0 1 0 0
1370 0 0 1 0 0
1380 0 0 1 0 1
1390 0 0 1 0 1
1400 0 0 1 0 1
1410 0 0 1 0 1
1420 0 0 1 0 1
1430 0 0 1 0 1
1440 0 0 1 0 1
1450 0 0 1 0 1
1460 0 0 1 0 1
1470 0 0 1 0 1
1480 0 0 1 0 1
1490 0 0 1 0 1
1500 0 1 1 0 1
1510 0 1 1 0 1
1520 0 1 1 0 1
1530 0 1 1 0 1
1540 0 1 1 0 1
1550 0 1 1 0 1
1560 0 1 1 0 1
1570 1 0 1 0 1
1580 1 0 1 0 1
1590 1 0 1 0 1
1600 0 1 1 0 1
1610 0 1 1 0 1
1620 0 1 1 0 1
1630 1 0 1 0 1
1640 1 0 1 0 1
1650 1 0 1 0 1
1660 1 0 0 1 1
1670 1 0 0 0 1
1680 1 0 0 0 1
1690 1 0 0 0 1
1700 1 0 0 0 1
1710 1 0 0 0 1
1720 1 0 0 0 1
1730 1 0 0 0 1
1740 1 0 0 0 1
1750 1 0 0 0 1
1760 1 0 0 0 0
1770 1 0 0 0 0
1780 1 0 0 0 0
1790 1 0 0 0 0
1800 1 0 0 0 0
1810 1 0 0 0 0
1820 0 0 0 0 0
1830 0 0 0 0 0
1840 0 0 0 0 0
1850 0 0 0 0 0
1860 0 0 0 0 0
1870 0 0 0 0 0
1880 0 0 0 0 0
1890 0 0 0 0 0
1900 0 0 0 0 0
1910 0 0 0 0 0
1920 0 0 0 0 0
1930 0 0 0 0 0
1940 0 0 0 0 0
1950 0 0 0 0 0
1960 0 0 0 0 0
1970 0 0 0 0 0
1980 0 0 0 0 0
1990 0 0 0 0 0
2000 0 0 0 0 0
2010 0 0 0 0 0
2020 0 0 0 0 0
2030 0 0 0 0 0
2040 0 0 0 0 0
2050 0 0 0 0 0
2060 0 0 0 0 0
2070 0 0 0 0 0
2080 0 0 0 0 0
2090 0 0 0 0 0
2100 0 0 0 0 0
2110 0 0 0 0 0
2120 0 0 0 0 0
2130 0 0 0 0 0
2140 0 0 0 0 0
2150 0 0 0 0 0
2160 0 0 0 0 0
2170 0 0 0 0 0
2180 0 0 0 0 0
2190 0 0 0 0 0
2200 0 0 0 1 0
2210 0 0 0 1 0
2220 0 0 0 1 0
2230 0 0 0 1 0
2240 0 0 1 0 0
2250 0 0 1 0 0
2260 0 0 1 0 0
2270 0 0 1 0 0
2280 0 0 1 0 1
2290 0 0 1 0 1
2300 0 0 1 0 1
2310 0 0 1 0 1
2320 0 0 1 0 1
2330 0 0 1 0 1
2340 0 0 1 0 1
2350 0 0 1 0 1
2360 0 0 1 0 1
2370 0 0 1 0 1
2380 0 1 1 0 1
2390 1 0 1 0 1
2400 1 0 1 0 1
2410 1 0 1 0 1
2420 1 0 1 0 1
2430 1 0 0 0 1
2440 1 0 0 0 1
2450 1 0 0 0 1
2460 1 0 0 0 1
2470 1 0 0 0 1
2480 1 0 0 0 1
2490 1 0 0 0 1
2500 1 0 0 0 1
2510 1 0 0 0 1
2520 1 0 0 0 1
2530 1 0 0 0 1
2540 1 0 0 0 1
2550 1 0 0 0 1
2560 1 0 0 0 0
2570 1 0 0 0 0
2580 1 0 0 0 0
2590 1 0 0 0 0
2600 1 0 0 0 0
2610 1 0 0 0 0
2620 1 0 0 0 0
2630 1 0 0 0 0
2640 1 0 0 0 0
2650 0 0 0 0 0
2660 0 0 0 0 0
2670 0 0 0 0 0
2680 0 0 0 0 0
2690 0 0 0 0 0
2700 0 0 0 0 0
2710 0 0 0 0 0
2720 0 0 0 0 0
2730 0 0 0 0 0
