0 0 0 0 0 0
10 0 0 0 0 0
20 0 0 0 0 0
30 0 0 0 0 0
40 0 0 0 0 0
50 0 0 0 0 0
60 0 0 0 0 0
70 0 0 0 0 0
80 0 0 0 0 0
90 0 0 0 0 0
100 0 0 0 0 0
110 0 0 0 0 0
120 0 0 0 0 0
130 0 0 0 0 0
140 0 0 0 0 0
150 0 0 0 0 0
160 0 0 0 0 0
170 0 0 0 0 0
180 0 0 0 0 0
190 0 0 0 0 0
200 0 0 0 0 0
210 0 0 0 0 0
220 0 0 0 0 0
230 0 0 0 0 0
240 0 0 0 0 0
250 0 0 0 0 0
260 0 0 0 0 0
270 0 0 0 0 0
280 0 0 0 0 0
290 0 0 0 0 0
300 0 0 0 0 0
310 0 0 0 0 0
320 0 0 0 0 0
330 0 0 0 0 0
340 0 0 0 1 0
350 0 0 0 1 0
360 0 0 0 1 0
370 0 0 0 1 0
380 0 0 0 1 0
390 0 0 0 1 0
400 0 0 0 1 0
410 0 0 0 1 0
420 0 0 0 0 0
430 0 0 0 0 0
440 0 0 0 0 0
450 0 0 0 0 0
460 0 0 0 0 0
470 0 0 0 1 0
480 0 0 0 1 0
490 0 0 0 0 0
500 0 0 0 0 0
510 0 0 0 0 0
520 0 0 0 1 0
530 0 0 0 1 0
540 0 0 0 1 0
550 0 0 0 1 0
560 0 0 0 1 0
570 0 0 0 0 0
580 0 0 0 0 0
590 0 0 0 1 0
600 0 0 0 1 0
610 0 0 0 1 0
620 0 0 0 1 0
630 0 0 0 1 0
640 0 0 1 0 0
650 0 0 1 0 0
660 0 0 1 0 0
670 0 0 1 0 0
680 0 0 1 0 0
690 0 0 1 0 0
700 0 0 1 0 0
710 0 0 1 0 0
720 0 0 1 0 0
730 0 0 1 0 0
740 0 0 1 0 0
750 0 0 1 0 0
760 0 0 1 0 0
770 0 0 1 0 0
780 0 0 1 0 0
790 0 0 1 0 0
800 0 0 1 0 0
810 0 0 1 0 0
820 0 0 1 0 0
830 0 0 1 0 0
840 0 0 1 0 0
850 0 0 1 0 0
860 0 0 1 0 0
870 0 0 1 0 1
880 0 0 1 0 1
890 0 0 1 0 1
900 0 0 1 0 1
910 0 0 1 0 1
920 0 0 1 0 1
930 0 0 1 0 1
940 0 0 1 0 1
950 0 0 1 0 1
960 0 0 1 0 1
970 0 0 1 0 1
980 0 0 1 0 1
990 0 0 1 0 1
1000 0 0 1 0 1
1010 0 1 1 0 1
1020 0 1 1 0 1
1030 0 1 1 0 1
1040 0 1 1 0 1
1050 0 1 1 0 1
1060 0 1 1 0 1
1070 0 1 1 0 1
1080 1 0 1 0 1
1090 1 0 1 0 1
1100 1 0 0 1 1
1110 1 0 0 1 1
1120 1 0 0 1 1
1130 1 0 0 0 1
1140 1 0 0 0 1
1150 1 0 0 0 1
1160 1 0 0 0 1
1170 1 0 0 0 1
1180 1 0 0 0 1
1190 1 0 0 0 1
1200 1 0 0 0 1
1210 1 0 0 0 1
1220 1 0 0 0 1
1230 1 0 0 0 0
1240 1 0 0 0 0
1250 1 0 0 0 0
1260 1 0 0 0 0
1270 1 0 0 0 0
1280 0 0 0 0 0
1290 0 0 0 0 0
1300 0 0 0 0 0
1310 0 0 0 0 0
1320 0 0 0 0 0
1330 0 0 0 0 0
1340 0 0 0 0 0
1350 0 0 0 0 0
1360 0 0 0 0 0
1370 0 0 0 0 0
1380 0 0 0 0 0
1390 0 0 0 0 0
1400 0 0 0 0 0
1410 0 0 0 0 0
1420 0 0 0 0 0
1430 0 0 0 0 0
1440 0 0 0 0 0
1450 0 0 0 0 0
1460 0 0 0 0 0
1470 0 0 0 1 0
1480 0 0 0 1 0
1490 0 0 0 1 0
1500 0 0 0 1 0
1510 0 0 0 1 0
1520 0 0 0 1 0
1530 0 0 0 1 0
1540 0 0 0 1 0
1550 0 0 0 1 0
1560 0 0 0 1 0
1570 0 0 0 1 0
1580 0 0 0 1 0
1590 0 0 1 0 0
1600 0 0 1 0 0
1610 0 0 1 0 0
1620 0 0 1 0 0
1630 0 0 1 0 0
1640 0 0 1 0 0
1650 0 0 1 0 0
1660 0 0 1 0 0
1670 0 0 1 0 0
1680 0 0 1 0 0
1690 0 0 1 0 0
1700 0 0 1 0 1
1710 0 0 1 0 1
1720 0 0 1 0 1
1730 0 0 1 0 1
1740 0 0 1 0 1
1750 0 0 1 0 1
1760 0 0 1 0 1
1770 0 0 1 0 1
1780 0 0 1 0 1
1790 0 0 1 0 1
1800 0 0 1 0 1
1810 0 0 1 0 1
1820 0 0 1 0 1
1830 0 1 1 0 1
1840 1 0 0 1 1
1850 1 0 0 1 1
1860 1 0 0 0 1
1870 1 0 0 0 1
1880 1 0 0 0 1
1890 1 0 0 0 1
1900 1 0 0 0 1
1910 1 0 0 0 1
1920 1 0 0 0 1
1930 1 0 0 0 1
1940 1 0 0 0 0
1950 1 0 0 0 0
1960 1 0 0 0 0
1970 1 0 0 0 0
1980 0 0 0 0 0
1990 0 0 0 0 0
2000 0 0 0 0 0
2010 0 0 0 0 0
2020 0 0 0 0 0
2030 0 0 0 0 0
2040 0 0 0 0 0
2050 0 0 0 0 0
2060 0 0 0 0 0
2070 0 0 0 0 0
2080 0 0 0 0 0
2090 0 0 0 0 0
2100 0 0 0 0 0
2110 0 0 0 0 0
2120 0 0 0 0 0
2130 0 0 0 0 0
2140 0 0 0 0 0
2150 0 0 0 0 0
2160 0 0 0 0 0
2170 0 0 0 0 0
2180 0 0 0 0 0
2190 0 0 0 1 0
2200 0 0 0 1 0
2210 0 0 0 1 0
2220 0 0 0 1 0
2230 0 0 0 1 0
2240 0 0 0 1 0
2250 0 0 0 1 0
2260 0 0 1 0 0
2270 0 0 1 0 0
2280 0 0 1 0 0
2290 0 0 1 0 0
2300 0 0 1 0 0
2310 0 0 1 0 0
2320 0 0 1 0 0
2330 0 0 1 0 0
2340 0 0 1 0 0
2350 0 0 1 0 1
2360 0 0 1 0 1
2370 0 0 1 0 1
2380 0 0 1 0 1
2390 0 0 1 0 1
2400 0 0 1 0 1
2410 0 0 1 0 1
2420 0 0 1 0 1
2430 0 0 1 0 1
2440 0 0 1 0 1
2450 0 0 1 0 1
2460 0 0 1 0 1
2470 0 0 1 0 1
2480 0 0 1 0 1
2490 0 1 1 0 1
2500 1 0 1 0 1
2510 1 0 1 0 1
2520 1 0 0 1 1
2530 1 0 0 1 1
2540 1 0 0 0 1
2550 1 0 0 0 1
2560 1 0 0 0 1
2570 1 0 0 0 1
2580 1 0 0 0 1
2590 1 0 0 0 1
2600 1 0 0 0 0
2610 1 0 0 0 0
2620 1 0 0 0 0
2630 1 0 0 0 0
2640 1 0 0 0 0
2650 0 0 0 0 0
2660 0 0 0 0 0
2670 0 0 0 0 0
2680 0 0 0 0 0
2690 0 0 0 0 0
2700 0 0 0 0 0
