0 0 0 0 0 0
10 0 0 0 0 0
20 0 0 0 0 0
30 0 0 0 0 0
40 0 0 0 0 0
50 0 0 0 0 0
60 0 0 0 0 0
70 0 0 0 0 0
80 0 0 0 0 0
90 0 0 0 0 0
100 0 0 0 0 0
110 0 0 0 0 0
120 0 0 0 0 0
130 0 0 0 0 0
140 0 0 0 0 0
150 0 0 0 0 0
160 0 0 0 0 0
170 0 0 0 0 0
180 0 0 0 0 0
190 0 0 0 0 0
200 0 0 0 0 0
210 0 0 0 0 0
220 0 0 0 1 0
230 0 0 0 1 0
240 0 0 0 1 0
250 0 0 0 1 0
260 0 0 0 1 0
270 0 0 0 1 0
280 0 0 0 1 0
290 0 0 1 0 0
300 0 0 1 0 0
310 0 0 1 0 0
320 0 0 1 0 0
330 0 0 1 0 0
340 0 0 1 0 0
350 0 0 1 0 0
360 0 0 1 0 0
370 0 0 1 0 0
380 0 0 1 0 0
390 0 0 1 0 0
400 0 0 1 0 0
410 0 0 1 0 1
420 0 0 1 0 1
430 0 0 1 0 1
440 0 0 1 0 1
450 0 0 1 0 1
460 0 0 1 0 1
470 0 0 1 0 1
480 0 0 1 0 1
490 0 0 1 0 1
500 0 0 1 0 1
510 0 0 1 0 1
520 0 0 1 0 1
530 0 0 1 0 1
540 0 0 1 0 1
550 0 0 1 0 1
560 0 1 1 0 1
570 0 1 1 0 1
580 0 1 1 0 1
590 1 0 1 0 1
600 1 0 1 0 1
610 1 0 1 0 1
620 1 0 1 0 1
630 1 0 1 0 1
640 1 0 0 1 1
650 1 0 0 1 1
660 1 0 0 0 1
670 1 0 0 0 1
680 1 0 0 0 1
690 1 0 0 0 1
700 1 0 0 0 1
710 1 0 0 0 1
720 1 0 0 0 1
730 1 0 0 0 1
740 1 0 0 0 1
750 1 0 0 0 1
760 1 0 0 0 1
770 1 0 0 0 1
780 1 0 0 0 1
790 1 0 0 0 1
800 1 0 0 0 1
810 1 0 0 0 1
820 1 0 0 0 1
830 1 0 0 0 1
840 1 0 0 0 1
850 1 0 0 0 1
860 1 0 0 0 0
870 1 0 0 0 0
880 1 0 0 0 0
890 1 0 0 0 0
900 1 0 0 0 0
910 1 0 0 0 0
920 1 0 0 0 0
930 1 0 0 0 0
940 1 0 0 0 0
950 1 0 0 0 0
960 0 0 0 0 0
970 0 0 0 0 0
980 0 0 0 0 0
990 0 0 0 0 0
1000 0 0 0 0 0
1010 0 0 0 0 0
1020 0 0 0 0 0
1030 0 0 0 0 0
1040 0 0 0 0 0
1050 0 0 0 0 0
1060 0 0 0 0 0
1070 0 0 0 0 0
1080 0 0 0 0 0
1090 0 0 0 0 0
1100 0 0 0 0 0
1110 0 0 0 0 0
1120 0 0 0 0 0
1130 0 0 0 0 0
1140 0 0 0 0 0
1150 0 0 0 0 0
1160 0 0 0 0 0
1170 0 0 0 1 0
1180 0 0 0 1 0
1190 0 0 0 1 0
1200 0 0 1 0 0
1210 0 0 1 0 0
1220 0 0 1 0 0
1230 0 0 1 0 0
1240 0 0 1 0 0
1250 0 0 1 0 0
1260 0 0 1 0 0
1270 0 0 1 0 0
1280 0 0 1 0 0
1290 0 0 1 0 0
1300 0 0 1 0 0
1310 0 0 1 0 0
1320 0 0 1 0 1
1330 0 0 1 0 1
1340 0 0 1 0 1
1350 0 0 1 0 1
1360 0 0 1 0 1
1370 0 0 1 0 1
1380 0 0 1 0 1
1390 0 0 1 0 1
1400 0 0 1 0 1
1410 0 0 1 0 1
1420 0 0 1 0 1
1430 0 0 1 0 1
1440 0 0 1 0 1
1450 0 0 1 0 1
1460 0 1 1 0 1
1470 0 1 1 0 1
1480 0 1 1 0 1
1490 0 1 1 0 1
1500 0 1 1 0 1
1510 0 1 1 0 1
1520 0 1 1 0 1
1530 0 1 1 0 1
1540 1 0 1 0 1
1550 1 0 1 0 1
1560 1 0 1 0 1
1570 1 0 0 1 1
1580 1 0 0 1 1
1590 1 0 0 1 1
1600 1 0 0 1 1
1610 1 0 0 1 1
1620 1 0 0 0 1
1630 1 0 0 0 1
1640 1 0 0 0 1
1650 1 0 0 0 1
1660 1 0 0 0 1
1670 1 0 0 0 1
1680 1 0 0 0 1
1690 1 0 0 0 1
1700 1 0 0 0 1
1710 1 0 0 0 1
1720 1 0 0 0 1
1730 1 0 0 0 1
1740 1 0 0 0 1
1750 1 0 0 0 1
1760 1 0 0 0 1
1770 1 0 0 0 1
1780 1 0 0 0 1
1790 1 0 0 0 1
1800 1 0 0 0 1
1810 1 0 0 0 1
1820 1 0 0 0 0
1830 1 0 0 0 0
1840 1 0 0 0 0
1850 1 0 0 0 0
1860 1 0 0 0 0
1870 1 0 0 0 0
1880 1 0 0 0 0
1890 1 0 0 0 0
1900 1 0 0 0 0
1910 1 0 0 0 0
1920 1 0 0 0 0
1930 1 0 0 0 0
1940 0 0 0 0 0
1950 0 0 0 0 0
1960 0 0 0 0 0
1970 0 0 0 0 0
1980 0 0 0 0 0
1990 0 0 0 0 0
2000 0 0 0 0 0
2010 0 0 0 0 0
2020 0 0 0 0 0
2030 0 0 0 0 0
2040 0 0 0 0 0
2050 0 0 0 0 0
2060 0 0 0 0 0
2070 0 0 0 0 0
2080 0 0 0 0 0
2090 0 0 0 0 0
2100 0 0 0 0 0
2110 0 0 0 0 0
2120 0 0 0 0 0
2130 0 0 0 0 0
2140 0 0 0 0 0
2150 0 0 0 0 0
2160 0 0 0 0 0
2170 0 0 0 0 0
2180 0 0 0 1 0
2190 0 0 0 1 0
2200 0 0 0 1 0
2210 0 0 0 1 0
2220 0 0 0 1 0
2230 0 0 0 1 0
2240 0 0 0 1 0
2250 0 0 0 1 0
2260 0 0 0 1 0
2270 0 0 0 1 0
2280 0 0 0 1 0
2290 0 0 0 1 0
2300 0 0 0 1 0
2310 0 0 0 1 0
2320 0 0 0 1 0
2330 0 0 0 1 0
2340 0 0 0 1 0
2350 0 0 0 1 0
2360 0 0 0 1 0
2370 0 0 0 1 0
2380 0 0 0 1 0
2390 0 0 0 1 0
2400 0 0 0 1 0
2410 0 0 1 0 0
2420 0 0 1 0 0
2430 0 0 1 0 0
2440 0 0 1 0 0
2450 0 0 1 0 0
2460 0 0 1 0 0
2470 0 0 1 0 0
2480 0 0 1 0 0
2490 0 0 1 0 0
2500 0 0 1 0 0
2510 0 0 1 0 1
2520 0 0 1 0 1
2530 0 0 1 0 1
2540 0 0 1 0 1
2550 0 0 1 0 1
2560 0 0 1 0 1
2570 0 0 1 0 1
2580 0 0 1 0 1
2590 0 0 1 0 1
2600 0 0 1 0 1
2610 0 0 1 0 1
2620 0 0 1 0 1
2630 0 0 1 0 1
2640 0 1 1 0 1
2650 0 1 1 0 1
2660 0 1 1 0 1
2670 1 0 1 0 1
2680 1 0 1 0 1
2690 1 0 0 1 1
2700 1 0 0 1 1
2710 1 0 0 0 1
2720 1 0 0 0 1
2730 1 0 0 0 1
2740 1 0 0 0 1
2750 1 0 0 0 1
2760 1 0 0 0 1
2770 1 0 0 0 1
2780 1 0 0 0 1
2790 1 0 0 0 0
2800 1 0 0 0 0
2810 1 0 0 0 0
2820 1 0 0 0 0
2830 1 0 0 0 0
2840 1 0 0 0 0
2850 0 1 0 0 0
2860 0 0 0 0 0
2870 0 0 0 0 0
2880 0 0 0 0 0
2890 0 0 0 0 0
2900 0 0 0 0 0
2910 0 0 0 0 0
2920 0 0 0 0 0
2930 0 0 0 0 0
2940 0 0 0 0 0
2950 0 0 0 0 0
2960 0 0 0 0 0
2970 0 0 0 0 0
