0 0 0 0 0 0
10 0 0 0 0 0
20 0 0 0 0 0
30 0 0 0 0 0
40 0 0 0 0 0
50 0 0 0 0 0
60 0 0 0 0 0
70 0 0 0 0 0
80 0 0 0 0 0
90 0 0 0 0 0
100 0 0 0 0 0
110 0 0 0 0 0
120 0 0 0 0 0
130 0 0 0 0 0
140 0 0 0 0 0
150 0 0 0 0 0
160 0 0 0 0 0
170 0 0 0 0 0
180 0 0 0 0 0
190 0 0 0 0 0
200 0 0 0 0 0
210 0 0 0 0 0
220 0 0 0 0 0
230 0 0 0 0 0
240 0 0 0 0 0
250 0 0 0 0 0
260 0 0 0 0 0
270 0 0 0 0 0
280 0 0 0 0 0
290 0 0 0 0 0
300 0 0 0 0 0
310 0 0 0 0 0
320 0 0 0 0 0
330 0 0 0 0 0
340 0 0 0 0 0
350 0 0 0 0 0
360 0 0 0 0 0
370 0 0 0 0 0
380 0 0 0 0 0
390 0 0 0 0 0
400 0 0 0 0 0
410 0 0 0 0 0
420 0 0 0 0 0
430 0 0 0 0 0
440 0 0 0 0 0
450 0 0 0 0 0
460 0 0 0 0 0
470 0 0 0 0 0
480 0 0 0 0 0
490 0 0 0 0 0
500 0 0 0 0 0
510 0 0 0 0 0
520 0 0 0 0 0
530 0 0 0 0 0
540 0 0 0 0 0
550 0 0 0 0 0
560 0 0 0 0 0
570 0 0 0 0 0
580 0 0 0 0 0
590 0 0 0 0 0
600 0 0 0 0 0
610 0 0 0 0 0
620 0 0 0 0 0
630 0 0 0 0 0
640 0 0 0 0 0
650 0 0 0 0 0
660 0 0 0 0 0
670 0 0 0 0 0
680 0 0 0 0 0
690 0 0 0 0 0
700 0 0 0 0 0
710 0 0 0 0 0
720 0 0 0 0 0
730 0 0 0 0 0
740 0 0 0 0 0
750 0 0 0 0 0
760 0 0 0 0 0
770 0 0 0 0 0
780 0 0 0 0 0
790 0 0 0 0 0
800 0 0 0 0 0
810 0 0 0 0 0
820 0 0 0 0 0
830 0 0 0 0 0
840 0 0 0 0 0
850 0 0 0 0 0
860 0 0 0 0 0
870 0 0 0 0 0
880 0 0 0 0 0
890 0 0 0 0 0
900 0 0 0 0 0
910 0 0 0 0 0
920 0 0 0 0 0
930 0 0 0 0 0
940 0 0 0 0 0
950 0 0 0 0 0
960 0 0 0 0 0
970 0 0 0 0 0
980 0 0 0 0 0
990 0 0 0 0 0
1000 0 0 0 0 0
1010 0 0 0 0 0
1020 0 0 0 0 0
1030 0 0 0 0 0
1040 0 0 0 0 0
1050 0 0 0 0 0
1060 0 0 0 0 0
1070 0 0 0 0 0
1080 0 0 0 0 0
1090 0 0 0 0 0
1100 0 0 0 0 0
1110 0 0 0 0 0
1120 0 0 0 0 0
1130 0 0 0 0 0
1140 0 0 0 0 0
1150 0 0 0 0 0
1160 0 0 0 0 0
1170 0 0 0 0 0
1180 0 0 0 0 0
1190 0 0 0 0 0
1200 0 0 0 0 0
1210 0 0 0 0 0
1220 0 0 0 0 0
1230 0 0 0 0 0
1240 0 0 0 0 0
1250 0 0 0 0 0
1260 0 0 0 0 0
1270 0 0 0 0 0
1280 0 0 0 0 0
1290 0 0 0 0 0
1300 0 0 0 0 0
1310 0 0 0 0 0
1320 0 0 0 0 0
1330 0 0 0 0 0
1340 0 0 0 0 0
1350 0 0 0 0 0
1360 0 0 0 0 0
1370 0 0 0 0 0
1380 0 0 0 0 0
1390 0 0 0 0 0
1400 0 0 0 0 0
1410 0 0 0 0 0
1420 0 0 0 0 0
1430 0 0 0 0 0
1440 0 0 0 0 0
1450 0 0 0 0 0
1460 0 0 0 0 0
1470 0 0 0 0 0
1480 0 0 0 0 0
1490 0 0 0 0 0
1500 0 0 0 0 0
1510 0 0 0 0 0
1520 0 0 0 0 0
1530 0 0 0 0 0
1540 0 0 0 0 0
1550 0 0 0 0 0
1560 0 0 0 0 0
1570 0 0 0 0 0
1580 0 0 0 0 0
1590 0 0 0 0 0
1600 0 0 0 0 0
1610 0 0 0 0 0
1620 0 0 0 0 0
1630 0 0 0 0 0
1640 0 0 0 0 0
1650 0 0 0 0 0
1660 0 0 0 0 0
1670 0 0 0 0 0
1680 0 0 0 0 0
1690 0 0 0 0 0
1700 0 0 0 0 0
1710 0 0 0 0 0
1720 0 0 0 0 0
1730 0 0 0 0 0
1740 0 0 0 0 0
1750 0 0 0 0 0
1760 0 0 0 0 0
1770 0 0 0 0 0
1780 0 0 0 0 0
1790 0 0 0 0 0
1800 0 0 0 0 0
1810 0 0 0 0 0
1820 0 0 0 0 0
1830 0 0 0 0 0
1840 0 0 0 0 0
1850 0 0 0 0 0
1860 0 0 0 0 0
1870 0 0 0 0 0
1880 0 0 0 0 0
1890 0 0 0 0 0
1900 0 0 0 0 0
1910 0 0 0 0 0
1920 0 0 0 0 0
1930 0 0 0 0 0
1940 0 0 0 0 0
1950 0 0 0 0 0
1960 0 0 0 0 0
1970 0 0 0 0 0
1980 0 0 0 0 0
1990 0 0 0 0 0
2000 0 0 0 0 0
2010 0 0 0 0 0
2020 0 0 0 0 0
2030 0 0 0 0 0
2040 0 0 0 0 0
2050 0 0 0 0 0
2060 0 0 0 0 0
2070 0 0 0 0 0
2080 0 0 0 0 0
2090 0 0 0 0 0
2100 0 0 0 0 0
2110 0 0 0 0 0
2120 0 0 0 0 0
2130 0 0 0 0 0
2140 0 0 0 0 0
2150 0 0 0 0 0
2160 0 0 0 0 0
2170 0 0 0 0 0
2180 0 0 0 0 0
2190 0 0 0 0 0
2200 0 0 0 0 0
2210 0 0 0 0 0
2220 0 0 0 0 0
2230 0 0 0 0 0
2240 0 0 0 0 0
2250 0 0 0 0 0
2260 0 0 0 0 0
2270 0 0 0 0 0
2280 0 0 0 0 0
2290 0 0 0 0 0
2300 0 0 0 0 0
2310 0 0 0 0 0
2320 0 0 0 0 0
2330 0 0 0 0 0
2340 0 0 0 0 0
2350 0 0 0 0 0
2360 0 0 0 0 0
2370 0 0 0 0 0
2380 0 0 0 0 0
2390 0 0 0 0 0
2400 0 0 0 0 0
2410 0 0 0 0 0
2420 0 0 0 0 0
2430 0 0 0 0 0
2440 0 0 0 0 0
2450 0 0 0 0 0
2460 0 0 0 0 0
2470 0 0 0 0 0
2480 0 0 0 0 0
2490 0 0 0 0 0
2500 0 0 0 0 0
2510 0 0 0 0 0
2520 0 0 0 0 0
2530 0 0 0 0 0
2540 0 0 0 0 0
2550 0 0 0 0 0
2560 0 0 0 0 0
2570 0 0 0 0 0
2580 0 0 0 0 0
2590 0 0 0 0 0
2600 0 0 0 0 0
2610 0 0 0 0 0
2620 0 0 0 0 0
2630 0 0 0 0 0
2640 0 0 0 0 0
2650 0 0 0 0 0
2660 0 0 0 0 0
2670 0 0 0 0 0
2680 0 0 0 0 0
2690 0 0 0 0 0
2700 0 0 0 0 0
2710 0 0 0 0 0
2720 0 0 0 0 0
2730 0 0 0 0 0
2740 0 0 0 0 0
2750 0 0 0 0 0
2760 0 0 0 0 0
2770 0 0 0 1 0
2780 0 0 0 1 0
2790 0 0 0 1 0
2800 0 0 0 1 0
2810 0 0 0 1 0
2820 0 0 0 0 0
2830 0 0 0 0 0
2840 0 0 0 0 0
2850 0 0 1 0 0
2860 0 0 1 0 0
2870 0 0 1 0 0
2880 0 0 1 0 0
2890 0 0 1 0 0
2900 0 0 1 0 0
2910 0 0 1 0 0
2920 0 0 1 0 0
2930 0 0 1 0 0
2940 0 0 1 0 0
2950 0 0 1 0 0
2960 0 0 1 0 0
2970 0 0 1 0 0
2980 0 0 1 0 0
2990 0 0 1 0 0
3000 0 0 1 0 0
3010 0 0 1 0 0
3020 0 0 1 0 0
3030 0 0 1 0 0
3040 0 0 1 0 0
3050 0 0 1 0 0
3060 0 0 1 0 0
3070 0 0 1 0 0
3080 0 0 1 0 0
3090 0 0 1 0 0
3100 0 0 1 0 0
3110 0 0 1 0 0
3120 0 0 1 0 0
3130 0 0 1 0 0
3140 0 0 1 0 0
3150 0 0 1 0 0
3160 0 0 1 0 1
3170 0 0 1 0 1
3180 0 0 1 0 1
3190 0 0 1 0 1
3200 0 0 1 0 1
3210 0 0 1 0 1
3220 0 0 1 0 1
3230 0 0 1 0 1
3240 0 0 1 0 1
3250 0 0 1 0 1
3260 0 0 1 0 1
3270 0 0 1 0 1
3280 0 1 1 0 1
3290 0 1 1 0 1
3300 1 0 1 0 1
3310 1 0 1 0 1
3320 1 0 0 1 1
3330 1 0 0 0 1
3340 1 0 0 0 1
3350 1 0 0 0 1
3360 1 0 0 0 1
3370 1 0 0 0 1
3380 1 0 0 0 1
3390 1 0 0 0 1
3400 1 0 0 0 1
3410 1 0 0 0 1
3420 1 0 0 0 1
3430 1 0 0 0 1
3440 1 0 0 0 1
3450 1 0 0 0 1
3460 1 0 0 0 1
3470 1 0 0 0 1
3480 1 0 0 0 1
3490 1 0 0 0 1
3500 1 0 0 0 1
3510 1 0 0 0 1
3520 1 0 0 0 1
3530 1 0 0 0 1
3540 1 0 0 0 1
3550 1 0 0 0 1
3560 1 0 0 0 1
3570 1 0 0 0 1
3580 1 0 0 0 1
3590 1 0 0 0 1
3600 1 0 0 0 1
3610 1 0 0 0 1
3620 1 0 0 0 1
3630 1 0 0 0 1
3640 1 0 0 0 1
3650 1 0 0 0 1
3660 1 0 0 0 1
3670 1 0 0 0 1
3680 0 0 0 0 1
3690 0 0 0 0 1
3700 0 0 0 0 1
3710 0 0 0 0 1
3720 0 0 0 0 1
3730 0 0 0 0 1
3740 0 0 0 0 1
3750 0 0 0 0 1
3760 0 0 0 0 1
3770 0 0 0 0 1
3780 0 0 0 0 1
3790 0 0 0 0 1
3800 0 0 0 0 1
3810 0 0 0 0 1
3820 0 0 0 0 1
3830 0 0 0 0 1
3840 0 0 0 0 1
3850 0 0 0 0 1
3860 0 0 0 0 1
3870 0 0 0 0 1
3880 0 0 0 0 1
3890 0 0 0 0 1
3900 0 0 0 0 1
3910 0 0 0 0 1
3920 0 0 0 0 1
3930 0 0 0 0 1
3940 0 0 0 0 1
3950 0 0 0 0 1
3960 0 0 0 0 1
3970 0 0 0 0 1
3980 0 0 0 0 1
3990 0 0 0 0 1
4000 0 0 0 0 1
4010 0 1 0 0 1
4020 0 1 0 0 1
4030 0 0 0 0 1
4040 0 0 0 0 1
4050 0 0 0 0 1
4060 0 0 0 0 1
4070 0 0 0 0 1
4080 0 0 0 0 1
4090 0 1 0 0 1
4100 0 1 0 0 1
4110 0 1 0 0 1
4120 0 1 0 0 1
4130 0 1 0 0 1
4140 1 0 0 0 1
4150 1 0 0 0 1
4160 1 0 0 0 1
4170 1 0 0 0 1
4180 1 0 0 0 1
4190 1 0 0 0 1
4200 1 0 0 0 1
4210 1 0 0 0 1
4220 1 0 0 0 1
4230 1 0 0 0 1
4240 1 0 0 0 1
4250 1 0 0 0 1
4260 1 0 0 0 1
4270 1 0 0 0 1
4280 1 0 0 0 1
4290 1 0 0 0 1
4300 1 0 0 0 0
4310 1 0 0 0 0
4320 1 0 0 0 0
4330 1 0 0 0 0
4340 1 0 0 0 0
4350 1 0 0 0 0
4360 0 0 0 0 0
4370 0 0 0 0 0
4380 0 0 0 0 0
4390 0 0 0 0 0
4400 0 0 0 0 0
4410 0 0 0 0 0
4420 0 0 0 0 0
4430 0 0 0 0 0
4440 0 0 0 0 0
4450 0 0 0 0 0
4460 0 0 0 0 0
4470 0 0 0 0 0
4480 0 0 0 0 0
4490 0 0 0 0 0
4500 0 0 0 0 0
4510 0 0 0 0 0
4520 0 0 0 1 0
4530 0 0 0 1 0
4540 0 0 0 1 0
4550 0 0 0 1 0
4560 0 0 0 0 0
4570 0 0 0 0 0
4580 0 0 0 0 0
4590 0 0 0 0 0
4600 0 0 0 0 0
4610 0 0 0 0 0
4620 0 0 0 0 0
4630 0 0 0 0 0
4640 0 0 0 0 0
4650 0 0 0 0 0
4660 0 0 0 0 0
4670 0 0 0 0 0
4680 0 0 0 0 0
4690 0 0 0 0 0
4700 0 0 0 0 0
4710 0 0 0 1 0
4720 0 0 0 1 0
4730 0 0 0 1 0
4740 0 0 1 0 0
4750 0 0 1 0 0
4760 0 0 1 0 0
4770 0 0 1 0 0
4780 0 0 1 0 0
4790 0 0 1 0 1
4800 0 0 1 0 1
4810 0 0 1 0 1
4820 0 0 1 0 1
4830 0 0 1 0 1
4840 0 0 1 0 1
4850 0 0 1 0 1
4860 0 0 1 0 1
4870 0 0 1 0 1
4880 0 0 1 0 1
4890 0 0 1 0 1
4900 0 0 1 0 1
4910 0 0 1 0 1
4920 0 0 1 0 1
4930 0 1 1 0 1
4940 0 1 1 0 1
4950 0 1 1 0 1
4960 0 0 1 0 1
4970 0 0 1 0 1
4980 0 1 1 0 1
4990 0 1 1 0 1
5000 0 1 1 0 1
5010 0 1 1 0 1
5020 1 0 1 0 1
5030 1 0 0 1 1
5040 1 0 0 1 1
5050 1 0 0 0 1
5060 1 0 0 0 1
5070 1 0 0 0 1
5080 1 0 0 0 1
5090 1 0 0 0 1
5100 1 0 0 0 1
5110 1 0 0 0 1
5120 1 0 0 0 1
5130 1 0 0 0 1
5140 1 0 0 0 1
5150 1 0 0 0 1
5160 1 0 0 0 1
5170 1 0 0 0 1
5180 1 0 0 0 1
5190 1 0 0 0 1
5200 1 0 0 0 1
5210 1 0 0 0 0
5220 1 0 0 0 0
5230 1 0 0 0 0
5240 1 0 0 0 0
5250 1 0 0 0 0
5260 1 0 0 0 0
5270 0 0 0 0 0
5280 0 0 0 0 0
5290 0 0 0 0 0
5300 0 0 0 0 0
5310 0 0 0 0 0
5320 0 0 0 0 0
5330 0 0 0 0 0
5340 0 0 0 0 0
5350 0 0 0 0 0
5360 0 0 0 0 0
5370 0 0 0 0 0
5380 0 0 0 0 0
5390 0 0 0 0 0
5400 0 0 0 0 0
5410 0 0 0 0 0
5420 0 0 0 0 0
5430 0 0 0 0 0
5440 0 0 0 0 0
5450 0 0 0 0 0
5460 0 0 0 0 0
5470 0 0 0 0 0
5480 0 0 0 0 0
5490 0 0 0 0 0
5500 0 0 0 0 0
5510 0 0 0 0 0
5520 0 0 0 0 0
5530 0 0 0 1 0
5540 0 0 0 1 0
5550 0 0 0 1 0
5560 0 0 0 1 0
5570 0 0 0 0 0
5580 0 0 0 0 0
5590 0 0 0 0 0
5600 0 0 0 0 0
5610 0 0 0 0 0
5620 0 0 0 0 0
5630 0 0 0 0 0
5640 0 0 0 1 0
5650 0 0 1 0 0
5660 0 0 1 0 0
5670 0 0 1 0 0
5680 0 0 1 0 0
5690 0 0 1 0 0
5700 0 0 1 0 0
5710 0 0 1 0 0
5720 0 0 1 0 0
5730 0 0 1 0 1
5740 0 0 1 0 1
5750 0 0 1 0 1
5760 0 0 1 0 1
5770 0 0 1 0 1
5780 0 0 1 0 1
5790 0 0 1 0 1
5800 0 0 1 0 1
5810 0 0 1 0 1
5820 0 0 1 0 1
5830 0 0 1 0 1
5840 0 0 1 0 1
5850 0 0 1 0 1
5860 0 0 1 0 1
5870 0 0 1 0 1
5880 0 0 1 0 1
5890 0 1 1 0 1
5900 0 1 1 0 1
5910 0 0 1 0 1
5920 0 0 1 0 1
5930 0 0 1 0 1
5940 0 0 1 0 1
5950 0 1 1 0 1
5960 0 1 1 0 1
5970 1 0 1 0 1
5980 1 0 1 0 1
5990 1 0 1 0 1
6000 1 0 0 1 1
6010 1 0 0 1 1
6020 1 0 0 1 1
6030 1 0 0 0 1
6040 1 0 0 0 1
6050 1 0 0 0 1
6060 1 0 0 0 1
6070 1 0 0 0 1
6080 1 0 0 0 1
6090 1 0 0 0 1
6100 1 0 0 0 1
6110 1 0 0 0 1
6120 1 0 0 0 1
6130 1 0 0 0 1
6140 1 0 0 0 1
6150 1 0 0 0 1
6160 1 0 0 0 1
6170 1 0 0 0 1
6180 1 0 0 0 1
6190 1 0 0 0 1
6200 1 0 0 0 0
6210 1 0 0 0 0
6220 1 0 0 0 0
6230 1 0 0 0 0
6240 1 0 0 0 0
6250 1 0 0 0 0
6260 1 0 0 0 0
6270 0 1 0 0 0
6280 0 0 0 0 0
6290 0 0 0 0 0
6300 0 0 0 0 0
6310 0 0 0 0 0
6320 0 0 0 0 0
