0 0 0 0 0 0
10 0 0 0 0 0
20 0 0 0 0 0
30 0 0 0 0 0
40 0 0 0 0 0
50 0 0 0 0 0
60 0 0 0 0 0
70 0 0 0 0 0
80 0 0 0 0 0
90 0 0 0 0 0
100 0 0 0 0 0
110 0 0 0 0 0
120 0 0 0 0 0
130 0 0 0 0 0
140 0 0 0 0 0
150 0 0 0 0 0
160 0 0 0 0 0
170 0 0 0 0 0
180 0 0 0 0 0
190 0 0 0 0 0
200 0 0 0 0 0
210 0 0 0 0 0
220 0 0 0 0 0
230 0 0 0 0 0
240 0 0 0 0 0
250 0 0 0 0 0
260 0 0 0 0 0
270 0 0 0 0 0
280 0 0 0 0 0
290 0 0 0 0 0
300 0 0 0 0 0
310 0 0 0 0 0
320 0 0 0 0 0
330 0 0 0 0 0
340 0 0 0 0 0
350 0 0 0 0 0
360 0 0 0 0 0
370 0 0 0 0 0
380 0 0 0 0 0
390 0 0 0 0 0
400 0 0 0 0 0
410 0 0 0 0 0
420 0 0 0 0 0
430 0 0 0 0 0
440 0 0 0 0 0
450 0 0 0 0 0
460 0 0 0 0 0
470 0 0 0 0 0
480 0 0 0 0 0
490 0 0 0 0 0
500 0 0 0 0 0
510 0 0 0 0 0
520 0 0 0 0 0
530 0 1 0 0 0
540 0 1 0 0 0
550 0 1 0 0 0
560 0 1 0 0 0
570 0 1 0 0 0
580 0 1 0 0 0
590 0 1 0 0 0
600 0 1 0 0 0
610 0 1 0 0 0
620 0 1 0 0 0
630 0 1 0 0 0
640 0 1 0 0 0
650 0 1 0 0 0
660 0 1 0 0 0
670 0 1 0 0 0
680 0 1 0 0 0
690 0 1 0 0 0
700 0 1 0 0 0
710 0 1 0 0 0
720 0 1 0 0 0
730 0 1 0 0 0
740 0 1 0 0 0
750 0 1 0 0 0
760 0 1 0 0 0
770 0 1 0 0 0
780 0 1 0 0 0
790 0 1 0 0 0
800 0 1 0 0 0
810 0 1 0 0 0
820 0 1 0 0 0
830 0 1 0 0 0
840 0 1 0 0 0
850 0 1 0 0 0
860 0 1 0 0 0
870 0 1 0 0 0
880 1 0 0 0 0
890 1 0 0 0 0
900 1 0 0 0 0
910 1 0 0 0 0
920 1 0 0 0 0
930 1 0 0 0 0
940 1 0 0 0 1
950 1 0 0 0 1
960 1 0 0 0 1
970 1 0 0 0 1
980 1 0 0 0 1
990 1 0 0 0 1
1000 1 0 0 0 1
1010 1 0 0 0 1
1020 1 0 0 0 1
1030 1 0 0 0 1
1040 1 0 0 0 1
1050 1 0 0 0 1
1060 1 0 0 0 1
1070 1 0 0 1 1
1080 1 0 0 1 1
1090 1 0 0 1 1
1100 1 0 1 0 1
1110 0 1 1 0 1
1120 0 0 1 0 1
1130 0 0 1 0 1
1140 0 0 1 0 1
1150 0 0 1 0 1
1160 0 0 1 0 1
1170 0 0 1 0 1
1180 0 0 1 0 1
1190 0 0 1 0 1
1200 0 0 1 0 1
1210 0 0 1 0 1
1220 0 0 1 0 1
1230 0 0 1 0 1
1240 0 0 1 0 1
1250 0 0 1 0 1
1260 0 0 1 0 1
1270 0 0 1 0 1
1280 0 0 1 0 1
1290 0 0 1 0 1
1300 0 0 1 0 1
1310 0 0 1 0 1
1320 0 0 1 0 1
1330 0 0 1 0 1
1340 0 0 1 0 1
1350 0 0 1 0 1
1360 0 0 1 0 1
1370 0 0 1 0 0
1380 0 0 1 0 0
1390 0 0 0 0 0
1400 0 0 0 0 0
1410 0 0 0 0 0
1420 0 0 0 0 0
1430 0 0 0 0 0
1440 0 0 0 0 0
1450 0 0 0 0 0
1460 0 0 0 0 0
1470 0 0 0 0 0
1480 0 0 0 0 0
1490 0 0 0 0 0
1500 0 0 0 0 0
1510 0 0 0 0 0
1520 0 0 0 0 0
1530 0 0 0 0 0
1540 0 0 0 0 0
1550 0 0 0 0 0
1560 0 0 0 0 0
1570 0 0 0 0 0
1580 0 0 0 0 0
1590 0 0 0 0 0
1600 0 0 0 0 0
1610 0 0 0 0 0
1620 0 0 0 0 0
1630 0 0 0 0 0
1640 0 0 0 0 0
1650 0 0 0 0 0
1660 0 0 0 0 0
1670 0 0 0 0 0
1680 0 0 0 0 0
1690 0 0 0 0 0
1700 0 0 0 0 0
1710 0 0 0 0 0
1720 0 0 0 0 0
1730 0 0 0 0 0
1740 0 0 0 0 0
1750 0 0 0 0 0
1760 0 0 0 0 0
1770 0 0 0 0 0
1780 0 0 0 0 0
1790 0 0 0 0 0
1800 0 0 0 0 0
1810 0 0 0 0 0
1820 0 0 0 0 0
1830 0 0 0 0 0
1840 0 0 0 0 0
1850 0 0 0 0 0
1860 0 0 0 0 0
1870 0 0 0 0 0
1880 0 0 0 0 0
1890 0 0 0 0 0
1900 0 0 0 0 0
1910 0 0 0 0 0
1920 0 0 0 0 0
1930 0 0 0 0 0
1940 0 0 0 0 0
1950 0 0 0 0 0
1960 0 0 0 0 0
1970 0 0 0 0 0
1980 0 0 0 0 0
1990 0 0 0 0 0
2000 0 0 0 0 0
2010 0 0 0 0 0
2020 0 0 0 0 0
2030 0 0 0 0 0
2040 0 0 0 0 0
2050 0 0 0 0 0
2060 0 0 0 0 0
2070 0 0 0 0 0
2080 0 0 0 0 0
2090 0 0 0 0 0
2100 0 0 0 0 0
2110 0 0 0 0 0
2120 0 0 0 0 0
2130 0 0 0 0 0
2140 0 0 0 0 0
2150 0 0 0 0 0
2160 0 0 0 0 0
2170 0 0 0 0 0
2180 0 0 0 0 0
2190 0 0 0 0 0
2200 0 0 0 0 0
2210 0 0 0 0 0
2220 0 0 0 0 0
2230 0 0 0 0 0
2240 0 0 0 0 0
2250 0 0 0 0 0
2260 0 0 0 0 0
2270 0 0 0 0 0
2280 0 0 0 0 0
2290 0 0 0 0 0
2300 0 0 0 0 0
2310 0 1 0 0 0
2320 0 0 0 0 0
2330 0 0 0 0 0
2340 0 0 0 0 0
2350 0 0 0 0 0
2360 0 0 0 0 0
2370 0 0 0 0 0
2380 0 0 0 0 0
2390 0 0 0 0 0
2400 0 0 0 0 0
2410 0 0 0 0 0
2420 0 0 0 0 0
2430 0 0 0 0 0
2440 0 0 0 0 0
2450 0 0 0 0 0
2460 0 0 0 0 0
2470 0 1 0 0 0
2480 0 1 0 0 0
2490 0 1 0 0 0
2500 0 1 0 0 0
2510 0 1 0 0 0
2520 0 1 0 0 0
2530 0 1 0 0 0
2540 0 1 0 0 0
2550 0 1 0 0 0
2560 0 1 0 0 0
2570 0 1 0 0 0
2580 0 1 0 0 0
2590 0 1 0 0 0
2600 0 1 0 0 0
2610 0 1 0 0 0
2620 0 1 0 0 0
2630 0 1 0 0 0
2640 0 1 0 0 0
2650 0 1 0 0 0
2660 0 1 0 0 0
2670 0 1 0 0 0
2680 0 1 0 0 0
2690 0 1 0 0 0
2700 0 1 0 0 0
2710 0 1 0 0 0
2720 0 1 0 0 0
2730 0 1 0 0 0
2740 0 1 0 0 0
2750 0 1 0 0 0
2760 0 1 0 0 0
2770 0 1 0 0 0
2780 0 1 0 0 0
2790 0 1 0 0 0
2800 0 1 0 0 0
2810 0 1 0 0 0
2820 0 1 0 0 0
2830 0 1 0 0 0
2840 0 1 0 0 0
2850 0 1 0 0 0
2860 0 1 0 0 0
2870 0 1 0 0 0
2880 0 1 0 0 0
2890 0 1 0 0 0
2900 0 1 0 0 0
2910 0 1 0 0 0
2920 0 1 0 0 0
2930 0 1 0 0 0
2940 0 1 0 0 0
2950 0 1 0 0 0
2960 0 1 0 0 0
2970 0 1 0 0 0
2980 0 1 0 0 0
2990 0 1 0 0 0
3000 0 1 0 0 0
3010 0 0 0 0 0
3020 0 0 0 0 0
3030 0 0 0 0 0
3040 0 0 0 0 0
3050 0 0 0 0 0
3060 0 0 0 0 0
3070 0 0 0 0 0
3080 0 0 0 0 0
3090 0 0 0 0 0
3100 0 0 0 0 0
3110 0 1 0 0 0
3120 0 1 0 0 0
3130 0 1 0 0 0
3140 0 1 0 0 0
3150 0 1 0 0 0
3160 1 0 0 0 0
3170 1 0 0 0 0
3180 1 0 0 0 0
3190 1 0 0 0 0
3200 1 0 0 0 0
3210 1 0 0 0 0
3220 1 0 0 0 1
3230 1 0 0 0 1
3240 1 0 0 0 1
3250 1 0 0 0 1
3260 1 0 0 0 1
3270 1 0 0 0 1
3280 1 0 0 0 1
3290 1 0 0 0 1
3300 1 0 0 0 1
3310 1 0 0 0 1
3320 1 0 0 0 1
3330 1 0 0 0 1
3340 1 0 0 0 1
3350 1 0 0 0 1
3360 1 0 0 0 1
3370 1 0 0 1 1
3380 1 0 0 1 1
3390 1 0 0 1 1
3400 1 0 0 1 1
3410 1 0 0 1 1
3420 1 0 0 0 1
3430 1 0 0 0 1
3440 1 0 0 0 1
3450 1 0 0 0 1
3460 1 0 0 1 1
3470 1 0 0 1 1
3480 1 0 1 0 1
3490 1 0 1 0 1
3500 0 1 1 0 1
3510 0 0 1 0 1
3520 0 0 1 0 1
3530 0 0 1 0 1
3540 0 0 1 0 1
3550 0 0 1 0 1
3560 0 0 1 0 1
3570 0 0 1 0 1
3580 0 0 1 0 1
3590 0 0 1 0 1
3600 0 0 1 0 1
3610 0 0 1 0 1
3620 0 0 1 0 1
3630 0 0 1 0 1
3640 0 0 1 0 1
3650 0 0 1 0 1
3660 0 0 1 0 1
3670 0 0 1 0 1
3680 0 0 1 0 1
3690 0 0 1 0 1
3700 0 0 1 0 1
3710 0 0 1 0 1
3720 0 0 1 0 1
3730 0 0 1 0 1
3740 0 0 1 0 1
3750 0 0 1 0 0
3760 0 0 1 0 0
3770 0 0 1 0 0
3780 0 0 1 0 0
3790 0 0 1 0 0
3800 0 0 1 0 0
3810 0 0 1 0 0
3820 0 0 0 1 0
3830 0 0 0 0 0
3840 0 0 0 0 0
3850 0 0 0 0 0
3860 0 0 0 0 0
3870 0 0 0 0 0
3880 0 0 0 0 0
3890 0 0 0 0 0
3900 0 0 0 0 0
3910 0 0 0 0 0
3920 0 0 0 0 0
3930 0 0 0 0 0
3940 0 0 0 0 0
3950 0 0 0 0 0
3960 0 0 0 1 0
3970 0 0 0 1 0
3980 0 0 0 1 0
3990 0 0 0 0 0
4000 0 0 0 0 0
4010 0 0 0 0 0
4020 0 0 0 0 0
4030 0 0 0 0 0
4040 0 0 0 0 0
4050 0 0 0 0 0
4060 0 0 0 0 0
4070 0 0 0 0 0
4080 0 0 0 0 0
4090 0 0 0 0 0
4100 0 0 0 0 0
4110 0 0 0 0 0
4120 0 0 0 0 0
4130 0 0 0 0 0
4140 0 1 0 0 0
4150 0 1 0 0 0
4160 0 1 0 0 0
4170 0 1 0 0 0
4180 1 0 0 0 0
4190 1 0 0 0 0
4200 1 0 0 0 0
4210 1 0 0 0 0
4220 1 0 0 0 0
4230 1 0 0 0 0
4240 1 0 0 0 1
4250 1 0 0 0 1
4260 1 0 0 0 1
4270 1 0 0 0 1
4280 1 0 0 0 1
4290 1 0 0 0 1
4300 1 0 0 0 1
4310 1 0 0 0 1
4320 1 0 0 0 1
4330 1 0 0 0 1
4340 1 0 0 0 1
4350 1 0 0 0 1
4360 1 0 0 0 1
4370 1 0 0 0 1
4380 1 0 0 0 1
4390 1 0 0 0 1
4400 1 0 0 0 1
4410 1 0 0 0 1
4420 1 0 0 0 1
4430 1 0 0 0 1
4440 1 0 0 0 1
4450 1 0 0 0 1
4460 1 0 0 0 1
4470 1 0 0 0 1
4480 1 0 0 0 1
4490 1 0 0 0 1
4500 1 0 0 0 1
4510 1 0 0 0 1
4520 1 0 0 0 1
4530 1 0 0 1 1
4540 1 0 0 1 1
4550 1 0 0 1 1
4560 1 0 1 0 1
4570 1 0 1 0 1
4580 1 0 1 0 1
4590 0 1 1 0 1
4600 0 0 1 0 1
4610 0 0 1 0 1
4620 0 0 1 0 1
4630 0 0 1 0 1
4640 0 0 1 0 1
4650 0 0 1 0 1
4660 0 0 1 0 1
4670 0 0 1 0 1
4680 0 0 1 0 1
4690 0 0 1 0 1
4700 0 0 1 0 1
4710 0 0 1 0 0
4720 0 0 1 0 0
4730 0 0 1 0 0
4740 0 0 1 0 0
4750 0 0 1 0 0
4760 0 0 1 0 0
4770 0 0 0 0 0
4780 0 0 0 0 0
4790 0 0 0 0 0
4800 0 0 0 0 0
