0 0 0 0 0 2
10 0 0 0 0 2
20 0 0 0 0 2
30 0 0 0 0 2
40 0 0 0 0 2
50 0 0 0 0 2
60 0 0 2 0 2
70 0 0 2 0 2
80 0 0 2 0 0
90 0 0 2 0 0
100 0 0 2 0 0
110 0 0 2 0 0
120 0 0 2 0 0
130 0 0 2 0 0
140 0 0 2 0 0
150 0 0 2 0 0
160 0 2 2 0 0
170 2 0 2 0 0
180 2 0 2 0 0
190 2 0 0 2 0
200 2 0 0 2 0
210 2 0 0 0 0
220 2 0 0 0 0
230 2 0 0 0 0
240 2 0 0 0 0
250 2 0 0 0 0
260 2 0 0 0 0
270 2 0 0 0 0
280 2 0 0 0 0
290 2 0 0 0 0
300 2 0 0 0 0
310 2 0 0 0 0
320 2 0 0 0 0
330 2 0 0 0 0
340 2 0 0 0 0
350 2 0 0 2 0
360 2 0 0 2 0
370 2 0 0 2 0
380 2 0 0 2 0
390 2 0 0 2 0
400 2 0 0 2 0
410 2 0 0 0 0
420 2 0 0 0 0
430 2 0 0 2 0
440 2 0 0 2 0
450 2 0 0 2 0
460 2 0 0 2 0
470 2 0 0 2 0
480 2 0 0 2 0
490 2 0 2 0 0
500 2 0 2 0 0
510 0 0 2 0 0
520 0 0 2 0 0
530 0 0 2 0 0
540 0 0 2 0 0
550 0 0 2 0 0
560 0 0 2 0 0
570 0 0 2 0 0
580 0 0 2 0 0
590 0 0 2 0 0
600 0 0 2 0 0
610 0 0 2 0 0
620 0 0 2 0 0
630 0 0 2 0 0
640 0 0 2 0 1
650 0 0 2 0 1
660 0 0 2 0 1
670 0 0 2 0 1
680 0 0 2 0 1
690 0 0 2 0 1
700 0 0 2 0 1
710 0 0 2 0 2
720 0 0 2 0 2
730 0 0 2 0 2
740 0 0 2 0 2
750 0 0 2 0 2
760 0 0 2 0 2
770 0 0 2 0 2
780 0 0 2 0 2
790 0 0 2 0 2
800 0 0 2 0 2
810 0 0 2 0 2
820 0 0 2 0 2
830 0 0 2 0 2
840 0 0 2 0 2
850 0 0 2 0 2
860 0 0 2 0 2
870 0 0 2 0 2
880 0 0 2 0 2
890 0 0 2 0 2
900 0 0 2 0 2
910 0 0 2 0 2
920 0 0 2 0 2
930 0 0 2 0 2
940 0 0 2 0 2
950 0 0 2 0 2
960 0 0 2 0 2
970 0 0 2 0 2
980 0 0 2 0 2
990 0 0 2 0 2
1000 0 0 2 0 2
1010 0 0 2 0 2
1020 0 0 2 0 2
1030 0 2 2 0 2
1040 0 2 2 0 2
1050 0 0 2 0 2
1060 0 0 2 0 2
1070 0 0 2 0 2
1080 0 0 2 0 2
1090 0 0 2 0 2
1100 0 2 2 0 2
1110 2 0 2 0 2
1120 2 0 2 0 2
1130 2 0 0 2 2
1140 2 0 0 2 2
1150 2 0 0 0 2
1160 2 0 0 0 2
1170 2 0 0 0 2
1180 2 0 0 0 2
1190 2 0 0 0 2
1200 2 0 0 0 2
1210 2 0 0 0 2
1220 2 0 0 0 2
1230 2 0 0 0 2
1240 2 0 0 0 2
1250 2 0 0 0 2
1260 2 0 0 0 2
1270 2 0 0 0 2
1280 2 0 0 0 2
1290 2 0 0 0 2
1300 2 0 0 0 0
1310 2 0 0 0 0
1320 2 0 0 0 0
1330 2 0 0 0 0
1340 2 0 0 0 0
1350 2 0 0 0 0
1360 2 0 0 0 0
1370 2 0 0 0 0
1380 2 0 0 0 0
1390 2 0 0 0 0
1400 2 0 0 0 0
1410 2 0 0 0 0
1420 2 0 0 0 0
1430 2 0 0 0 0
1440 2 0 0 0 0
1450 2 0 0 0 0
1460 2 0 0 0 0
1470 2 0 0 0 0
1480 2 0 0 0 0
1490 2 0 0 0 0
1500 2 0 0 0 0
1510 2 0 0 0 0
1520 2 0 0 0 0
1530 2 0 0 0 0
1540 2 0 0 0 0
1550 2 0 0 0 0
1560 2 0 0 0 0
1570 2 0 0 0 0
1580 2 0 0 2 0
1590 2 0 2 0 0
1600 2 0 2 0 0
1610 0 0 2 0 0
1620 0 0 2 0 0
1630 0 0 2 0 0
1640 0 0 2 0 0
1650 0 0 2 0 0
1660 0 0 2 0 0
1670 0 0 2 0 0
1680 0 3 2 0 0
1690 0 3 2 0 0
1700 0 3 2 0 0
1710 0 0 2 0 0
1720 0 0 2 0 0
1730 0 0 2 0 0
1740 0 0 2 0 0
1750 0 0 2 0 0
1760 0 0 2 0 0
1770 0 0 2 0 0
1780 0 3 2 0 0
1790 0 3 2 0 0
1800 0 3 2 0 0
1810 0 3 2 0 0
1820 0 3 2 0 0
1830 0 3 2 0 0
1840 0 3 2 0 0
1850 0 3 2 0 0
1860 0 3 2 0 0
1870 0 3 2 0 0
1880 0 3 2 0 0
1890 0 3 2 0 0
1900 0 3 2 0 0
1910 0 3 2 0 0
1920 0 3 2 0 0
1930 0 3 2 0 0
1940 0 3 2 0 0
1950 0 3 2 0 1
1960 0 3 2 0 1
1970 0 3 2 0 1
1980 0 3 2 0 1
1990 0 3 2 0 1
2000 0 3 2 0 1
2010 0 3 2 0 1
2020 0 3 2 0 2
2030 0 3 2 0 2
2040 0 3 2 0 2
2050 0 3 2 0 2
2060 0 3 2 0 2
2070 0 3 2 0 2
2080 0 3 2 0 2
2090 0 3 2 0 2
2100 0 3 2 0 2
2110 0 0 2 0 2
2120 0 0 2 0 2
2130 0 0 2 0 2
2140 0 0 2 0 2
2150 0 0 2 0 2
2160 0 0 2 0 2
2170 0 0 2 0 2
2180 0 0 2 0 2
2190 0 0 2 0 2
2200 0 0 2 0 2
2210 0 0 2 0 2
2220 0 0 2 0 2
2230 0 0 2 0 2
2240 0 0 2 0 2
2250 0 0 2 0 2
2260 0 0 2 0 2
2270 0 0 2 0 2
2280 0 0 2 0 2
2290 0 0 2 0 2
2300 0 2 2 0 2
2310 2 0 2 0 2
2320 2 0 2 0 2
2330 2 0 2 0 2
2340 2 0 0 0 2
2350 2 0 0 0 2
2360 2 0 0 0 2
2370 2 0 0 0 2
2380 2 0 0 0 2
2390 2 0 0 0 2
2400 2 0 0 0 2
2410 2 0 0 0 2
2420 2 0 0 0 2
2430 2 0 0 0 2
2440 2 0 0 0 2
2450 2 0 0 0 2
2460 2 0 0 0 0
2470 2 0 0 0 0
2480 2 0 0 0 0
2490 2 0 0 0 0
2500 2 0 0 0 0
2510 2 0 0 0 0
2520 2 0 0 0 0
2530 2 0 0 0 0
2540 2 0 0 0 0
2550 2 0 0 0 0
2560 2 0 0 0 0
2570 2 0 0 0 0
2580 2 0 0 0 0
2590 2 0 0 0 0
2600 2 0 0 0 0
2610 2 0 0 0 0
2620 2 0 0 0 0
2630 2 0 0 0 0
2640 2 0 0 0 0
2650 2 0 0 0 0
2660 2 0 0 0 0
2670 2 0 0 0 0
2680 2 0 0 0 0
2690 2 0 0 0 0
2700 2 0 0 0 0
2710 2 0 0 0 0
2720 2 0 0 0 0
2730 2 0 0 0 0
2740 2 0 0 0 0
2750 2 0 2 0 0
2760 0 0 2 0 0
2770 0 0 2 0 0
2780 0 0 2 0 0
2790 0 0 2 0 0
2800 0 0 2 0 0
2810 0 0 2 0 0
2820 0 0 2 0 0
2830 0 0 2 0 0
2840 0 0 2 0 0
2850 0 0 2 0 0
2860 0 0 2 0 0
2870 0 0 2 0 0
2880 0 0 2 0 0
2890 0 0 2 0 0
2900 0 0 2 0 0
2910 0 0 2 0 0
2920 0 0 2 0 0
2930 0 0 2 0 0
2940 0 0 2 0 0
2950 0 0 2 0 0
2960 0 0 2 0 1
2970 0 0 2 0 1
2980 0 0 2 0 1
2990 0 0 2 0 1
3000 0 0 2 0 2
3010 0 0 2 0 2
3020 0 0 2 0 2
3030 0 0 2 0 2
3040 0 0 2 0 2
3050 0 0 2 0 2
3060 0 0 2 0 2
3070 0 0 2 0 2
3080 0 0 2 0 2
3090 0 0 2 0 2
3100 0 0 2 0 2
3110 0 0 2 0 2
3120 0 0 2 0 2
3130 0 0 2 0 2
3140 0 0 2 0 2
3150 0 0 2 0 2
3160 0 0 2 0 2
3170 0 0 2 0 2
3180 0 0 2 0 2
3190 0 0 2 0 2
3200 0 0 2 0 2
3210 0 0 2 0 2
3220 0 0 2 0 2
3230 0 0 2 0 2
3240 0 0 2 0 2
3250 0 0 2 0 2
3260 0 0 2 0 2
3270 0 0 2 0 2
3280 0 2 2 0 2
3290 2 0 2 0 2
3300 2 0 2 0 2
3310 2 0 0 0 2
3320 2 0 0 0 2
3330 2 0 0 0 2
3340 2 0 0 0 2
3350 2 0 0 0 2
3360 2 0 0 0 2
3370 2 0 0 0 2
3380 2 0 0 0 2
3390 2 0 0 0 0
3400 2 0 0 0 0
3410 2 0 0 0 0
3420 2 0 0 0 0
3430 2 0 0 0 0
3440 2 0 0 0 0
3450 2 0 0 0 0
3460 2 0 0 0 0
3470 2 0 0 0 0
3480 2 0 0 0 0
3490 2 0 0 0 0
3500 2 0 0 0 0
3510 2 0 0 0 0
3520 2 0 0 0 0
3530 2 0 0 0 0
3540 2 0 0 0 0
3550 2 0 0 0 0
3560 2 0 0 0 0
3570 2 0 0 0 0
3580 2 0 0 0 0
3590 2 0 0 0 0
3600 2 0 0 0 0
3610 2 0 2 0 0
3620 2 0 2 0 0
3630 0 0 2 0 0
3640 0 0 2 0 0
3650 0 0 2 0 0
3660 0 0 2 0 0
3670 0 0 2 0 0
3680 0 0 2 0 0
3690 0 0 2 0 0
3700 0 0 2 0 0
3710 0 0 2 0 0
3720 0 0 2 0 0
3730 0 0 2 0 0
3740 0 0 2 0 0
3750 0 0 2 0 0
3760 0 0 2 0 0
3770 0 0 2 0 0
3780 0 0 2 0 0
3790 0 0 2 0 0
3800 0 0 2 0 0
3810 0 0 2 0 0
3820 0 0 2 0 1
3830 0 0 2 0 1
3840 0 0 2 0 1
3850 0 0 2 0 1
3860 0 0 2 0 1
3870 0 0 2 0 2
3880 0 0 2 0 2
3890 0 0 2 0 2
3900 0 0 2 0 2
3910 0 0 2 0 2
3920 0 0 2 0 2
3930 0 0 2 0 2
3940 0 0 2 0 2
3950 0 0 2 0 2
3960 0 0 2 0 2
3970 0 0 2 0 2
3980 0 0 2 0 2
3990 0 0 2 0 2
4000 0 0 2 0 2
4010 0 0 2 0 2
4020 0 0 2 0 2
4030 0 0 2 0 2
4040 0 0 2 0 2
4050 0 0 2 0 2
4060 0 0 2 0 2
4070 0 0 2 0 2
4080 0 0 2 0 2
4090 0 0 2 0 2
4100 0 0 2 0 2
4110 0 0 2 0 2
4120 0 0 2 0 2
4130 0 0 2 0 2
4140 0 0 2 0 2
4150 0 0 2 0 2
4160 0 0 2 0 2
4170 0 0 2 0 2
4180 0 0 2 0 2
4190 2 0 2 0 2
4200 2 0 2 0 2
4210 2 0 2 0 2
4220 2 0 0 2 2
4230 2 0 0 2 2
4240 2 0 0 0 2
4250 2 0 0 0 2
4260 2 0 0 0 2
4270 2 0 0 0 2
4280 2 0 0 0 2
4290 2 0 0 0 0
4300 2 0 0 0 0
4310 2 0 0 0 0
4320 2 0 0 0 0
4330 2 0 0 0 0
4340 2 0 0 0 0
4350 0 0 0 0 1
4360 0 0 0 0 1
4370 0 0 0 0 1
4380 0 0 0 0 1
4390 0 0 0 0 1
4400 0 0 0 0 1
4410 0 0 0 0 1
