0 2 0 0 0 2
10 2 0 0 0 0
20 2 0 0 0 0
30 2 0 0 0 0
40 2 0 0 0 0
50 2 0 0 0 0
60 2 0 0 0 0
70 2 0 0 0 0
80 2 0 0 0 0
90 2 0 0 0 0
100 2 0 0 0 0
110 2 0 2 0 0
120 2 0 2 0 0
130 0 2 2 0 0
140 0 2 2 0 0
150 0 2 2 0 0
160 0 2 2 0 0
170 0 0 2 0 0
180 0 0 2 0 0
190 0 0 2 0 0
200 0 0 2 0 0
210 0 0 2 0 0
220 0 0 2 0 0
230 0 0 2 0 0
240 0 0 2 0 0
250 0 0 2 0 0
260 0 0 2 0 0
270 0 0 2 0 0
280 2 0 2 0 0
290 2 0 2 0 0
300 2 0 2 0 0
310 2 0 0 0 0
320 2 0 0 0 0
330 2 0 0 0 0
340 2 0 0 0 0
350 2 0 0 2 0
360 2 0 0 2 0
370 2 0 0 2 0
380 2 0 0 2 0
390 2 0 2 0 0
400 2 0 2 0 0
410 0 2 2 0 0
420 0 0 2 0 0
430 0 0 2 0 0
440 0 0 2 0 0
450 0 0 2 0 0
460 0 0 2 0 0
470 0 0 2 0 0
480 0 0 2 0 0
490 0 0 2 0 0
500 0 0 2 0 0
510 0 0 2 0 1
520 0 0 2 0 1
530 0 0 2 0 1
540 0 0 2 0 1
550 0 0 2 0 2
560 0 0 2 0 2
570 0 0 2 0 2
580 0 0 2 0 2
590 0 0 2 0 2
600 0 0 2 0 2
610 0 0 2 0 2
620 0 0 2 0 2
630 0 0 2 0 2
640 0 0 2 0 2
650 0 0 2 0 2
660 0 0 2 0 2
670 0 0 2 0 2
680 0 0 2 0 2
690 0 0 2 0 2
700 0 0 2 0 2
710 0 0 2 0 2
720 0 0 2 0 2
730 0 2 2 0 2
740 0 2 2 0 2
750 0 2 2 0 2
760 0 0 2 0 2
770 0 0 2 0 2
780 0 0 2 0 2
790 0 2 2 0 2
800 2 0 2 0 2
810 2 0 0 2 2
820 2 0 0 0 2
830 2 0 0 0 2
840 2 0 0 0 2
850 2 0 0 0 2
860 2 0 0 0 2
870 2 0 0 0 0
880 2 0 0 0 0
890 2 0 0 0 0
900 2 0 0 0 0
910 2 0 0 0 0
920 2 0 0 0 0
930 2 0 0 0 0
940 2 0 0 0 0
950 2 0 0 0 0
960 2 0 0 0 0
970 2 0 0 0 0
980 2 0 0 0 0
990 2 0 0 0 0
1000 2 0 0 0 0
1010 2 0 0 0 0
1020 2 0 0 0 0
1030 2 0 0 0 0
1040 2 0 0 0 0
1050 2 0 0 2 0
1060 2 0 2 0 0
1070 2 0 2 0 0
1080 0 2 2 0 0
1090 0 0 2 0 0
1100 0 0 2 0 0
1110 0 0 2 0 0
1120 0 0 2 0 0
1130 0 0 2 0 1
1140 0 0 2 0 1
1150 0 0 2 0 1
1160 0 0 2 0 2
1170 0 0 2 0 2
1180 0 0 2 0 2
1190 0 0 2 0 2
1200 0 0 2 0 2
1210 0 0 2 0 2
1220 0 0 2 0 2
1230 0 0 2 0 2
1240 0 0 2 0 2
1250 0 0 2 0 2
1260 0 0 2 0 2
1270 0 0 2 0 2
1280 0 0 2 0 2
1290 0 0 2 0 2
1300 0 0 2 0 2
1310 0 2 2 0 2
1320 2 0 2 0 2
1330 0 0 2 0 2
1340 0 0 2 0 2
1350 0 2 2 0 2
1360 2 0 2 0 2
1370 2 0 2 0 2
1380 2 0 0 2 2
1390 2 0 0 2 2
1400 2 0 0 0 2
1410 2 0 0 0 2
1420 2 0 0 0 2
1430 2 0 0 0 0
1440 2 0 0 0 0
1450 2 0 0 0 0
1460 2 0 0 0 0
1470 2 0 0 0 0
1480 2 0 0 0 0
1490 2 0 0 0 0
1500 2 0 0 0 0
1510 2 0 0 0 0
1520 2 0 0 0 0
1530 2 0 0 0 0
1540 2 0 0 0 0
1550 2 0 0 0 0
1560 2 0 0 0 0
1570 2 0 0 0 0
1580 2 0 0 0 0
1590 2 0 0 0 0
1600 2 0 0 0 0
1610 2 0 2 0 0
1620 2 0 2 0 0
1630 2 0 2 0 0
1640 2 0 2 0 0
1650 0 2 2 0 0
1660 0 0 2 0 0
1670 0 0 2 0 0
1680 0 0 2 0 0
1690 0 0 2 0 0
1700 0 0 2 0 0
1710 0 0 2 0 0
1720 0 0 2 0 0
1730 0 0 2 0 1
1740 0 0 2 0 1
1750 0 0 2 0 1
1760 0 0 2 0 1
1770 0 0 2 0 1
1780 0 0 2 0 2
1790 0 0 2 0 2
1800 0 0 2 0 2
1810 0 0 2 0 2
1820 0 0 2 0 2
1830 0 0 2 0 2
1840 0 0 2 0 2
1850 0 0 2 0 2
1860 0 0 2 0 2
1870 0 0 2 0 2
1880 0 0 2 0 2
1890 0 0 2 0 2
1900 0 0 2 0 2
1910 0 0 2 0 0
1920 0 0 2 0 0
1930 0 0 2 0 0
1940 0 0 2 0 0
1950 0 0 2 0 0
1960 0 0 2 0 0
1970 0 0 2 0 0
1980 0 2 2 0 0
1990 2 0 2 0 0
2000 2 0 2 0 0
2010 2 0 0 2 0
2020 2 0 0 2 0
2030 2 0 0 2 0
2040 2 0 0 0 0
2050 2 0 0 0 0
2060 2 0 0 0 0
2070 2 0 2 0 0
2080 2 0 2 0 0
2090 2 0 2 0 0
2100 2 0 0 2 0
2110 2 0 0 2 0
2120 2 0 0 2 0
2130 2 0 0 2 0
2140 2 0 0 2 0
2150 2 0 0 2 0
2160 2 0 2 0 0
2170 2 0 2 0 0
2180 0 2 2 0 0
2190 0 0 2 0 0
2200 0 0 2 0 0
2210 0 0 2 0 0
2220 0 0 2 0 0
2230 0 0 2 0 0
2240 0 0 2 0 1
2250 0 0 2 0 1
2260 0 0 2 0 1
2270 0 0 2 0 1
2280 0 0 2 0 2
2290 0 0 2 0 2
2300 0 0 2 0 2
2310 0 0 2 0 2
2320 0 0 2 0 2
2330 0 0 2 0 2
2340 0 0 2 0 2
2350 0 0 2 0 2
2360 0 0 2 0 2
2370 0 0 2 0 2
2380 0 0 2 0 2
2390 0 0 2 0 2
2400 0 0 2 0 2
2410 0 0 2 0 2
2420 0 0 2 0 2
2430 0 0 2 0 2
2440 0 0 2 0 2
2450 0 0 2 0 2
2460 0 0 2 0 2
2470 0 0 2 0 2
2480 0 0 2 0 2
2490 0 0 2 0 2
2500 0 0 2 0 2
2510 0 0 2 0 2
2520 0 0 2 0 2
2530 0 0 2 0 2
2540 0 0 2 0 2
2550 0 0 2 0 2
2560 0 0 2 0 2
2570 0 0 2 0 2
2580 0 0 2 0 2
2590 0 0 2 0 2
2600 0 0 2 0 2
2610 0 0 2 0 2
2620 0 0 2 0 2
2630 0 0 2 0 2
2640 0 0 2 0 2
2650 0 0 2 0 2
2660 0 0 2 0 2
2670 0 0 2 0 2
2680 0 0 2 0 2
2690 0 2 2 0 2
2700 0 2 2 0 2
2710 2 0 2 0 2
2720 2 0 0 2 2
2730 2 0 0 0 2
2740 2 0 0 0 2
2750 2 0 0 0 2
2760 2 0 0 0 2
2770 2 0 0 0 2
2780 2 0 0 0 2
2790 2 0 0 0 0
2800 2 0 0 0 0
2810 2 0 0 0 0
2820 2 0 0 0 0
2830 2 0 0 0 0
2840 2 0 0 0 0
2850 2 0 0 0 0
2860 2 0 0 0 0
2870 2 0 0 0 0
2880 2 0 0 0 0
2890 2 0 0 0 0
2900 2 0 0 0 0
2910 2 0 0 0 0
2920 2 0 0 0 0
2930 2 0 0 0 0
2940 2 0 0 0 0
2950 2 0 0 0 0
2960 2 0 0 0 0
2970 2 0 0 0 0
2980 2 0 0 2 0
2990 2 0 0 0 0
3000 2 0 0 0 0
3010 2 0 0 0 0
3020 2 0 2 0 0
3030 2 0 0 2 0
3040 2 0 0 2 0
3050 2 0 2 0 0
3060 2 0 0 2 0
3070 2 0 2 0 0
3080 2 0 2 0 0
3090 2 0 2 0 0
3100 2 0 2 0 0
3110 2 0 0 0 0
3120 2 0 0 0 0
3130 2 0 0 0 0
3140 2 0 0 0 0
3150 2 0 0 0 0
3160 2 0 0 0 0
3170 2 0 0 0 0
3180 2 0 0 0 0
3190 2 0 0 0 0
3200 2 0 0 0 0
3210 2 0 3 0 0
3220 2 0 3 0 0
3230 2 0 3 0 0
3240 2 0 3 0 0
3250 2 0 3 0 0
3260 2 0 3 0 0
3270 2 0 0 3 0
3280 2 0 0 0 0
3290 2 0 0 0 0
3300 2 0 0 0 0
3310 2 0 0 0 0
3320 2 0 0 0 0
3330 2 0 0 3 0
3340 2 0 3 0 0
3350 2 0 3 0 0
3360 2 0 3 0 0
3370 2 0 3 0 0
3380 2 0 3 0 0
3390 2 0 3 0 0
3400 2 0 3 0 0
3410 2 0 3 0 0
3420 2 0 0 3 0
3430 2 0 0 0 0
3440 2 0 0 0 0
3450 2 0 0 0 0
3460 2 0 0 0 0
3470 2 0 0 0 0
3480 2 0 0 3 0
3490 2 0 0 3 0
3500 2 0 3 0 0
3510 2 0 3 0 0
3520 2 0 3 0 0
3530 2 0 3 0 0
3540 2 0 3 0 0
3550 2 0 3 0 0
3560 2 0 0 0 0
3570 2 0 0 0 0
3580 2 0 0 0 0
3590 2 0 0 0 0
3600 2 0 0 0 0
3610 2 0 0 0 0
3620 2 0 0 0 0
3630 2 0 0 0 0
3640 2 0 3 0 0
3650 2 0 3 0 0
3660 2 0 3 0 0
3670 2 0 3 0 0
3680 2 0 3 0 0
3690 2 0 3 0 0
3700 2 0 3 0 0
3710 2 0 0 0 0
3720 2 0 0 0 0
3730 2 0 0 0 0
3740 2 0 0 0 0
3750 2 0 0 0 0
3760 2 0 0 0 0
3770 2 0 0 0 0
3780 2 0 0 2 0
3790 2 0 2 0 0
3800 0 0 2 0 0
3810 0 0 2 0 0
3820 0 0 2 0 0
3830 0 0 2 0 0
3840 0 0 2 0 0
3850 0 0 2 0 0
3860 0 0 2 0 0
3870 0 0 2 0 0
3880 0 0 2 0 0
3890 0 0 2 0 0
3900 2 0 2 0 0
3910 2 0 0 2 0
3920 2 0 0 2 0
3930 2 0 0 0 0
3940 2 0 0 0 0
3950 2 0 0 2 0
3960 2 0 0 2 0
3970 2 0 0 2 0
3980 2 0 2 0 0
3990 0 2 2 0 0
4000 0 2 2 0 0
4010 0 2 2 0 0
4020 0 2 2 0 0
4030 2 0 2 0 0
4040 2 0 2 0 0
4050 2 0 0 2 0
4060 2 0 0 0 0
4070 2 0 0 0 0
4080 2 0 0 0 0
4090 2 0 0 2 0
4100 2 0 2 0 0
4110 2 0 2 0 0
4120 2 0 2 0 0
4130 0 2 2 0 0
4140 0 0 2 0 0
4150 0 0 2 0 0
4160 0 0 2 0 0
4170 0 0 2 0 0
4180 0 2 2 0 0
4190 0 2 2 0 0
4200 0 0 2 0 0
4210 0 2 2 0 0
4220 0 2 2 0 0
4230 2 0 2 0 0
4240 2 0 0 2 0
4250 2 0 0 2 0
4260 2 0 0 0 0
4270 2 0 0 0 0
4280 2 0 0 0 0
4290 2 0 0 2 0
4300 2 0 0 2 0
4310 2 0 0 2 0
4320 2 0 2 0 0
4330 2 0 2 0 0
4340 2 0 0 2 0
4350 2 0 0 2 0
4360 2 0 0 2 0
4370 2 0 0 2 0
4380 2 0 2 0 0
4390 2 0 2 0 0
4400 2 0 2 0 0
4410 2 0 2 0 0
4420 2 0 2 0 0
4430 0 0 2 0 0
4440 0 0 2 0 0
4450 0 0 2 0 0
4460 0 0 2 0 0
4470 0 0 2 0 0
4480 0 0 2 0 0
4490 0 0 2 0 1
4500 0 0 2 0 0
4510 0 0 2 0 0
4520 0 0 2 0 0
4530 0 0 2 0 0
4540 0 0 2 0 1
4550 0 0 2 0 1
4560 0 0 2 0 2
4570 0 0 2 0 2
4580 0 0 2 0 2
4590 0 0 2 0 2
4600 0 0 2 0 2
4610 0 0 2 0 2
4620 0 0 2 0 2
4630 0 0 2 0 2
4640 0 0 2 0 2
4650 0 0 2 0 2
4660 0 0 2 0 2
4670 0 0 2 0 2
4680 0 0 2 0 2
4690 0 0 2 0 2
4700 0 0 2 0 2
4710 0 0 2 0 2
4720 0 0 2 0 2
4730 0 0 2 0 2
4740 0 0 2 0 2
4750 0 0 2 0 2
4760 0 0 2 0 2
4770 0 0 2 0 2
4780 0 0 2 0 2
4790 0 0 2 0 2
4800 0 0 2 0 2
4810 0 0 2 0 2
4820 0 2 2 0 2
4830 2 0 2 0 2
4840 2 0 0 2 2
4850 2 0 0 2 2
4860 2 0 0 0 2
4870 2 0 0 0 2
4880 2 0 0 0 2
4890 2 0 0 0 2
4900 2 0 0 0 2
4910 2 0 0 0 2
4920 2 0 0 0 2
4930 2 0 0 0 2
4940 2 0 0 0 0
4950 2 0 0 0 0
4960 2 0 0 0 0
4970 2 0 0 0 0
4980 2 0 0 0 0
4990 2 0 0 0 0
5000 2 0 0 0 0
5010 2 0 0 0 0
5020 2 0 0 0 0
5030 2 0 0 0 0
5040 2 0 0 0 0
5050 0 2 0 0 1
5060 0 2 0 0 1
5070 0 0 0 0 1
5080 0 0 0 0 1
5090 0 0 0 0 1
5100 0 0 0 0 1
5110 0 0 0 0 1
5120 0 0 0 0 1
5130 0 0 0 0 1
5140 0 0 0 0 1
5150 0 0 0 0 1
5160 0 0 0 0 1
5170 0 0 0 0 1
5180 0 0 0 0 1
5190 0 0 0 0 1
5200 0 0 0 0 1
5210 0 0 0 0 1
