0 0 0 0 2 2
10 0 0 0 2 2
20 0 0 0 2 2
30 0 0 0 2 2
40 0 0 0 2 2
50 0 0 0 2 2
60 0 0 0 2 2
70 0 0 0 2 2
80 0 0 0 2 2
90 0 0 0 2 2
100 0 0 0 0 2
110 0 0 0 0 2
120 0 0 0 0 2
130 0 0 0 0 2
140 0 0 0 0 2
150 0 0 0 0 2
160 0 0 0 2 2
170 0 0 0 2 2
180 0 0 0 2 2
190 0 0 0 0 2
200 0 0 0 0 2
210 0 0 0 2 2
220 0 0 0 2 2
230 0 0 2 0 2
240 0 0 2 0 2
250 0 0 2 0 2
260 0 0 2 0 2
270 0 0 2 0 2
280 0 0 2 0 2
290 0 0 2 0 0
300 0 0 2 0 0
310 0 0 2 0 0
320 0 0 2 0 0
330 0 0 2 0 0
340 0 0 2 0 0
350 0 0 2 0 0
360 0 0 2 0 0
370 0 0 2 0 0
380 0 0 2 0 0
390 0 0 2 0 0
400 0 0 2 0 0
410 0 0 2 0 0
420 0 0 2 0 0
430 0 0 2 0 0
440 0 0 2 0 0
450 0 0 2 0 0
460 2 0 2 0 0
470 2 0 2 0 0
480 2 0 2 0 0
490 2 0 0 0 0
500 2 0 0 0 0
510 2 0 0 0 0
520 2 0 0 0 0
530 2 0 0 0 0
540 2 0 0 2 0
550 2 0 0 2 0
560 2 0 0 2 0
570 2 0 0 2 0
580 2 0 2 0 0
590 2 0 2 0 0
600 0 2 2 0 0
610 0 0 2 0 0
620 0 0 2 0 0
630 0 0 2 0 0
640 0 0 2 0 0
650 0 0 2 0 0
660 0 0 2 0 0
670 0 0 2 0 1
680 0 0 2 0 1
690 0 0 2 0 1
700 0 0 2 0 2
710 0 0 2 0 2
720 0 0 2 0 2
730 0 0 2 0 2
740 0 0 2 0 2
750 0 0 2 0 2
760 0 0 2 0 2
770 0 0 2 0 2
780 0 0 2 0 2
790 0 0 2 0 2
800 0 0 2 0 2
810 0 0 2 0 2
820 0 0 2 0 2
830 0 0 2 0 2
840 0 0 2 0 2
850 0 0 2 0 2
860 0 0 2 0 2
870 0 0 2 0 2
880 0 0 2 0 2
890 0 0 2 0 2
900 0 0 2 0 2
910 0 0 2 0 2
920 0 0 2 0 2
930 0 0 2 0 2
940 0 0 2 0 2
950 0 0 2 0 2
960 0 0 2 0 0
970 0 0 2 0 0
980 0 0 2 0 0
990 0 0 2 0 0
1000 0 0 2 0 0
1010 0 0 2 0 0
1020 0 0 2 0 0
1030 0 0 2 0 0
1040 0 2 2 0 0
1050 2 0 2 0 0
1060 2 0 2 0 0
1070 2 0 2 0 0
1080 2 0 2 0 0
1090 2 0 2 0 0
1100 0 0 2 0 0
1110 0 0 2 0 0
1120 0 0 2 0 0
1130 0 0 2 0 1
1140 0 0 2 0 1
1150 0 0 2 0 1
1160 0 0 2 0 2
1170 0 0 2 0 2
1180 0 0 2 0 2
1190 0 0 2 0 2
1200 0 0 2 0 2
1210 0 0 2 0 2
1220 0 0 2 0 2
1230 0 0 2 0 2
1240 0 0 2 0 2
1250 0 0 2 0 2
1260 0 0 2 0 2
1270 0 0 2 0 2
1280 0 0 2 0 2
1290 0 0 2 0 2
1300 0 0 2 0 2
1310 0 0 2 0 2
1320 0 0 2 0 2
1330 0 0 2 0 2
1340 0 0 2 0 2
1350 0 0 2 0 2
1360 0 0 2 0 2
1370 0 0 2 0 2
1380 0 0 2 0 2
1390 0 0 2 0 2
1400 0 0 2 0 2
1410 0 0 2 0 0
1420 0 0 2 0 0
1430 0 0 2 0 0
1440 0 0 2 0 0
1450 0 0 2 0 0
1460 0 0 2 0 0
1470 0 0 2 0 0
1480 0 0 2 0 0
1490 0 0 2 0 0
1500 0 0 2 0 0
1510 0 0 2 0 0
1520 0 0 2 0 0
1530 0 0 2 0 0
1540 2 0 2 0 0
1550 2 0 2 0 0
1560 2 0 0 2 0
1570 2 0 0 0 0
1580 2 0 0 0 0
1590 2 0 0 0 0
1600 2 0 0 0 0
1610 2 0 0 0 0
1620 2 0 0 0 0
1630 2 0 0 0 0
1640 2 0 0 0 0
1650 2 0 0 0 0
1660 2 0 0 0 0
1670 2 0 0 0 0
1680 2 0 0 0 0
1690 2 0 2 0 0
1700 0 0 2 0 0
1710 0 0 2 0 0
1720 0 0 2 0 0
1730 0 0 2 0 1
1740 0 0 2 0 1
1750 0 0 2 0 1
1760 0 0 2 0 1
1770 0 0 2 0 1
1780 0 0 2 0 1
1790 0 0 2 0 1
1800 0 0 2 0 1
1810 0 0 2 0 1
1820 0 0 2 0 2
1830 0 0 2 0 2
1840 0 0 2 0 2
1850 0 0 2 0 2
1860 0 0 2 0 2
1870 0 0 2 0 2
1880 0 0 2 0 2
1890 0 0 2 0 2
1900 0 0 2 0 2
1910 0 0 2 0 2
1920 0 0 2 0 2
1930 0 0 2 0 2
1940 0 0 2 0 2
1950 0 0 2 0 2
1960 0 0 2 0 2
1970 0 0 2 0 2
1980 0 0 2 0 2
1990 0 0 2 0 2
2000 0 0 2 0 2
2010 0 0 2 0 2
2020 0 0 2 0 1
2030 0 0 2 0 1
2040 0 0 2 0 1
2050 0 0 2 0 2
2060 0 0 2 0 2
2070 0 0 2 0 2
2080 0 0 2 0 2
2090 0 0 2 0 2
2100 0 0 2 0 2
2110 0 0 2 0 2
2120 0 0 2 0 2
2130 0 0 2 0 2
2140 0 0 2 0 2
2150 0 0 2 0 2
2160 0 0 2 0 2
2170 0 0 2 0 2
2180 0 0 2 0 2
2190 0 0 2 0 2
2200 0 0 2 0 2
2210 0 0 2 0 2
2220 0 0 2 0 2
2230 0 0 2 0 2
2240 2 0 2 0 2
2250 2 0 2 0 2
2260 2 0 2 0 2
2270 2 0 0 2 2
2280 2 0 0 0 2
2290 2 0 0 0 2
2300 2 0 0 0 2
2310 2 0 0 0 2
2320 2 0 0 0 2
2330 2 0 0 0 2
2340 2 0 0 0 0
2350 2 0 0 0 0
2360 2 0 0 0 0
2370 2 0 0 0 0
2380 2 0 0 0 0
2390 2 0 0 0 0
2400 2 0 0 0 0
2410 2 0 0 0 0
2420 2 0 0 0 0
2430 2 0 0 0 0
2440 2 0 0 0 0
2450 2 0 0 0 0
2460 2 0 0 0 0
2470 2 0 0 0 0
2480 2 0 0 0 0
2490 2 0 0 0 0
2500 2 0 0 0 0
2510 2 0 0 0 0
2520 2 0 0 0 0
2530 2 0 0 0 0
2540 2 0 0 0 0
2550 2 0 0 0 0
2560 2 0 0 0 0
2570 2 0 0 0 0
2580 2 0 0 0 0
2590 2 0 0 0 0
2600 2 0 0 0 0
2610 2 0 0 0 0
2620 2 0 0 0 0
2630 2 0 0 2 0
2640 2 0 0 2 0
2650 2 0 0 2 0
2660 2 0 0 2 0
2670 2 0 2 0 0
2680 2 0 2 0 0
2690 0 0 2 0 0
2700 0 0 2 0 0
2710 0 0 2 0 0
2720 0 0 2 0 0
2730 0 0 2 0 0
2740 0 0 2 0 0
2750 0 0 2 0 1
2760 0 0 2 0 1
2770 0 0 2 0 2
2780 0 0 2 0 2
2790 0 0 2 0 2
2800 0 0 2 0 2
2810 0 0 2 0 2
2820 0 0 2 0 2
2830 0 0 2 0 2
2840 0 0 2 0 2
2850 0 0 2 0 2
2860 0 0 2 0 2
2870 0 0 2 0 2
2880 0 0 2 0 2
2890 0 0 2 0 2
2900 0 0 2 0 2
2910 0 0 2 0 2
2920 0 0 2 0 2
2930 0 0 2 0 2
2940 0 0 2 0 2
2950 0 0 2 0 2
2960 0 2 2 0 2
2970 2 0 2 0 2
2980 2 0 2 0 2
2990 2 0 2 0 2
3000 2 0 0 2 2
3010 2 0 0 0 2
3020 2 0 0 0 2
3030 2 0 0 0 2
3040 2 0 0 0 2
3050 2 0 0 0 2
3060 2 0 0 0 2
3070 2 0 0 0 0
3080 2 0 0 0 0
3090 2 0 0 0 0
3100 2 0 0 0 0
3110 2 0 0 0 0
3120 2 0 0 0 0
3130 2 0 0 0 0
3140 2 0 0 0 0
3150 2 0 0 0 0
3160 2 0 0 0 0
3170 2 0 0 0 0
3180 2 0 0 0 0
3190 2 0 0 0 0
3200 2 0 0 0 0
3210 2 0 0 0 0
3220 2 0 0 0 0
3230 2 0 0 0 0
3240 2 0 0 0 0
3250 2 0 0 0 0
3260 2 0 0 0 0
3270 2 0 0 0 0
3280 2 0 0 0 0
3290 2 0 0 2 0
3300 2 0 2 0 0
3310 0 2 2 0 0
3320 0 0 2 0 0
3330 0 0 2 0 0
3340 0 0 2 0 0
3350 0 0 2 0 0
3360 0 0 2 0 0
3370 0 0 2 0 0
3380 0 0 2 0 0
3390 0 0 2 0 0
3400 0 0 2 0 1
3410 0 0 2 0 1
3420 0 0 2 0 1
3430 0 0 2 0 1
3440 0 0 2 0 0
3450 0 0 2 0 0
3460 0 0 2 0 0
3470 0 3 2 0 0
3480 0 3 2 0 0
3490 0 3 2 0 0
3500 0 0 2 0 0
3510 0 0 2 0 0
3520 0 0 2 0 0
3530 0 0 2 0 0
3540 0 0 2 0 0
3550 0 3 2 0 0
3560 0 3 2 0 0
3570 0 3 2 0 0
3580 0 3 2 0 0
3590 0 3 2 0 0
3600 0 3 2 0 0
3610 0 3 2 0 0
3620 0 3 2 0 0
3630 0 3 2 0 0
3640 0 3 2 0 0
3650 0 3 2 0 0
3660 0 3 2 0 0
3670 0 3 2 0 0
3680 0 3 2 0 0
3690 0 3 2 0 1
3700 0 3 2 0 1
3710 0 3 2 0 1
3720 0 3 2 0 1
3730 0 3 2 0 1
3740 0 3 2 0 2
3750 0 3 2 0 2
3760 0 3 2 0 2
3770 0 3 2 0 2
3780 0 3 2 0 2
3790 0 3 2 0 2
3800 0 3 2 0 2
3810 0 3 2 0 2
3820 0 3 2 0 2
3830 0 3 2 0 2
3840 0 0 2 0 2
3850 0 0 2 0 2
3860 0 0 2 0 2
3870 0 0 2 0 2
3880 0 0 2 0 2
3890 0 0 2 0 2
3900 0 0 2 0 2
3910 0 0 2 0 2
3920 0 0 2 0 2
3930 0 0 2 0 2
3940 0 0 2 0 2
3950 0 0 2 0 2
3960 0 0 2 0 2
3970 0 0 2 0 2
3980 0 0 2 0 2
3990 0 0 2 0 2
4000 0 0 2 0 2
4010 0 0 2 0 2
4020 0 0 2 0 2
4030 0 0 2 0 0
4040 0 0 2 0 0
4050 0 0 2 0 0
4060 0 0 2 0 0
4070 0 0 2 0 0
4080 0 0 2 0 0
4090 0 0 2 0 0
4100 0 0 2 0 0
4110 0 0 2 0 0
4120 0 0 2 0 0
4130 0 0 2 0 0
4140 0 0 2 0 0
4150 0 0 2 0 0
4160 0 0 2 0 0
4170 0 0 2 0 0
4180 0 2 2 0 0
4190 2 0 2 0 0
4200 2 0 2 0 0
4210 2 0 0 2 0
4220 2 0 0 0 0
4230 2 0 0 0 0
4240 2 0 0 0 0
4250 2 0 0 0 0
4260 2 0 0 0 0
4270 2 0 0 0 0
4280 2 0 0 0 0
4290 2 0 0 2 0
4300 2 0 2 0 0
4310 0 2 2 0 0
4320 0 0 2 0 0
4330 0 0 2 0 0
4340 0 0 2 0 0
4350 0 0 2 0 0
4360 0 0 2 0 0
4370 0 0 2 0 1
4380 0 0 2 0 1
4390 0 0 2 0 1
4400 0 0 2 0 1
4410 0 0 2 0 1
4420 0 0 2 0 1
4430 0 0 2 0 2
4440 0 0 2 0 2
4450 0 0 2 0 2
4460 0 0 2 0 2
4470 0 0 2 0 2
4480 0 0 2 0 2
4490 0 0 2 0 2
4500 0 0 2 0 2
4510 0 0 2 0 2
4520 0 0 2 0 2
4530 0 0 2 0 2
4540 0 0 2 0 2
4550 0 0 2 0 2
4560 0 0 2 0 2
4570 0 0 2 0 2
4580 0 0 2 0 2
4590 0 0 2 0 2
4600 0 0 2 0 2
4610 0 0 2 0 2
4620 0 0 2 0 2
4630 0 0 2 0 2
4640 0 0 2 0 2
4650 0 0 2 0 2
4660 0 0 2 0 2
4670 0 0 2 0 2
4680 0 0 2 0 2
4690 0 2 2 0 2
4700 2 0 2 0 2
4710 2 0 2 0 2
4720 2 0 0 0 2
4730 2 0 0 0 2
4740 2 0 0 0 2
4750 2 0 0 0 2
4760 2 0 0 0 2
4770 2 0 0 0 2
4780 2 0 0 0 0
4790 2 0 0 0 0
4800 2 0 0 0 0
4810 2 0 0 0 0
4820 2 0 0 0 0
4830 2 0 0 0 0
4840 2 0 0 0 0
4850 2 0 0 0 0
4860 2 0 0 0 0
4870 2 0 0 0 0
4880 2 0 0 0 0
4890 2 0 0 0 0
4900 2 0 0 0 0
4910 2 0 0 0 0
4920 2 0 0 0 0
4930 2 0 0 0 0
4940 2 0 0 0 0
4950 2 0 0 0 0
4960 2 0 0 0 0
4970 2 0 0 0 0
4980 2 0 2 0 0
4990 0 0 2 0 0
5000 0 0 2 0 0
5010 0 0 2 0 0
5020 0 0 2 0 0
5030 0 0 2 0 0
5040 0 0 2 0 0
5050 0 0 2 0 0
5060 0 0 2 0 0
5070 0 0 2 0 1
5080 0 0 2 0 1
5090 0 0 2 0 1
5100 0 0 2 0 1
5110 0 0 2 0 1
5120 0 0 2 0 2
5130 0 0 2 0 2
5140 0 0 2 0 2
5150 0 0 2 0 2
5160 0 0 2 0 2
5170 0 0 2 0 2
5180 0 0 2 0 2
5190 0 0 2 0 2
5200 0 0 2 0 2
5210 0 0 2 0 2
5220 0 0 2 0 2
5230 0 0 2 0 2
5240 0 0 2 0 2
5250 0 0 2 0 2
5260 0 0 2 0 2
5270 0 0 2 0 2
5280 0 0 2 0 2
5290 0 0 2 0 2
5300 0 0 2 0 2
5310 0 0 2 0 2
5320 0 0 2 0 2
5330 2 0 2 0 2
5340 2 0 2 0 2
5350 2 0 0 0 2
5360 2 0 0 0 2
5370 2 0 0 0 2
5380 2 0 0 0 2
5390 2 0 0 0 0
5400 2 0 0 0 0
5410 2 0 0 0 0
5420 2 0 0 0 0
5430 2 0 0 0 0
5440 2 0 0 0 0
5450 2 0 0 0 0
5460 2 0 0 0 0
5470 2 0 0 0 0
5480 0 2 0 0 0
5490 0 2 0 0 0
5500 0 2 0 0 0
5510 0 2 0 0 0
5520 0 0 0 0 1
5530 0 0 0 0 1
5540 0 0 0 0 1
5550 0 0 0 0 1
5560 0 4 0 0 1
5570 0 4 0 0 1
5580 0 4 0 0 1
5590 0 4 0 0 1
5600 0 4 0 4 1
5610 0 4 0 4 1
5620 0 4 0 4 1
5630 0 4 0 4 1
