0 0 0 0 0 2
10 0 0 0 0 2
20 0 0 0 0 2
30 0 0 0 0 2
40 0 0 0 2 2
50 0 0 0 2 2
60 0 0 0 2 2
70 0 0 0 2 2
80 0 0 0 2 2
90 0 0 2 0 2
100 0 0 2 0 2
110 0 0 2 0 0
120 0 0 2 0 0
130 0 0 2 0 0
140 0 0 2 0 0
150 0 0 2 0 0
160 0 2 2 0 0
170 0 2 2 0 0
180 2 0 2 0 0
190 2 0 0 2 0
200 2 0 0 2 0
210 2 0 0 2 0
220 0 2 2 0 0
230 0 0 2 0 0
240 0 0 2 0 0
250 0 0 2 0 0
260 0 0 2 0 1
270 0 0 2 0 1
280 0 0 2 0 1
290 0 0 2 0 1
300 0 0 2 0 2
310 0 0 2 0 2
320 0 0 2 0 2
330 0 0 2 0 2
340 0 0 2 0 2
350 0 0 2 0 2
360 0 0 2 0 2
370 0 0 2 0 2
380 0 0 2 0 2
390 0 0 2 0 2
400 0 0 2 0 2
410 0 0 2 0 2
420 2 0 2 0 2
430 2 0 0 2 2
440 2 0 0 2 2
450 2 0 0 0 2
460 2 0 0 0 0
470 2 0 0 0 0
480 2 0 0 0 0
490 2 0 0 0 0
500 2 0 0 3 0
510 2 0 0 3 0
520 2 0 0 3 0
530 2 0 0 3 0
540 2 0 0 3 0
550 2 0 0 3 0
560 2 0 0 3 0
570 2 0 0 3 0
580 2 0 0 3 0
590 2 0 0 3 0
600 2 0 0 0 0
610 2 0 0 0 0
620 2 0 0 0 0
630 2 0 0 0 0
640 2 0 0 0 0
650 2 0 0 0 0
660 2 0 0 0 0
670 2 0 0 2 0
680 2 0 0 2 0
690 2 0 0 0 0
700 2 0 0 0 0
710 2 0 0 0 0
720 2 0 0 0 0
730 2 0 2 0 0
740 2 0 2 0 0
750 0 0 2 0 0
760 0 0 2 0 0
770 0 0 2 0 0
780 0 0 2 0 0
790 0 0 2 0 0
800 0 0 2 0 1
810 0 0 2 0 1
820 0 0 2 0 1
830 0 0 2 0 2
840 0 0 2 0 2
850 0 0 2 0 2
860 0 0 2 0 2
870 0 0 2 0 2
880 0 0 2 0 2
890 0 0 2 0 2
900 0 0 2 0 2
910 0 0 2 0 2
920 0 0 2 0 2
930 0 0 2 0 2
940 0 0 2 0 2
950 2 0 2 0 2
960 2 0 2 0 2
970 2 0 0 0 2
980 2 0 0 0 2
990 2 0 0 0 2
1000 2 0 0 0 0
1010 2 0 0 0 0
1020 2 0 0 3 0
1030 2 0 0 3 0
1040 2 0 0 0 0
1050 2 0 0 0 0
1060 2 0 0 0 0
1070 2 0 0 3 0
1080 2 0 0 3 0
1090 2 0 0 3 0
1100 2 0 0 3 0
1110 2 0 0 3 0
1120 2 0 0 0 0
1130 2 0 0 0 0
1140 2 0 0 0 0
1150 2 0 0 0 0
1160 2 0 0 0 0
1170 2 0 0 0 0
1180 2 0 0 3 0
1190 2 0 3 0 0
1200 2 0 3 0 0
1210 2 0 3 0 0
1220 2 0 3 0 0
1230 2 0 3 0 0
1240 2 0 3 0 0
1250 2 0 3 0 0
1260 2 0 0 0 0
1270 2 0 0 0 0
1280 2 0 0 0 0
1290 2 0 0 0 0
1300 2 0 0 0 0
1310 2 0 0 0 0
1320 2 0 0 2 0
1330 2 0 0 2 0
1340 2 0 2 0 0
1350 0 0 2 0 0
1360 0 0 2 0 0
1370 0 0 2 0 0
1380 0 0 2 0 0
1390 0 3 2 0 0
1400 0 3 2 0 0
1410 0 3 2 0 0
1420 0 3 2 0 0
1430 0 3 2 0 1
1440 0 3 2 0 1
1450 0 3 2 0 1
1460 0 3 2 0 2
1470 0 3 2 0 2
1480 0 3 2 0 2
1490 0 3 2 0 2
1500 0 3 2 0 2
1510 0 3 2 0 2
1520 0 3 2 0 2
1530 0 3 2 0 2
1540 0 3 2 0 2
1550 0 0 2 0 2
1560 0 0 2 0 2
1570 0 0 2 0 2
1580 0 2 2 0 2
1590 2 0 0 2 2
1600 2 0 0 0 2
1610 2 0 0 0 2
1620 2 0 0 0 0
1630 2 0 0 0 0
1640 2 0 0 3 0
1650 2 0 0 3 0
1660 2 0 0 3 0
1670 2 0 0 3 0
1680 2 0 0 3 0
1690 2 0 0 3 0
1700 2 0 0 0 0
1710 2 0 0 0 0
1720 2 0 0 0 0
1730 2 0 0 0 0
1740 2 0 0 0 0
1750 2 0 2 0 0
1760 2 0 2 0 0
1770 0 0 2 0 0
1780 0 0 2 0 0
1790 0 0 2 0 0
1800 0 0 2 0 0
1810 0 0 2 0 1
1820 0 0 2 0 1
1830 0 0 2 0 1
1840 0 0 2 0 1
1850 0 0 2 0 2
1860 0 0 2 0 2
1870 0 0 2 0 2
1880 0 0 2 0 2
1890 0 0 2 0 2
1900 0 0 2 0 2
1910 0 0 2 0 2
1920 0 0 2 0 2
1930 0 0 2 0 2
1940 0 0 2 0 2
1950 0 0 2 0 2
1960 0 0 2 0 2
1970 0 0 2 0 2
1980 0 0 2 0 2
1990 0 0 2 0 2
2000 0 0 2 0 2
2010 0 0 2 0 2
2020 0 0 2 0 2
2030 0 0 2 0 2
2040 0 0 2 0 2
2050 0 0 2 0 2
2060 0 0 2 0 2
2070 0 0 2 0 2
2080 0 0 2 0 2
2090 0 0 2 0 2
2100 0 0 2 0 2
2110 0 0 2 0 2
2120 0 0 2 0 2
2130 0 0 2 0 2
2140 2 0 2 0 2
2150 2 0 0 2 2
2160 2 0 0 0 2
2170 2 0 0 0 0
2180 2 0 0 0 0
2190 2 0 0 0 0
2200 2 0 0 3 0
2210 2 0 0 3 0
2220 2 0 0 3 0
2230 2 0 0 3 0
2240 2 0 0 0 0
2250 0 2 0 0 1
2260 0 0 0 0 1
2270 0 0 0 0 1
2280 0 0 0 0 1
2290 0 0 0 4 1
2300 0 4 0 4 1
2310 0 4 0 4 1
