0 0 0 0 2 2
10 0 0 0 2 2
20 0 0 0 2 2
30 0 0 0 2 2
40 0 0 0 2 2
50 0 0 0 2 2
60 0 0 0 0 2
70 0 0 0 0 2
80 0 0 0 0 2
90 0 0 0 0 2
100 0 0 0 0 2
110 0 0 0 0 2
120 0 0 0 2 2
130 0 0 2 0 2
140 0 0 2 0 0
150 0 0 2 0 0
160 0 0 2 0 0
170 0 0 2 0 0
180 0 0 2 0 0
190 0 0 2 0 0
200 0 0 2 0 0
210 0 0 2 0 0
220 0 0 2 0 0
230 0 0 2 0 0
240 0 0 2 0 0
250 0 0 2 0 1
260 0 0 2 0 1
270 0 0 2 0 1
280 0 0 2 0 1
290 0 0 2 0 1
300 0 0 2 0 1
310 0 0 2 0 2
320 0 0 2 0 2
330 0 0 2 0 2
340 0 0 2 0 2
350 0 0 2 0 2
360 0 0 2 0 2
370 0 0 2 0 2
380 0 0 2 0 2
390 0 0 2 0 2
400 0 0 2 0 2
410 0 0 2 0 2
420 0 0 2 0 2
430 0 0 2 0 2
440 0 0 2 0 2
450 0 0 2 0 2
460 0 0 2 0 2
470 0 0 2 0 2
480 0 2 2 0 2
490 2 0 2 0 2
500 0 2 2 0 2
510 0 0 2 0 2
520 0 0 2 0 2
530 2 0 2 0 2
540 2 0 2 0 2
550 2 0 0 2 2
560 2 0 0 0 2
570 2 0 0 0 2
580 2 0 0 0 2
590 2 0 0 0 2
600 2 0 0 0 2
610 2 0 0 0 0
620 2 0 0 0 0
630 2 0 0 0 0
640 2 0 0 0 0
650 2 0 0 0 0
660 2 0 0 0 0
670 2 0 0 0 0
680 2 0 0 0 0
690 2 0 0 0 0
700 2 0 0 0 0
710 2 0 0 0 0
720 2 0 0 0 0
730 2 0 0 0 0
740 2 0 0 0 0
750 2 0 0 0 0
760 2 0 0 0 0
770 2 0 0 0 0
780 2 0 0 0 0
790 2 0 0 2 0
800 2 0 2 0 0
810 0 0 2 0 0
820 0 0 2 0 0
830 0 0 2 0 0
840 0 0 2 0 0
850 0 0 2 0 0
860 0 0 2 0 0
870 0 0 2 0 0
880 0 0 2 0 0
890 0 0 2 0 0
900 0 0 2 0 0
910 0 0 2 0 0
920 0 0 2 0 1
930 0 0 2 0 1
940 0 0 2 0 1
950 0 0 2 0 1
960 0 0 2 0 1
970 0 0 2 0 2
980 0 0 2 0 2
990 0 0 2 0 2
1000 0 0 2 0 2
1010 0 0 2 0 2
1020 0 0 2 0 2
1030 0 0 2 0 2
1040 0 0 2 0 2
1050 0 0 2 0 2
1060 0 0 2 0 2
1070 0 0 2 0 2
1080 0 0 2 0 2
1090 0 0 2 0 2
1100 0 0 2 0 2
1110 0 0 2 0 2
1120 2 0 2 0 2
1130 2 0 0 2 2
1140 2 0 0 2 2
1150 2 0 0 0 2
1160 2 0 0 0 2
1170 2 0 0 0 2
1180 2 0 0 0 0
1190 2 0 0 0 0
1200 2 0 0 0 0
1210 2 0 0 0 0
1220 2 0 0 0 0
1230 2 0 0 0 0
1240 2 0 0 0 0
1250 2 0 0 0 0
1260 2 0 0 0 0
1270 2 0 0 0 0
1280 2 0 0 0 0
1290 2 0 0 0 0
1300 2 0 0 0 0
1310 2 0 0 0 0
1320 2 0 0 0 0
1330 2 0 0 0 0
1340 2 0 0 0 0
1350 2 0 0 0 0
1360 2 0 0 2 0
1370 2 0 2 0 0
1380 2 0 2 0 0
1390 2 0 2 0 0
1400 2 0 2 0 0
1410 2 0 2 0 0
1420 2 0 2 0 0
1430 2 0 2 0 0
1440 0 0 2 0 0
1450 0 0 2 0 0
1460 0 0 2 0 0
1470 0 0 2 0 0
1480 0 0 2 0 0
1490 0 0 2 0 0
1500 0 0 2 0 1
1510 0 0 2 0 1
1520 0 0 2 0 2
1530 0 0 2 0 2
1540 0 0 2 0 2
1550 0 0 2 0 2
1560 0 0 2 0 2
1570 0 0 2 0 2
1580 0 0 2 0 2
1590 0 0 2 0 2
1600 0 0 2 0 2
1610 0 0 2 0 2
1620 0 0 2 0 2
1630 0 0 2 0 2
1640 0 0 2 0 2
1650 0 0 2 0 2
1660 0 2 2 0 2
1670 2 0 2 0 2
1680 2 0 2 0 2
1690 2 0 0 0 2
1700 2 0 0 0 2
1710 2 0 0 0 2
1720 2 0 0 0 2
1730 2 0 0 0 2
1740 2 0 0 0 2
1750 2 0 0 0 0
1760 2 0 0 0 0
1770 2 0 0 0 0
1780 2 0 0 0 0
1790 2 0 0 0 0
1800 2 0 0 0 0
1810 2 0 0 0 0
1820 2 0 0 4 0
1830 2 0 0 4 0
1840 2 0 0 4 0
1850 2 0 0 4 0
1860 2 0 0 4 0
1870 2 0 0 3 0
1880 2 0 0 3 0
1890 2 0 0 3 0
1900 2 0 0 3 0
1910 2 0 0 0 0
1920 2 0 0 0 0
1930 2 0 0 0 0
1940 2 0 0 0 0
1950 2 0 0 0 0
1960 2 0 0 0 0
1970 2 0 0 0 0
1980 2 0 0 0 0
1990 2 0 0 0 0
2000 2 0 0 0 0
2010 2 0 0 0 0
2020 2 0 0 0 0
2030 2 0 0 0 0
2040 2 0 0 0 0
2050 2 0 0 0 0
2060 2 0 0 0 0
2070 2 0 0 0 0
2080 2 0 0 0 0
2090 2 0 0 0 0
2100 2 0 0 0 0
2110 2 0 0 2 0
2120 2 0 0 2 0
2130 2 0 2 0 0
2140 2 0 2 0 0
2150 0 2 2 0 0
2160 0 0 2 0 0
2170 0 0 2 0 0
2180 0 0 2 0 0
2190 0 0 2 0 0
2200 0 0 2 0 1
2210 0 0 2 0 1
2220 0 0 2 0 1
2230 0 0 2 0 1
2240 0 0 2 0 1
2250 0 0 2 0 2
2260 0 0 2 0 2
2270 0 0 2 0 2
2280 0 0 2 0 2
2290 0 0 2 0 2
2300 0 0 2 0 2
2310 0 0 2 0 2
2320 0 0 2 0 2
2330 0 0 2 0 2
2340 0 0 2 0 2
2350 0 0 2 0 2
2360 0 0 2 0 2
2370 0 0 2 0 2
2380 0 0 2 0 2
2390 0 2 2 0 2
2400 2 0 2 0 2
2410 2 0 0 0 2
2420 2 0 0 0 2
2430 2 0 0 0 2
2440 2 0 0 0 2
2450 2 0 0 0 2
2460 2 0 0 0 0
2470 2 0 0 0 0
2480 2 0 0 0 0
2490 2 0 0 0 0
2500 2 0 0 0 0
2510 2 0 0 0 0
2520 2 0 0 0 0
2530 2 0 0 0 0
2540 2 0 0 0 0
2550 2 0 0 0 0
2560 2 0 0 0 0
2570 2 0 0 0 0
2580 2 0 0 0 0
2590 2 0 0 2 0
2600 2 0 0 2 0
2610 2 0 0 2 0
2620 2 0 2 0 0
2630 2 0 2 0 0
2640 0 2 2 0 0
2650 0 0 2 0 0
2660 0 0 2 0 0
2670 0 0 2 0 0
2680 0 0 2 0 0
2690 0 0 2 0 0
2700 0 0 2 0 0
2710 0 0 2 0 0
2720 0 0 2 0 0
2730 0 2 2 0 0
2740 0 2 2 0 0
2750 0 2 2 0 0
2760 2 0 2 0 0
2770 2 0 0 0 0
2780 2 0 0 0 0
2790 2 0 0 0 0
2800 2 0 0 0 0
2810 2 0 0 0 0
2820 2 0 0 0 0
2830 2 0 0 0 0
2840 2 0 0 0 0
2850 2 0 0 0 0
2860 2 0 0 0 1
2870 2 0 0 0 1
2880 2 0 0 0 1
2890 2 0 0 0 1
2900 2 0 0 0 2
2910 2 0 0 0 2
2920 2 0 0 0 2
