0 0 0 0 0 2
10 0 0 0 0 2
20 0 0 0 0 2
30 0 0 0 0 2
40 0 0 0 0 2
50 0 0 0 0 2
60 0 0 0 0 2
70 0 0 0 0 2
80 0 0 0 0 2
90 0 0 0 0 2
100 0 0 0 0 2
110 0 0 0 0 2
120 0 0 0 0 2
130 0 0 0 0 2
140 0 0 0 0 2
150 0 0 0 0 2
160 0 0 0 0 2
170 0 0 0 0 2
180 0 0 0 0 2
190 0 0 0 0 2
200 0 0 0 0 2
210 0 0 0 0 2
220 0 0 0 0 2
230 0 0 0 0 2
240 0 0 0 0 2
250 0 0 0 2 2
260 0 0 2 0 2
270 0 0 2 0 2
280 0 0 2 0 0
290 0 0 2 0 0
300 0 0 2 0 0
310 0 0 2 0 0
320 0 0 2 0 0
330 0 0 2 0 0
340 0 0 2 0 0
350 0 0 2 0 0
360 0 2 2 0 0
370 0 2 2 0 0
380 0 2 2 0 0
390 0 0 2 0 0
400 0 0 2 0 0
410 0 0 2 0 0
420 0 2 2 0 0
430 0 2 2 0 0
440 0 2 2 0 0
450 2 0 2 0 0
460 2 0 2 0 0
470 2 0 2 0 0
480 2 0 0 0 0
490 2 0 0 0 0
500 2 0 0 0 0
510 2 0 0 0 0
520 2 0 0 0 0
530 2 0 0 0 0
540 2 0 0 0 0
550 2 0 0 0 0
560 2 0 0 0 0
570 2 0 0 0 0
580 2 0 0 2 0
590 2 0 0 2 0
600 2 0 0 2 0
610 2 0 0 2 0
620 2 0 0 2 0
630 2 0 2 0 0
640 2 0 2 0 0
650 2 0 2 0 0
660 0 0 2 0 0
670 0 0 2 0 0
680 0 0 2 0 0
690 0 0 2 0 0
700 0 0 2 0 0
710 0 0 2 0 0
720 0 0 2 0 0
730 0 0 2 0 0
740 0 0 2 0 0
750 0 0 2 0 0
760 0 0 2 0 0
770 0 0 2 0 0
780 0 0 2 0 0
790 0 0 2 0 0
800 0 0 2 0 0
810 0 0 2 0 1
820 0 0 2 0 1
830 0 0 2 0 1
840 0 0 2 0 1
850 0 0 2 0 1
860 0 0 2 0 1
870 0 0 2 0 2
880 0 0 2 0 2
890 0 0 2 0 2
900 0 0 2 0 2
910 0 0 2 0 2
920 0 0 2 0 2
930 0 0 2 0 2
940 0 0 2 0 2
950 0 0 2 0 2
960 0 0 2 0 2
970 0 0 2 0 2
980 0 0 2 0 2
990 0 0 2 0 2
1000 0 0 2 0 2
1010 0 0 2 0 2
1020 0 0 2 0 2
1030 0 0 2 0 2
1040 0 0 2 0 2
1050 0 0 2 0 2
1060 0 0 2 0 2
1070 0 0 2 0 2
1080 0 0 2 0 2
1090 0 0 2 0 2
1100 0 0 2 0 2
1110 0 0 2 0 2
1120 0 0 2 0 2
1130 0 0 2 0 2
1140 0 0 2 0 2
1150 0 0 2 0 2
1160 0 0 2 0 2
1170 0 0 2 0 2
1180 0 0 2 0 2
1190 0 0 2 0 2
1200 0 0 2 0 2
1210 0 0 2 0 2
1220 0 2 2 0 2
1230 0 2 2 0 2
1240 2 0 2 0 2
1250 2 0 2 0 2
1260 2 0 0 0 2
1270 2 0 0 0 2
1280 2 0 0 0 2
1290 2 0 0 0 2
1300 2 0 0 0 2
1310 2 0 0 0 2
1320 2 0 0 0 2
1330 2 0 0 0 0
1340 2 0 0 0 0
1350 2 0 0 0 0
1360 2 0 0 0 0
1370 2 0 0 0 0
1380 2 0 0 0 0
1390 2 0 0 0 0
1400 2 0 0 0 0
1410 2 0 0 0 0
1420 2 0 0 0 0
1430 2 0 0 0 0
1440 2 0 0 0 0
1450 2 0 0 0 0
1460 2 0 0 0 0
1470 2 0 0 0 0
1480 2 0 0 0 0
1490 2 0 0 0 0
1500 2 0 0 0 0
1510 2 0 0 0 0
1520 2 0 0 0 0
1530 2 0 0 0 0
1540 2 0 0 0 0
1550 2 0 0 0 0
1560 2 0 0 0 0
1570 2 0 0 2 0
1580 2 0 0 2 0
1590 2 0 0 2 0
1600 2 0 0 2 0
1610 2 0 2 0 0
1620 2 0 2 0 0
1630 0 2 2 0 0
1640 0 2 2 0 0
1650 0 0 2 0 0
1660 0 0 2 0 0
1670 0 0 2 0 0
1680 0 0 2 0 0
1690 0 0 2 0 0
1700 0 0 2 0 0
1710 0 0 2 0 0
1720 0 0 2 0 0
1730 0 3 2 0 0
1740 0 3 2 0 0
1750 0 3 2 0 0
1760 0 3 2 0 0
1770 0 3 2 0 0
1780 0 3 2 0 0
1790 0 3 2 0 0
1800 0 3 2 0 0
1810 0 3 2 0 0
1820 0 3 2 0 0
1830 0 3 2 0 0
1840 0 3 2 0 0
1850 0 0 2 0 0
1860 0 0 2 0 0
1870 0 0 2 0 0
1880 0 0 2 0 0
1890 0 0 2 0 0
1900 0 0 2 0 0
1910 0 0 2 0 0
1920 0 0 2 0 0
1930 0 0 2 0 0
1940 0 0 2 0 0
1950 0 0 2 0 0
1960 0 0 2 0 0
1970 0 0 2 0 0
1980 0 0 2 0 0
1990 0 0 2 0 0
2000 0 0 2 0 0
2010 0 0 2 0 0
2020 0 0 2 0 1
2030 0 0 2 0 1
2040 0 0 2 0 2
2050 0 0 2 0 2
2060 0 0 2 0 2
2070 0 0 2 0 2
2080 0 0 2 0 2
2090 0 0 2 0 2
2100 0 0 2 0 2
2110 0 0 2 0 2
2120 0 0 2 0 2
2130 0 0 2 0 2
2140 0 0 2 0 2
2150 0 0 2 0 2
2160 0 0 2 0 2
2170 0 0 2 0 2
2180 0 0 2 0 2
2190 0 0 2 0 2
2200 0 0 2 0 2
2210 0 0 2 0 2
2220 0 0 2 0 2
2230 2 0 2 0 2
2240 2 0 2 0 2
2250 2 0 0 0 2
2260 2 0 0 0 2
2270 2 0 0 0 2
2280 2 0 0 0 2
2290 2 0 0 0 2
2300 2 0 0 0 2
2310 2 0 0 0 2
2320 2 0 0 0 2
2330 2 0 0 0 2
2340 2 0 0 0 2
2350 2 0 0 0 2
2360 2 0 0 0 2
2370 2 0 0 0 2
2380 2 0 0 0 0
2390 2 0 0 0 0
2400 2 0 0 0 0
2410 2 0 0 0 0
2420 2 0 0 0 0
2430 2 0 0 0 0
2440 2 0 0 0 0
2450 2 0 0 0 0
2460 2 0 0 0 0
2470 2 0 0 0 0
2480 2 0 0 0 0
2490 2 0 0 0 0
2500 2 0 0 0 0
2510 2 0 0 0 0
2520 2 0 0 0 0
2530 2 0 0 0 0
2540 2 0 0 0 0
2550 2 0 0 0 0
2560 2 0 0 0 0
2570 2 0 0 0 0
2580 2 0 0 2 0
2590 2 0 0 2 0
2600 2 0 2 0 0
2610 0 0 2 0 0
2620 0 0 2 0 0
2630 0 0 2 0 0
2640 0 0 2 0 0
2650 0 0 2 0 0
2660 0 0 2 0 0
2670 0 0 2 0 0
2680 0 0 2 0 0
2690 0 0 2 0 0
2700 0 0 2 0 0
2710 0 0 2 0 0
2720 0 0 2 0 0
2730 0 0 2 0 0
2740 0 0 2 0 0
2750 0 0 2 0 0
2760 0 0 2 0 0
2770 0 0 2 0 0
2780 0 0 2 0 0
2790 0 0 2 0 0
2800 0 0 2 0 0
2810 0 0 2 0 0
2820 0 0 2 0 0
2830 0 0 2 0 0
2840 0 0 2 0 0
2850 0 0 2 0 0
2860 0 0 2 0 0
2870 0 0 2 0 1
2880 0 0 2 0 1
2890 0 0 2 0 1
2900 0 0 2 0 1
2910 0 0 2 0 1
2920 0 0 2 0 0
2930 0 0 2 0 0
2940 0 0 2 0 0
2950 0 0 2 0 0
2960 0 0 2 0 0
2970 0 0 2 0 1
2980 0 0 2 0 1
2990 0 0 2 0 2
3000 0 0 2 0 2
3010 0 0 2 0 2
3020 0 0 2 0 2
3030 0 0 2 0 2
3040 0 0 2 0 2
3050 0 0 2 0 2
3060 0 0 2 0 2
3070 0 0 2 0 2
3080 0 0 2 0 2
3090 0 0 2 0 2
3100 0 0 2 0 2
3110 0 0 2 0 2
3120 0 0 2 0 2
3130 0 0 2 0 2
3140 0 0 2 0 2
3150 0 0 2 0 2
3160 0 0 2 0 2
3170 0 0 2 0 2
3180 0 0 2 0 2
3190 0 0 2 0 2
3200 0 0 2 0 2
3210 0 0 2 0 2
3220 0 0 2 0 2
3230 0 0 2 0 2
3240 0 0 2 0 2
3250 0 0 2 0 2
3260 0 0 2 0 2
3270 0 0 2 0 2
3280 0 0 2 0 2
3290 0 0 2 0 2
3300 0 0 2 0 2
3310 0 0 2 0 2
3320 0 0 2 0 2
3330 0 2 2 0 2
3340 0 2 2 0 2
3350 2 0 2 0 2
3360 2 0 0 2 2
3370 2 0 0 0 2
3380 2 0 0 0 2
3390 2 0 0 0 2
3400 2 0 0 0 2
3410 2 0 0 0 2
3420 2 0 0 0 2
3430 2 0 0 0 2
3440 2 0 0 0 2
3450 2 0 0 0 2
3460 2 0 0 0 2
3470 2 0 0 0 2
3480 2 0 0 0 2
3490 2 0 0 0 0
3500 2 0 0 0 0
3510 2 0 0 0 0
3520 2 0 0 0 0
3530 2 0 0 0 0
3540 2 0 0 0 0
3550 2 0 0 0 0
3560 2 0 0 0 0
3570 2 0 0 0 0
3580 2 0 0 0 0
3590 2 0 0 0 0
3600 2 0 0 0 0
3610 2 0 0 0 0
3620 2 0 0 0 0
3630 2 0 0 0 0
3640 2 0 0 0 0
3650 2 0 0 0 0
3660 2 0 0 2 0
3670 2 0 2 0 0
3680 0 0 2 0 0
3690 0 0 2 0 0
3700 0 0 2 0 0
3710 0 0 2 0 0
3720 0 0 2 0 0
3730 0 0 2 0 0
3740 0 0 2 0 0
3750 0 0 2 0 0
3760 0 0 2 0 0
3770 0 0 2 0 0
3780 0 0 2 0 0
3790 0 0 2 0 0
3800 0 0 2 0 1
3810 0 0 2 0 1
3820 0 0 2 0 2
3830 0 0 2 0 2
3840 0 0 2 0 2
3850 0 0 2 0 2
3860 0 0 2 0 2
3870 0 0 2 0 2
3880 0 0 2 0 2
3890 0 0 2 0 2
3900 0 0 2 0 2
3910 0 0 2 0 2
3920 0 0 2 0 2
3930 0 0 2 0 2
3940 0 0 2 0 2
3950 0 0 2 0 2
3960 0 0 2 0 2
3970 0 0 2 0 2
3980 0 0 2 0 2
3990 0 0 2 0 2
4000 0 0 2 0 2
4010 0 2 2 0 2
4020 2 0 2 0 2
4030 2 0 2 0 2
4040 2 0 0 0 2
4050 2 0 0 0 2
4060 2 0 0 0 2
4070 2 0 0 0 2
4080 2 0 0 0 2
4090 2 0 0 0 2
4100 2 0 0 0 2
4110 2 0 0 0 0
4120 2 0 0 0 0
4130 2 0 0 0 0
4140 2 0 0 0 0
4150 2 0 0 0 0
4160 2 0 0 0 0
4170 2 0 0 0 0
4180 2 0 0 0 0
4190 0 0 0 0 1
4200 0 0 0 0 1
4210 0 0 0 0 1
4220 0 0 0 0 1
4230 0 0 0 0 1
4240 0 0 0 0 1
4250 0 0 0 0 1
4260 0 0 0 0 1
4270 0 0 0 0 1
4280 0 0 0 0 1
