0 0 0 0 0 2
10 0 0 0 0 2
20 0 0 0 0 2
30 0 0 0 0 2
40 0 0 0 0 2
50 0 0 0 0 2
60 0 0 0 0 2
70 0 0 0 2 2
80 0 0 2 0 2
90 0 0 2 0 0
100 0 0 2 0 0
110 0 0 2 0 0
120 0 0 2 0 0
130 0 0 2 0 0
140 0 0 2 0 0
150 0 0 2 0 0
160 0 0 2 0 0
170 0 0 2 0 0
180 0 0 2 0 0
190 0 2 2 0 0
200 2 0 2 0 0
210 2 0 0 2 0
220 2 0 0 0 0
230 2 0 0 0 0
240 2 0 0 0 0
250 2 0 0 0 0
260 2 0 0 0 0
270 2 0 0 0 0
280 2 0 0 0 0
290 2 0 0 0 0
300 2 0 0 2 0
310 2 0 0 2 0
320 2 0 0 2 0
330 2 0 0 2 0
340 2 0 0 2 0
350 2 0 2 0 0
360 2 0 2 0 0
370 2 0 2 0 0
380 2 0 2 0 0
390 0 0 2 0 0
400 0 0 2 0 0
410 0 0 2 0 0
420 0 0 2 0 0
430 0 0 2 0 0
440 0 0 2 0 0
450 0 0 2 0 0
460 0 0 2 0 1
470 0 0 2 0 1
480 0 0 2 0 1
490 0 0 2 0 1
500 0 0 2 0 2
510 0 0 2 0 2
520 0 0 2 0 2
530 0 0 2 0 2
540 0 0 2 0 2
550 0 0 2 0 2
560 0 0 2 0 2
570 0 0 2 0 2
580 0 0 2 0 2
590 0 0 2 0 2
600 0 0 2 0 2
610 0 0 2 0 2
620 0 0 2 0 2
630 0 0 2 0 2
640 0 0 2 0 2
650 0 0 2 0 2
660 0 2 2 0 2
670 2 0 0 2 2
680 2 0 0 0 2
690 2 0 0 0 2
700 2 0 0 0 2
710 2 0 0 0 2
720 2 0 0 0 2
730 2 0 0 0 0
740 2 0 0 0 0
750 2 0 0 0 0
760 2 0 0 0 0
770 2 0 0 0 0
780 2 0 0 0 0
790 2 0 0 0 0
800 2 0 0 0 0
810 2 0 0 0 0
820 2 0 0 0 0
830 2 0 0 0 0
840 2 0 0 0 0
850 2 0 0 0 0
860 2 0 0 0 0
870 2 0 0 0 0
880 2 0 0 0 0
890 2 0 0 0 0
900 2 0 0 0 0
910 2 0 0 0 0
920 2 0 0 0 0
930 2 0 0 3 0
940 2 0 0 3 0
950 2 0 0 3 0
960 2 0 0 0 0
970 2 0 3 0 0
980 2 0 3 0 0
990 2 0 3 0 0
1000 2 0 3 0 0
1010 2 0 3 0 0
1020 2 0 3 0 0
1030 2 0 3 0 0
1040 2 0 0 0 0
1050 2 0 0 0 0
1060 2 0 0 0 0
1070 2 0 0 0 0
1080 2 0 0 0 0
1090 2 0 0 0 0
1100 2 0 0 0 0
1110 2 0 0 0 0
1120 2 0 0 0 0
1130 2 0 0 0 0
1140 2 0 0 2 0
1150 2 0 0 2 0
1160 2 0 0 2 0
1170 2 0 2 0 0
1180 0 2 2 0 0
1190 0 0 2 0 0
1200 0 0 2 0 0
1210 0 0 2 0 0
1220 0 0 2 0 0
1230 0 0 2 0 0
1240 0 0 2 0 0
1250 0 0 2 0 0
1260 0 0 2 0 0
1270 0 0 2 0 0
1280 0 0 2 0 0
1290 0 0 2 0 0
1300 0 0 2 0 1
1310 0 0 2 0 2
1320 0 0 2 0 2
1330 0 0 2 0 2
1340 0 0 2 0 2
1350 0 0 2 0 2
1360 0 0 2 0 2
1370 0 0 2 0 2
1380 0 0 2 0 2
1390 0 0 2 0 2
1400 0 0 2 0 2
1410 0 0 2 0 2
1420 0 0 2 0 2
1430 0 0 2 0 2
1440 0 0 2 0 2
1450 0 0 2 0 2
1460 0 0 2 0 2
1470 0 0 2 0 2
1480 0 0 2 0 2
1490 0 0 2 0 2
1500 0 0 2 0 2
1510 0 0 2 0 2
1520 0 0 2 0 2
1530 0 2 2 0 2
1540 0 2 2 0 2
1550 2 0 0 0 2
1560 2 0 0 0 2
1570 2 0 0 0 2
1580 2 0 0 0 2
1590 2 0 0 0 2
1600 2 0 0 0 2
1610 2 0 0 0 2
1620 2 0 0 0 2
1630 2 0 0 0 2
1640 2 0 0 0 2
1650 2 0 0 0 2
1660 2 0 0 0 0
1670 2 0 0 2 0
1680 2 0 2 0 0
1690 0 0 2 0 0
1700 0 0 2 0 0
1710 0 0 2 0 0
1720 0 0 2 0 0
1730 0 0 2 0 0
1740 0 0 2 0 0
1750 0 0 2 0 0
1760 0 0 2 0 0
1770 0 0 2 0 0
1780 0 0 2 0 0
1790 0 0 2 0 0
1800 0 2 2 0 0
1810 2 0 0 2 0
1820 2 0 0 0 0
1830 2 0 0 0 0
1840 2 0 0 0 0
1850 2 0 0 0 0
1860 2 0 0 0 0
1870 2 0 0 0 0
1880 2 0 0 0 0
1890 2 0 0 0 0
1900 2 0 0 0 0
1910 2 0 0 0 0
1920 2 0 0 0 0
1930 2 0 0 0 0
1940 2 0 0 0 0
1950 2 0 0 0 0
1960 2 0 0 0 0
1970 2 0 0 0 0
1980 2 0 0 0 0
1990 2 0 0 0 0
2000 2 0 0 3 0
2010 2 0 0 3 0
2020 2 0 3 0 0
2030 2 0 3 0 0
2040 2 0 3 0 0
2050 2 0 3 0 0
2060 2 0 0 3 0
2070 2 0 0 0 0
2080 2 0 0 0 0
2090 2 0 0 0 0
2100 2 0 0 0 0
2110 2 0 0 0 0
2120 2 0 0 0 0
2130 2 0 0 0 0
2140 2 0 0 0 0
2150 2 0 0 0 0
2160 2 0 0 0 0
2170 2 0 0 0 0
2180 2 0 0 0 0
2190 2 0 0 0 0
2200 2 0 0 0 0
2210 2 0 0 0 0
2220 2 0 0 0 0
2230 2 0 0 2 0
2240 2 0 0 2 0
2250 2 0 2 0 0
2260 2 0 2 0 0
2270 2 0 2 0 0
2280 0 0 2 0 0
2290 0 0 2 0 0
2300 0 0 2 0 0
2310 0 0 2 0 0
2320 0 0 2 0 0
2330 0 0 2 0 0
2340 0 0 2 0 0
2350 0 0 2 0 0
2360 0 0 2 0 0
2370 0 0 2 0 0
2380 0 0 2 0 0
2390 0 0 2 0 1
2400 0 0 2 0 1
2410 0 0 2 0 1
2420 0 0 2 0 1
2430 0 0 2 0 2
2440 0 0 2 0 2
2450 0 0 2 0 2
2460 0 0 2 0 2
2470 0 0 2 0 2
2480 0 0 2 0 2
2490 0 0 2 0 2
2500 0 0 2 0 2
2510 0 0 2 0 2
2520 0 0 2 0 2
2530 0 0 2 0 2
2540 0 0 2 0 2
2550 0 0 2 0 2
2560 0 0 2 0 2
2570 0 0 2 0 2
2580 0 0 2 0 2
2590 0 0 2 0 2
2600 0 0 2 0 2
2610 0 0 2 0 2
2620 0 0 2 0 2
2630 0 2 2 0 2
2640 2 0 2 0 2
2650 2 0 2 0 2
2660 2 0 0 2 2
2670 2 0 0 0 2
2680 2 0 0 0 2
2690 2 0 0 0 2
2700 2 0 0 0 2
2710 2 0 0 0 2
2720 2 0 0 0 0
2730 2 0 0 0 0
2740 2 0 0 0 0
2750 2 0 0 0 0
2760 2 0 0 0 0
2770 2 0 0 0 0
2780 2 0 0 0 0
2790 2 0 0 0 0
2800 2 0 0 0 0
2810 2 0 0 0 0
2820 2 0 0 0 0
2830 2 0 0 0 0
2840 2 0 0 0 0
2850 2 0 0 0 0
2860 2 0 0 0 0
2870 2 0 0 0 0
2880 2 0 0 0 0
2890 2 0 0 0 0
2900 2 0 0 0 0
2910 2 0 0 0 0
2920 2 0 0 0 0
2930 2 0 0 0 0
2940 2 0 0 0 0
2950 2 0 0 0 0
2960 2 0 0 0 0
2970 2 0 0 0 0
2980 2 0 0 0 0
2990 2 0 0 0 0
3000 2 0 0 0 0
3010 2 0 0 0 0
3020 2 0 0 2 0
3030 2 0 0 2 0
3040 2 0 2 0 0
3050 0 2 2 0 0
3060 0 0 2 0 0
3070 0 0 2 0 0
3080 0 0 2 0 0
3090 0 0 2 0 0
3100 0 0 2 0 0
3110 0 0 2 0 0
3120 0 0 2 0 0
3130 0 0 2 0 0
3140 0 0 2 0 0
3150 0 0 2 0 1
3160 0 0 2 0 1
3170 0 0 2 0 1
3180 0 0 2 0 1
3190 0 0 2 0 2
3200 0 0 2 0 2
3210 0 0 2 0 2
3220 0 0 2 0 2
3230 0 0 2 0 2
3240 0 0 2 0 2
3250 0 0 2 0 2
3260 0 0 2 0 2
3270 0 0 2 0 2
3280 0 0 2 0 2
3290 0 0 2 0 2
3300 0 0 2 0 2
3310 0 0 2 0 2
3320 0 0 2 0 2
3330 0 0 2 0 2
3340 0 0 2 0 2
3350 0 0 2 0 2
3360 0 0 2 0 2
3370 0 0 2 0 2
3380 0 0 2 0 2
3390 0 0 2 0 2
3400 0 0 2 0 2
3410 0 0 2 0 2
3420 0 0 2 0 2
3430 0 0 2 0 2
3440 0 0 2 0 2
3450 0 0 2 0 2
3460 0 0 2 0 2
3470 0 0 2 0 2
3480 0 0 2 0 2
3490 0 0 2 0 2
3500 0 0 2 0 2
3510 0 0 2 0 2
3520 0 0 2 0 2
3530 0 0 2 0 2
3540 0 0 2 0 2
3550 0 2 2 0 2
3560 0 2 2 0 2
3570 0 2 2 0 2
3580 2 0 2 0 2
3590 2 0 2 0 2
3600 2 0 0 2 2
3610 2 0 0 0 2
3620 2 0 0 0 2
3630 2 0 0 0 2
3640 2 0 0 0 2
3650 2 0 0 0 2
3660 2 0 0 0 2
3670 2 0 0 0 2
3680 2 0 0 0 0
3690 2 0 0 0 0
3700 2 0 0 0 0
3710 2 0 0 0 0
3720 2 0 0 0 0
3730 2 0 0 0 0
3740 2 0 0 0 0
3750 2 0 0 0 0
3760 2 0 0 0 0
3770 2 0 0 0 0
3780 2 0 0 0 0
3790 2 0 0 0 0
3800 2 0 0 0 0
3810 2 0 0 0 0
3820 2 0 0 0 0
3830 0 0 0 0 1
3840 0 0 0 0 1
3850 0 0 0 0 1
3860 0 0 0 0 1
3870 0 0 0 0 1
3880 0 0 0 0 1
3890 0 0 0 0 1
3900 0 0 0 0 1
3910 0 0 0 0 1
3920 0 0 0 0 1
3930 0 4 0 0 1
3940 0 4 0 4 1
3950 0 4 0 4 1
3960 0 4 0 4 1
3970 0 4 0 4 1
3980 0 4 0 4 1
3990 0 4 0 4 1
4000 0 4 0 4 1
4010 0 4 0 4 1
4020 0 4 0 4 1
4030 0 4 0 4 1
4040 0 4 0 4 1
4050 0 4 0 4 1
4060 0 4 0 4 1
4070 0 4 0 4 1
4080 0 4 0 4 1
4090 0 4 0 4 1
