0 0 0 2 0 0
10 0 0 2 0 0
20 2 0 2 0 0
30 2 0 0 0 0
40 2 0 0 0 0
50 2 0 0 0 0
60 2 0 0 0 0
70 2 0 0 0 0
80 2 0 0 2 0
90 2 0 0 2 0
100 0 0 2 0 0
110 0 0 2 0 0
120 0 0 2 0 0
130 0 0 2 0 0
140 0 0 2 0 1
150 0 0 2 0 1
160 0 0 2 0 1
170 0 0 2 0 1
180 0 0 2 0 0
190 0 0 2 0 0
200 0 0 2 0 1
210 0 0 2 0 1
220 0 0 2 0 1
230 0 0 2 0 1
240 0 0 2 0 2
250 0 0 2 0 2
260 0 0 2 0 2
270 0 0 2 0 2
280 0 0 2 0 2
290 0 0 2 0 2
300 0 0 2 0 2
310 0 0 2 0 2
320 0 0 2 0 2
330 0 0 2 0 2
340 0 0 2 0 2
350 0 0 2 0 2
360 0 0 2 0 2
370 0 0 2 0 2
380 0 0 2 0 2
390 0 0 2 0 2
400 0 0 2 0 2
410 0 0 2 0 2
420 0 2 2 0 2
430 2 0 2 0 2
440 2 0 2 0 2
450 2 0 0 0 2
460 2 0 0 0 2
470 2 0 0 0 2
480 2 0 0 0 2
490 2 0 0 0 0
500 2 0 0 0 0
510 2 0 0 0 0
520 2 0 0 0 0
530 2 0 0 0 0
540 2 0 0 0 0
550 2 0 0 0 0
560 2 0 0 0 0
570 2 0 0 0 0
580 2 0 0 0 0
590 2 0 0 0 0
600 2 0 0 0 0
610 2 0 0 0 0
620 2 0 0 0 0
630 2 0 0 0 0
640 2 0 0 0 0
650 2 0 0 0 0
660 2 0 0 2 0
670 2 0 2 0 0
680 2 0 2 0 0
690 2 0 2 0 0
700 0 0 2 0 0
710 0 0 2 0 0
720 0 0 2 0 0
730 0 0 2 0 0
740 0 0 2 0 0
750 0 0 2 0 0
760 0 0 2 0 0
770 0 0 2 0 1
780 0 0 2 0 1
790 0 0 2 0 1
800 0 0 2 0 1
810 0 0 2 0 2
820 0 0 2 0 2
830 0 0 2 0 2
840 0 0 2 0 2
850 0 0 2 0 2
860 0 0 2 0 2
870 0 0 2 0 2
880 0 0 2 0 2
890 0 0 2 0 2
900 0 0 2 0 2
910 0 0 2 0 2
920 0 0 2 0 2
930 0 0 2 0 2
940 0 0 2 0 2
950 0 0 2 0 2
960 0 0 2 0 2
970 0 0 2 0 2
980 0 0 2 0 2
990 0 0 2 0 2
1000 0 0 2 0 2
1010 0 0 2 0 2
1020 0 0 2 0 2
1030 0 0 2 0 2
1040 2 0 2 0 2
1050 2 0 0 0 2
1060 2 0 0 0 2
1070 2 0 0 0 0
1080 2 0 0 0 0
1090 2 0 0 0 0
1100 2 0 0 0 0
1110 2 0 0 0 0
1120 2 0 0 0 0
1130 2 0 0 0 0
1140 2 0 0 0 0
1150 2 0 0 0 0
1160 2 0 0 0 0
1170 2 0 0 0 0
1180 2 0 0 2 0
1190 2 0 0 2 0
1200 2 0 0 2 0
1210 2 0 0 2 0
1220 2 0 0 2 0
1230 2 0 2 0 0
1240 2 0 2 0 0
1250 2 0 2 0 0
1260 0 0 2 0 0
1270 0 0 2 0 0
1280 0 0 2 0 0
1290 0 0 2 0 0
1300 0 0 2 0 0
1310 0 0 2 0 0
1320 0 0 2 0 0
1330 0 0 2 0 1
1340 0 0 2 0 1
1350 0 0 2 0 1
1360 0 0 2 0 1
1370 0 0 2 0 2
1380 0 0 2 0 2
1390 0 0 2 0 2
1400 0 0 2 0 2
1410 0 0 2 0 2
1420 0 0 2 0 2
1430 0 0 2 0 2
1440 0 0 2 0 2
1450 0 0 2 0 2
1460 0 0 2 0 2
1470 0 0 2 0 2
1480 0 0 2 0 2
1490 0 0 2 0 2
1500 0 0 2 0 2
1510 0 0 2 0 2
1520 0 2 2 0 2
1530 0 2 2 0 2
1540 2 0 0 2 2
1550 2 0 0 0 2
1560 2 0 0 0 0
1570 2 0 0 0 0
1580 2 0 0 0 0
1590 2 0 0 0 0
1600 2 0 0 0 0
1610 2 0 0 0 0
1620 2 0 0 0 0
1630 2 0 0 0 0
1640 2 0 0 0 0
1650 2 0 0 0 0
1660 2 0 0 0 0
1670 2 0 0 2 0
1680 2 0 2 0 0
1690 0 0 2 0 0
1700 0 0 2 0 0
1710 0 0 2 0 0
1720 0 0 2 0 0
1730 0 0 2 0 0
1740 0 0 2 0 0
1750 0 0 2 0 0
1760 0 0 2 0 0
1770 0 0 2 0 1
1780 0 0 2 0 1
1790 0 0 2 0 1
1800 0 0 2 0 1
1810 0 0 2 0 2
1820 0 0 2 0 2
1830 0 0 2 0 2
1840 0 0 2 0 2
1850 0 0 2 0 2
1860 0 0 2 0 2
1870 0 0 2 0 2
1880 0 0 2 0 2
1890 0 0 2 0 2
1900 0 0 2 0 2
1910 0 0 2 0 2
1920 0 0 2 0 2
1930 0 0 2 0 2
1940 0 0 2 0 2
1950 0 0 2 0 2
1960 0 0 2 0 2
1970 0 0 2 0 2
1980 0 0 2 0 2
1990 0 0 2 0 2
2000 0 0 2 0 2
2010 0 0 2 0 2
2020 0 2 2 0 2
2030 0 2 2 0 2
2040 0 2 2 0 2
2050 0 2 2 0 2
2060 2 0 2 0 2
2070 2 0 0 0 2
2080 2 0 0 0 0
2090 2 0 0 0 0
2100 2 0 0 0 0
2110 2 0 0 0 0
2120 2 0 0 0 0
2130 2 0 0 0 0
2140 2 0 0 0 0
2150 2 0 0 0 0
2160 2 0 2 0 0
2170 0 0 2 0 0
2180 0 0 2 0 0
2190 0 0 2 0 0
2200 0 0 2 0 0
2210 0 0 2 0 1
2220 0 0 2 0 1
2230 0 0 2 0 1
2240 0 0 2 0 1
2250 0 0 2 0 1
2260 0 0 2 0 2
2270 0 0 2 0 2
2280 0 0 0 0 2
2290 0 0 0 0 2
2300 0 0 0 0 2
2310 0 0 0 0 2
2320 0 0 0 0 2
2330 0 0 0 0 2
2340 0 0 0 0 2
2350 0 0 0 0 2
2360 0 0 0 0 2
2370 0 0 0 0 2
