0 0 0 2 0 2
10 0 0 2 0 2
20 0 0 2 0 0
30 0 0 2 0 0
40 0 0 2 0 0
50 0 0 2 0 0
60 0 0 2 0 0
70 0 0 2 0 0
80 0 0 2 0 0
90 0 0 2 0 0
100 2 0 2 0 0
110 2 0 2 0 0
120 0 2 2 0 0
130 0 2 2 0 0
140 0 2 2 0 0
150 2 0 2 0 0
160 2 0 0 0 0
170 2 0 0 0 0
180 2 0 0 0 0
190 2 0 0 0 0
200 2 0 0 0 0
210 2 0 0 0 0
220 2 0 0 0 0
230 2 0 0 2 0
240 2 0 0 2 0
250 2 0 0 2 0
260 2 0 0 2 0
270 2 0 0 2 0
280 2 0 0 0 0
290 2 0 0 0 0
300 2 0 0 2 0
310 2 0 0 2 0
320 2 0 2 0 0
330 0 2 2 0 0
340 0 0 2 0 0
350 0 0 2 0 0
360 0 0 2 0 0
370 0 0 2 0 0
380 0 0 2 0 0
390 0 0 2 0 0
400 0 0 2 0 0
410 0 0 2 0 0
420 0 0 2 0 1
430 0 0 2 0 1
440 0 0 2 0 1
450 0 0 2 0 1
460 0 0 2 0 1
470 0 0 2 0 1
480 0 0 2 0 1
490 0 0 2 0 2
500 0 0 2 0 2
510 0 0 2 0 2
520 0 0 2 0 2
530 0 0 2 0 2
540 0 0 2 0 2
550 0 0 2 0 2
560 0 0 2 0 2
570 0 0 2 0 2
580 0 0 2 0 2
590 0 0 2 0 2
600 0 0 2 0 2
610 0 0 2 0 2
620 0 0 2 0 2
630 0 0 2 0 2
640 0 0 2 0 2
650 0 0 2 0 2
660 0 0 2 0 2
670 0 0 2 0 2
680 0 0 2 0 2
690 0 0 2 0 2
700 0 0 2 0 2
710 0 0 2 0 2
720 0 0 2 0 2
730 0 0 2 0 2
740 0 0 2 0 2
750 0 0 2 0 2
760 0 0 2 0 2
770 0 0 2 0 2
780 2 0 2 0 2
790 2 0 2 0 2
800 2 0 0 2 2
810 2 0 0 0 2
820 2 0 0 0 2
830 2 0 0 0 2
840 2 0 0 0 0
850 2 0 0 0 0
860 2 0 0 0 0
870 2 0 0 0 0
880 2 0 0 0 0
890 2 0 0 0 0
900 2 0 0 0 0
910 2 0 0 0 0
920 2 0 0 0 0
930 2 0 0 0 0
940 2 0 0 0 0
950 2 0 0 0 0
960 2 0 0 0 0
970 2 0 0 0 0
980 2 0 0 0 0
990 2 0 0 0 0
1000 2 0 0 2 0
1010 2 0 2 0 0
1020 2 0 2 0 0
1030 2 0 2 0 0
1040 0 0 2 0 0
1050 0 0 2 0 0
1060 0 0 2 0 0
1070 0 0 2 0 0
1080 0 0 2 0 0
1090 0 0 2 0 0
1100 0 0 2 0 0
1110 2 0 2 0 0
1120 2 0 0 0 0
1130 2 0 0 0 0
1140 2 0 0 0 0
1150 2 0 0 0 0
1160 2 0 0 0 0
1170 2 0 0 0 0
1180 2 0 0 2 0
1190 2 0 0 2 0
1200 2 0 2 0 0
1210 0 2 2 0 0
1220 0 0 2 0 0
1230 0 0 2 0 0
1240 0 0 2 0 0
1250 0 0 2 0 0
1260 0 0 2 0 0
1270 0 0 2 0 0
1280 0 0 2 0 0
1290 0 0 2 0 0
1300 0 0 2 0 0
1310 0 0 2 0 0
1320 0 0 2 0 0
1330 0 0 2 0 1
1340 0 0 2 0 1
1350 0 0 2 0 1
1360 0 0 2 0 2
1370 0 0 2 0 2
1380 0 0 2 0 2
1390 0 0 2 0 2
1400 0 0 2 0 2
1410 0 0 2 0 2
1420 0 0 2 0 2
1430 0 0 2 0 2
1440 0 0 2 0 2
1450 0 0 2 0 2
1460 0 0 2 0 2
1470 0 0 2 0 2
1480 0 2 2 0 2
1490 0 2 2 0 2
1500 2 0 2 0 2
1510 2 0 0 2 2
1520 2 0 0 0 2
1530 2 0 0 0 2
1540 2 0 0 0 0
1550 2 0 0 0 0
1560 2 0 0 0 0
1570 2 0 0 0 0
1580 2 0 0 0 0
1590 2 0 0 0 0
1600 2 0 0 0 0
1610 2 0 0 0 0
1620 2 0 0 0 0
1630 2 0 0 0 0
1640 2 0 0 0 0
1650 2 0 0 2 0
1660 2 0 0 2 0
1670 2 0 0 2 0
1680 2 0 2 0 0
1690 0 2 2 0 0
1700 0 0 2 0 0
1710 0 0 2 0 0
1720 0 0 2 0 0
1730 0 0 2 0 0
1740 0 0 2 0 0
1750 0 0 2 0 0
1760 0 0 2 0 0
1770 0 0 2 0 0
1780 0 0 2 0 0
1790 0 3 2 0 0
1800 0 3 2 0 0
1810 0 3 2 0 0
1820 0 3 2 0 0
1830 0 3 2 0 0
1840 0 3 2 0 0
1850 0 3 2 0 0
1860 0 3 2 0 0
1870 0 3 2 0 0
1880 0 3 2 0 0
1890 0 3 2 0 1
1900 0 3 2 0 1
1910 0 3 2 0 1
1920 0 3 2 0 2
1930 0 3 2 0 2
1940 0 3 2 0 2
1950 0 3 2 0 2
1960 0 3 2 0 2
1970 0 3 2 0 2
1980 0 3 2 0 2
1990 0 3 2 0 2
2000 0 3 2 0 2
2010 0 3 2 0 2
2020 0 3 2 0 2
2030 0 0 2 0 2
2040 0 0 2 0 2
2050 0 0 2 0 2
2060 0 0 2 0 2
2070 0 0 2 0 2
2080 0 2 2 0 2
2090 2 0 2 0 2
2100 2 0 0 2 2
2110 2 0 0 2 2
2120 2 0 0 0 2
2130 2 0 0 0 0
2140 2 0 0 0 0
2150 2 0 0 0 0
2160 2 0 0 0 0
2170 2 0 0 0 0
2180 2 0 0 0 0
2190 2 0 0 0 0
2200 2 0 0 0 0
2210 2 0 0 0 0
2220 2 0 0 0 0
2230 2 0 0 0 0
2240 2 0 0 0 0
2250 2 0 0 0 0
2260 2 0 0 0 0
2270 2 0 0 2 0
2280 2 0 0 2 0
2290 2 0 0 2 0
2300 2 0 0 2 0
2310 2 0 0 2 0
2320 2 0 2 0 0
2330 2 0 2 0 0
2340 0 2 2 0 0
2350 0 0 2 0 0
2360 0 0 2 0 0
2370 0 0 2 0 0
2380 0 0 2 0 0
2390 0 0 2 0 0
2400 0 0 2 0 0
2410 0 0 2 0 0
2420 0 0 2 0 1
2430 0 0 2 0 1
2440 0 0 2 0 1
2450 0 0 2 0 1
2460 0 0 2 0 1
2470 0 0 2 0 2
2480 0 0 2 0 2
2490 0 0 2 0 2
2500 0 0 2 0 2
2510 0 0 2 0 2
2520 0 0 2 0 2
2530 0 0 2 0 2
2540 0 0 2 0 2
2550 0 0 2 0 2
2560 0 0 2 0 2
2570 0 0 2 0 2
2580 0 0 2 0 2
2590 0 0 2 0 2
2600 0 0 2 0 2
2610 0 0 2 0 2
2620 0 0 2 0 2
2630 0 0 2 0 2
2640 0 0 2 0 2
2650 0 0 2 0 2
2660 0 0 2 0 2
2670 0 0 2 0 2
2680 0 0 2 0 2
2690 0 0 2 0 2
2700 0 0 2 0 2
2710 0 0 2 0 2
2720 0 0 2 0 2
2730 0 0 2 0 2
2740 0 0 2 0 2
2750 0 0 2 0 2
2760 0 0 2 0 2
2770 0 0 2 0 2
2780 0 0 2 0 2
2790 0 0 2 0 2
2800 0 0 2 0 2
2810 0 0 2 0 2
2820 0 2 2 0 2
2830 0 2 2 0 2
2840 2 0 2 0 2
2850 2 0 0 0 2
2860 2 0 0 0 2
2870 2 0 0 0 2
2880 2 0 0 0 0
2890 2 0 0 0 0
2900 2 0 0 0 0
2910 2 0 0 0 0
2920 2 0 0 0 0
2930 2 0 0 0 0
2940 2 0 0 0 0
2950 2 0 0 0 0
2960 2 0 0 0 0
2970 2 0 0 0 0
2980 2 0 0 0 0
2990 2 0 0 2 0
3000 2 0 2 0 0
3010 2 0 2 0 0
3020 2 0 0 2 0
3030 2 0 0 2 0
3040 2 0 2 0 0
3050 0 0 2 0 0
3060 0 0 2 0 0
3070 0 0 2 0 0
3080 0 0 2 0 0
3090 0 0 2 0 0
3100 0 0 2 0 0
3110 0 0 2 0 0
3120 0 0 2 0 1
3130 0 0 2 0 1
3140 0 0 2 0 1
3150 0 0 2 0 1
3160 0 0 2 0 2
3170 0 0 2 0 2
3180 0 0 0 0 2
3190 0 0 0 0 2
3200 0 4 0 0 2
3210 0 4 0 0 2
3220 0 4 0 0 2
3230 0 4 0 0 2
3240 0 4 0 0 2
3250 0 4 0 0 2
3260 0 4 0 4 2
3270 0 4 0 4 2
3280 0 4 0 4 2
