0 0 4 0 2 2
10 0 4 0 0 2
20 0 0 0 0 2
30 0 0 0 0 2
40 0 0 0 2 2
50 0 0 2 0 2
60 0 0 2 0 2
70 0 0 2 0 0
80 0 0 2 0 0
90 0 0 2 0 0
100 0 0 2 0 0
110 0 0 2 0 0
120 0 0 2 0 0
130 0 0 2 0 0
140 0 0 2 0 0
150 0 0 2 0 0
160 0 0 2 0 0
170 0 0 2 0 0
180 0 0 2 0 0
190 0 0 2 0 0
200 0 0 2 0 0
210 0 0 2 0 0
220 0 0 2 0 0
230 2 0 2 0 0
240 2 0 0 0 0
250 2 0 0 0 0
260 2 0 0 0 0
270 2 0 0 0 0
280 2 0 0 0 0
290 2 0 0 0 0
300 2 0 0 0 0
310 2 0 0 0 0
320 2 0 0 0 0
330 2 0 0 0 0
340 2 0 0 0 0
350 2 0 0 0 0
360 2 0 2 0 0
370 0 2 2 0 0
380 0 0 2 0 0
390 0 0 2 0 0
400 0 0 2 0 0
410 0 0 2 0 0
420 0 0 2 0 0
430 0 0 2 0 0
440 0 0 2 0 0
450 0 0 2 0 0
460 0 0 2 0 0
470 0 0 2 0 1
480 0 0 2 0 1
490 0 0 2 0 1
500 0 0 2 0 1
510 0 0 2 0 2
520 0 0 2 0 2
530 0 0 2 0 2
540 0 0 2 0 2
550 0 0 2 0 2
560 0 0 2 0 2
570 0 0 2 0 2
580 0 0 2 0 2
590 0 0 2 0 2
600 0 0 2 0 2
610 0 0 2 0 2
620 0 0 2 0 2
630 0 0 2 0 2
640 0 0 2 0 2
650 0 0 2 0 2
660 0 0 2 0 2
670 0 0 2 0 2
680 0 0 2 0 2
690 0 0 2 0 2
700 0 0 2 0 2
710 2 0 2 0 2
720 2 0 2 0 2
730 2 0 0 2 2
740 2 0 0 0 2
750 2 0 0 0 2
760 2 0 0 0 0
770 2 0 0 0 0
780 2 0 0 0 0
790 2 0 0 0 0
800 2 0 0 0 0
810 2 0 0 0 0
820 2 0 0 0 0
830 2 0 0 0 0
840 2 0 0 0 0
850 2 0 0 0 0
860 2 0 0 0 0
870 2 0 0 0 0
880 2 0 0 0 0
890 2 0 0 0 0
900 2 0 0 0 0
910 2 0 0 0 0
920 2 0 0 0 0
930 2 0 0 0 0
940 2 0 0 0 0
950 2 0 2 0 0
960 0 2 2 0 0
970 0 0 2 0 0
980 0 0 2 0 0
990 0 0 2 0 0
1000 0 0 2 0 0
1010 0 0 2 0 0
1020 0 0 2 0 0
1030 0 3 2 0 0
1040 0 3 2 0 0
1050 0 3 2 0 0
1060 0 3 2 0 0
1070 0 3 2 0 0
1080 0 3 2 0 0
1090 0 3 2 0 0
1100 0 3 2 0 0
1110 0 3 2 0 0
1120 0 3 2 0 0
1130 0 3 2 0 1
1140 0 3 2 0 1
1150 0 3 2 0 1
1160 0 3 2 0 1
1170 0 3 2 0 1
1180 0 3 2 0 2
1190 0 3 2 0 2
1200 0 3 2 0 2
1210 0 0 2 0 2
1220 0 0 2 0 2
1230 0 0 2 0 2
1240 0 0 2 0 2
1250 0 0 2 0 2
1260 0 0 2 0 2
1270 0 2 2 0 2
1280 0 2 2 0 2
1290 0 2 2 0 2
1300 0 2 2 0 2
1310 0 2 2 0 2
1320 2 0 2 0 2
1330 2 0 0 2 2
1340 2 0 0 0 2
1350 2 0 0 0 2
1360 2 0 0 0 0
1370 2 0 0 0 0
1380 2 0 0 0 0
1390 2 0 0 0 0
1400 2 0 0 0 0
1410 2 0 0 0 0
1420 2 0 0 0 0
1430 2 0 0 0 0
1440 2 0 0 0 0
1450 2 0 0 0 0
1460 2 0 0 0 0
1470 2 0 0 0 0
1480 2 0 0 0 0
1490 2 0 0 0 0
1500 2 0 0 0 0
1510 2 0 0 0 0
1520 2 0 0 0 0
1530 2 0 0 0 0
1540 2 0 0 0 0
1550 2 0 0 0 0
1560 2 0 0 0 0
1570 2 0 0 0 0
1580 2 0 0 0 0
1590 2 0 0 0 0
1600 2 0 2 0 0
1610 2 0 2 0 0
1620 0 0 2 0 0
1630 0 0 2 0 0
1640 0 0 2 0 0
1650 0 0 2 0 0
1660 0 0 2 0 0
1670 0 0 2 0 0
1680 0 0 2 0 0
1690 0 0 2 0 1
1700 0 0 2 0 1
1710 0 0 2 0 1
1720 0 0 2 0 1
1730 0 0 2 0 1
1740 0 0 2 0 1
1750 0 0 2 0 1
1760 0 0 2 0 2
1770 0 0 2 0 2
1780 0 0 2 0 2
1790 0 0 2 0 2
1800 0 0 2 0 2
1810 0 0 2 0 2
1820 0 0 2 0 2
1830 0 0 2 0 2
1840 0 0 2 0 2
1850 0 0 2 0 2
1860 0 0 2 0 2
1870 0 0 2 0 2
1880 0 0 2 0 2
1890 0 0 2 0 2
1900 0 0 2 0 2
1910 0 0 2 0 2
1920 2 0 2 0 2
1930 2 0 0 0 2
1940 2 0 0 0 2
1950 2 0 0 0 2
1960 2 0 0 0 0
1970 2 0 0 0 0
1980 2 0 0 0 0
1990 2 0 0 0 0
2000 2 0 0 0 0
2010 2 0 0 0 0
2020 2 0 0 0 0
2030 2 0 0 0 0
2040 2 0 0 0 0
2050 2 0 0 0 0
2060 2 0 0 0 0
2070 2 0 0 0 0
2080 2 0 0 0 0
2090 2 0 0 0 0
2100 2 0 0 0 0
2110 2 0 0 0 0
2120 2 0 0 0 0
2130 2 0 0 0 0
2140 2 0 0 0 0
2150 2 0 2 0 0
2160 2 0 2 0 0
2170 2 0 0 0 0
2180 2 0 0 0 0
2190 2 0 0 0 0
2200 2 0 2 0 0
2210 2 0 2 0 0
2220 0 0 2 0 0
2230 0 0 2 0 0
2240 0 0 2 0 0
2250 0 0 2 0 0
2260 0 0 2 0 0
2270 0 0 2 0 0
2280 0 0 2 0 1
2290 0 0 2 0 1
2300 0 0 2 0 1
2310 0 0 2 0 2
2320 0 0 2 0 2
2330 0 0 2 0 2
2340 0 0 2 0 2
2350 0 0 2 0 2
2360 0 0 2 0 2
2370 0 0 2 0 2
2380 0 0 2 0 2
2390 0 0 2 0 2
2400 0 0 2 0 2
2410 0 0 2 0 2
2420 0 0 2 0 2
2430 0 0 2 0 2
2440 0 0 2 0 2
2450 0 0 2 0 2
2460 0 0 2 0 2
2470 0 0 2 0 2
2480 0 0 2 0 2
2490 0 0 2 0 2
2500 2 0 2 0 2
2510 2 0 2 0 2
2520 2 0 0 0 2
2530 2 0 0 0 2
2540 2 0 0 0 2
2550 2 0 0 0 0
2560 2 0 0 0 0
2570 2 0 0 0 0
2580 2 0 0 0 0
2590 2 0 0 0 0
2600 2 0 0 0 0
2610 2 0 0 0 0
2620 2 0 0 0 0
2630 2 0 0 0 0
2640 2 0 0 0 0
2650 2 0 0 0 0
2660 2 0 0 0 0
2670 2 0 0 0 0
2680 2 0 0 0 0
2690 2 0 0 0 0
2700 2 0 0 0 0
2710 2 0 0 0 0
2720 2 0 0 0 0
2730 2 0 0 0 0
2740 2 0 0 0 0
2750 2 0 0 0 0
2760 2 0 0 0 0
2770 2 0 0 0 0
2780 2 0 0 0 0
2790 2 0 0 0 0
2800 2 0 0 0 0
2810 2 0 2 0 0
2820 2 0 2 0 0
2830 0 0 2 0 0
2840 0 0 2 0 0
2850 0 0 2 0 0
2860 0 0 2 0 0
2870 0 0 2 0 0
2880 0 0 2 0 0
2890 0 0 2 0 0
2900 0 0 2 0 0
2910 0 0 2 0 0
2920 0 0 2 0 0
2930 0 0 2 0 1
2940 0 0 2 0 1
2950 0 0 2 0 2
2960 0 0 2 0 2
2970 0 0 2 0 2
2980 0 0 0 2 2
2990 0 4 0 0 2
3000 0 4 0 0 2
3010 0 4 0 0 2
3020 0 4 0 0 2
3030 0 4 0 0 2
3040 0 4 0 4 2
3050 0 4 0 4 2
3060 0 4 0 4 2
3070 0 4 0 4 2
3080 0 4 0 4 2
3090 0 4 0 4 2
3100 0 4 0 4 2
3110 0 4 0 4 2
3120 0 4 0 4 2
3130 0 4 0 4 2
3140 0 4 0 4 2
3150 0 4 0 4 2
3160 0 4 0 4 2
