0 0 0 0 0 2
10 0 0 0 0 2
20 0 0 0 0 2
30 0 0 0 0 2
40 0 0 0 0 2
50 0 0 0 0 2
60 0 0 0 2 2
70 0 0 0 2 2
80 0 0 2 0 2
90 0 0 2 0 2
100 0 0 2 0 0
110 0 0 2 0 0
120 0 0 2 0 0
130 0 0 2 0 0
140 0 0 2 0 0
150 0 0 2 0 0
160 0 0 2 0 0
170 0 0 2 0 0
180 0 0 2 0 1
190 0 0 2 0 1
200 0 0 2 0 2
210 0 0 2 0 2
220 0 0 2 0 2
230 0 0 2 0 2
240 0 0 2 0 2
250 0 0 2 0 2
260 0 0 2 0 2
270 0 0 2 0 2
280 0 0 2 0 2
290 0 0 2 0 2
300 0 0 2 0 2
310 0 2 2 0 2
320 0 2 2 0 2
330 0 0 2 0 2
340 0 2 2 0 2
350 0 2 2 0 2
360 2 0 2 0 2
370 2 0 0 2 2
380 2 0 0 0 2
390 2 0 0 0 2
400 2 0 0 0 2
410 2 0 0 0 0
420 2 0 0 0 0
430 2 0 0 3 0
440 2 0 0 3 0
450 2 0 0 3 0
460 2 0 0 3 0
470 2 0 0 3 0
480 2 0 0 3 0
490 2 0 0 3 0
500 2 0 0 3 0
510 2 0 0 3 0
520 2 0 0 3 0
530 2 0 0 0 0
540 2 0 0 0 0
550 2 0 0 0 0
560 2 0 0 0 0
570 2 0 0 2 0
580 2 0 0 2 0
590 2 0 0 2 0
600 2 0 0 2 0
610 2 0 0 2 0
620 2 0 0 2 0
630 2 0 0 2 0
640 2 0 0 2 0
650 2 0 2 0 0
660 0 0 2 0 0
670 0 0 2 0 0
680 0 0 2 0 0
690 0 3 2 0 0
700 0 3 2 0 0
710 0 3 2 0 0
720 0 3 2 0 0
730 0 3 2 0 1
740 0 3 2 0 1
750 0 3 2 0 1
760 0 3 2 0 2
770 0 0 2 0 2
780 0 0 2 0 2
790 0 0 2 0 2
800 0 0 2 0 2
810 0 0 2 0 2
820 0 0 2 0 2
830 0 0 2 0 2
840 0 0 2 0 2
850 0 0 2 0 2
860 0 0 2 0 2
870 0 0 2 0 2
880 0 0 2 0 2
890 0 2 2 0 2
900 2 0 2 0 2
910 2 0 0 0 2
920 2 0 0 0 0
930 2 0 0 0 0
940 2 0 0 3 0
950 2 0 0 3 0
960 2 0 0 3 0
970 2 0 0 3 0
980 2 0 0 3 0
990 2 0 0 3 0
1000 2 0 0 3 0
1010 2 0 0 0 0
1020 2 0 0 0 0
1030 2 0 0 0 0
1040 2 0 0 0 0
1050 2 0 0 0 0
1060 2 0 0 2 0
1070 2 0 0 2 0
1080 2 0 2 0 0
1090 0 0 2 0 0
1100 0 0 2 0 0
1110 0 0 2 0 0
1120 0 0 2 0 0
1130 0 0 2 0 0
1140 3 0 2 0 0
1150 3 0 2 0 0
1160 3 0 2 0 0
1170 3 0 2 0 0
1180 3 0 2 0 1
1190 3 0 2 0 2
1200 3 0 2 0 2
1210 3 0 2 0 2
1220 3 0 2 0 2
1230 3 0 2 0 2
1240 3 0 2 0 2
1250 3 0 2 0 2
1260 0 3 2 0 2
1270 0 0 2 0 2
1280 0 0 2 0 2
1290 0 0 2 0 2
1300 0 0 2 0 2
1310 0 0 2 0 2
1320 2 0 2 0 2
1330 2 0 0 2 2
1340 2 0 0 0 2
1350 2 0 0 0 0
1360 2 0 0 0 0
1370 2 0 0 0 0
1380 2 0 0 3 0
1390 2 0 0 3 0
1400 2 0 0 3 0
1410 2 0 0 3 0
1420 2 0 0 3 0
1430 2 0 0 0 0
1440 2 0 0 0 0
1450 2 0 0 0 0
1460 2 0 0 3 0
1470 2 0 0 3 0
1480 2 0 0 3 0
1490 2 0 0 3 0
1500 2 0 0 0 0
1510 2 0 0 0 0
1520 2 0 0 0 0
1530 2 0 0 0 0
1540 2 0 0 2 0
1550 2 0 0 2 0
1560 2 0 2 0 0
1570 0 0 2 0 0
1580 0 0 2 0 0
1590 0 0 2 0 0
1600 0 0 2 0 0
1610 0 0 2 0 0
1620 0 0 2 0 1
1630 0 0 2 0 1
1640 0 0 2 0 1
1650 0 0 2 0 1
1660 0 0 2 0 2
1670 0 0 2 0 2
1680 0 0 2 0 2
1690 0 0 2 0 2
1700 0 0 2 0 2
1710 0 0 2 0 2
1720 0 0 2 0 2
1730 0 0 2 0 2
1740 0 0 2 0 2
1750 0 0 2 0 2
1760 0 0 2 0 2
1770 0 0 2 0 2
1780 0 0 2 0 2
1790 0 0 2 0 2
1800 0 0 2 0 2
1810 0 0 2 0 2
1820 0 0 2 0 2
1830 0 2 2 0 2
1840 2 0 2 0 2
1850 2 0 0 2 2
1860 2 0 0 0 2
1870 2 0 0 0 0
1880 2 0 0 0 0
1890 2 0 0 0 0
1900 2 0 0 3 0
1910 2 0 0 3 0
1920 2 0 0 3 0
1930 2 0 0 3 0
1940 2 0 0 3 0
1950 2 0 0 0 0
1960 0 0 0 0 1
1970 0 0 0 0 1
1980 0 0 0 0 1
1990 0 0 0 0 1
2000 0 0 0 0 1
2010 0 4 0 0 1
2020 0 4 0 0 1
2030 0 4 0 0 1
2040 0 4 0 0 1
2050 0 4 0 0 1
2060 0 4 0 0 1
2070 0 4 0 0 1
2080 0 4 0 0 1
2090 0 4 0 0 1
2100 0 4 0 0 1
2110 0 4 0 0 1
2120 0 4 0 0 1
2130 0 4 0 0 1
2140 0 4 0 0 1
2150 0 4 0 0 1
2160 0 4 0 0 1
2170 0 4 0 0 1
2180 0 4 0 0 1
2190 0 4 0 0 1
2200 0 4 0 0 1
2210 0 4 0 0 1
