0 0 0 0 0 2
10 0 0 0 0 2
20 0 0 0 0 2
30 0 0 0 0 2
40 0 0 0 0 2
50 0 0 0 0 2
60 0 0 0 0 2
70 0 0 0 0 2
80 0 0 0 0 2
90 0 0 0 2 2
100 0 0 0 2 2
110 0 0 0 2 2
120 0 0 2 0 2
130 0 0 2 0 2
140 0 0 2 0 2
150 0 0 2 0 0
160 0 0 2 0 0
170 0 0 2 0 0
180 0 0 2 0 0
190 0 0 2 0 0
200 0 0 2 0 0
210 0 0 2 0 0
220 0 0 2 0 0
230 0 0 2 0 0
240 0 0 2 0 0
250 0 0 2 0 0
260 0 0 2 0 0
270 0 0 2 0 0
280 0 0 2 0 0
290 0 0 2 0 0
300 0 0 2 0 0
310 0 0 2 0 0
320 0 0 2 0 1
330 0 0 2 0 1
340 0 0 2 0 1
350 0 0 2 0 1
360 0 0 2 0 1
370 0 0 2 0 2
380 0 0 2 0 2
390 0 0 2 0 2
400 0 0 2 0 2
410 0 0 2 0 2
420 0 0 2 0 2
430 0 0 2 0 2
440 0 0 2 0 2
450 0 0 2 0 2
460 0 0 2 0 2
470 0 0 2 0 2
480 0 0 2 0 2
490 0 0 2 0 2
500 0 0 2 0 2
510 0 0 2 0 2
520 0 0 2 0 2
530 0 0 2 0 2
540 0 0 2 0 2
550 0 0 2 0 2
560 0 0 2 0 2
570 0 0 2 0 2
580 0 0 2 0 2
590 0 0 2 0 2
600 0 0 2 0 2
610 0 0 2 0 2
620 0 0 2 0 2
630 0 0 2 0 2
640 0 0 2 0 2
650 0 0 2 0 2
660 0 0 2 0 2
670 0 0 2 0 2
680 0 0 2 0 2
690 0 0 2 0 2
700 0 0 2 0 2
710 0 0 2 0 2
720 0 0 2 0 2
730 0 0 2 0 2
740 0 2 2 0 2
750 2 0 2 0 2
760 2 0 0 2 2
770 2 0 0 0 2
780 2 0 0 0 2
790 2 0 0 0 2
800 2 0 0 0 2
810 2 0 0 0 0
820 2 0 0 0 0
830 2 0 0 0 0
840 2 0 0 0 0
850 2 0 0 0 0
860 2 0 0 0 0
870 2 0 0 0 0
880 2 0 0 0 0
890 2 0 0 0 0
900 2 0 0 0 0
910 2 0 0 0 0
920 2 0 0 0 0
930 2 0 0 0 0
940 2 0 0 0 0
950 2 0 0 0 0
960 2 0 0 0 0
970 2 0 0 0 0
980 2 0 0 0 0
990 2 0 0 0 0
1000 2 0 0 0 0
1010 2 0 0 0 0
1020 2 0 0 0 0
1030 2 0 0 0 0
1040 2 0 0 0 0
1050 2 0 0 0 0
1060 2 0 0 0 0
1070 2 0 2 0 0
1080 0 0 2 0 0
1090 0 0 2 0 0
1100 0 0 2 0 0
1110 0 0 2 0 0
1120 0 0 2 0 0
1130 0 0 2 0 1
1140 0 0 2 0 1
1150 0 0 2 0 1
1160 0 0 2 0 1
1170 0 0 2 0 2
1180 0 0 2 0 2
1190 0 0 2 0 2
1200 0 0 2 0 2
1210 0 0 2 0 2
1220 0 0 2 0 2
1230 0 0 2 0 2
1240 0 0 2 0 2
1250 0 0 2 0 2
1260 0 0 2 0 2
1270 0 0 2 0 2
1280 0 0 2 0 2
1290 0 0 2 0 2
1300 0 0 2 0 2
1310 0 0 2 0 2
1320 0 0 2 0 2
1330 0 0 2 0 2
1340 0 0 2 0 2
1350 0 0 2 0 2
1360 0 0 2 0 2
1370 0 0 2 0 2
1380 0 0 2 0 2
1390 0 0 2 0 2
1400 0 0 2 0 2
1410 0 0 2 0 2
1420 0 0 2 0 2
1430 0 0 2 0 2
1440 0 0 2 0 2
1450 2 0 2 0 2
1460 2 0 2 0 2
1470 2 0 0 2 2
1480 2 0 0 2 2
1490 2 0 0 0 2
1500 2 0 0 0 2
1510 2 0 0 0 2
1520 2 0 0 0 0
1530 2 0 0 0 0
1540 2 0 0 0 0
1550 2 0 0 0 0
1560 2 0 0 0 0
1570 2 0 0 0 0
1580 2 0 0 0 0
1590 2 0 0 0 0
1600 2 0 0 0 0
1610 2 0 0 0 0
1620 2 0 0 0 0
1630 2 0 0 0 0
1640 2 0 0 0 0
1650 2 0 0 0 0
1660 2 0 0 0 0
1670 2 0 0 0 0
1680 2 0 0 0 0
1690 2 0 0 0 0
1700 2 0 0 0 0
1710 2 0 0 0 0
1720 2 0 0 0 0
1730 2 0 0 0 0
1740 2 0 0 0 0
1750 2 0 0 0 0
1760 2 0 2 0 0
1770 2 0 2 0 0
1780 0 0 2 0 0
1790 0 0 2 0 0
1800 0 0 2 0 0
1810 0 0 2 0 0
1820 0 0 2 0 0
1830 0 0 2 0 0
1840 0 0 2 0 1
1850 0 0 2 0 1
1860 0 0 2 0 1
1870 0 0 2 0 2
1880 0 0 2 0 2
1890 0 0 2 0 2
1900 0 0 2 0 2
1910 0 0 2 0 2
1920 0 0 2 0 2
1930 0 0 2 0 2
1940 0 0 2 0 2
1950 0 0 2 0 2
1960 0 0 2 0 2
1970 0 0 2 0 2
1980 0 0 2 0 2
1990 0 0 2 0 2
2000 0 0 2 0 2
2010 0 0 2 0 2
2020 0 0 2 0 2
2030 0 0 2 0 2
2040 0 2 2 0 2
2050 0 2 2 0 2
2060 0 2 2 0 2
2070 0 2 2 0 2
2080 0 2 2 0 2
2090 0 2 2 0 2
2100 0 2 2 0 2
2110 0 2 2 0 2
2120 0 2 2 0 2
2130 0 2 2 0 2
2140 0 2 2 0 2
2150 0 2 2 0 2
2160 0 2 2 0 2
2170 0 2 2 0 2
2180 0 2 2 0 2
2190 2 0 2 0 2
2200 2 0 2 0 2
2210 2 0 2 0 2
2220 2 0 0 2 2
2230 2 0 0 0 2
2240 2 0 0 0 2
2250 2 0 0 0 0
2260 2 0 0 0 0
2270 2 0 0 0 0
2280 2 0 0 0 0
2290 2 0 0 0 0
2300 2 0 0 0 0
2310 2 0 0 0 0
2320 2 0 0 0 0
2330 2 0 0 0 0
2340 2 0 0 0 0
2350 2 0 0 0 0
2360 2 0 0 0 0
2370 2 0 0 0 0
2380 2 0 0 0 0
2390 2 0 0 0 0
2400 2 0 0 0 0
2410 2 0 0 0 0
2420 2 0 0 0 0
2430 2 0 0 0 0
2440 2 0 0 0 0
2450 2 0 0 0 0
2460 2 0 0 0 0
2470 2 0 0 0 0
2480 2 0 0 0 0
2490 2 0 0 0 0
2500 2 0 0 0 0
2510 2 0 0 0 0
2520 2 0 0 0 0
2530 2 0 0 0 0
2540 2 0 0 0 0
2550 2 0 0 0 0
2560 2 0 0 2 0
2570 2 0 2 0 0
2580 0 2 2 0 0
2590 0 0 2 0 0
2600 0 0 2 0 0
2610 0 0 2 0 0
2620 0 0 2 0 0
2630 0 0 2 0 0
2640 0 0 2 0 0
2650 0 0 2 0 1
2660 0 0 2 0 1
2670 0 0 2 0 1
2680 0 0 2 0 2
2690 0 0 2 0 2
2700 0 0 2 0 2
2710 0 0 2 0 2
2720 0 0 2 0 2
2730 0 0 2 0 2
2740 0 0 2 0 2
2750 0 0 2 0 2
2760 0 0 2 0 2
2770 0 0 2 0 2
2780 0 0 2 0 2
2790 0 0 2 0 2
2800 0 0 2 0 2
2810 0 0 2 0 2
2820 0 0 2 0 2
2830 0 0 2 0 2
2840 0 0 2 0 2
2850 0 0 2 0 2
2860 0 0 2 0 2
2870 0 2 2 0 2
2880 0 2 2 0 2
2890 0 2 2 0 2
2900 0 2 2 0 2
2910 2 0 2 0 2
2920 2 0 2 0 2
2930 2 0 0 2 2
2940 2 0 0 2 2
2950 2 0 0 0 2
2960 2 0 0 0 2
2970 2 0 0 0 0
2980 2 0 0 0 0
2990 2 0 0 0 0
3000 2 0 0 0 0
3010 2 0 0 0 0
3020 2 0 0 0 0
3030 2 0 0 0 0
3040 2 0 0 0 0
3050 2 0 0 0 0
3060 2 0 0 0 0
3070 2 0 0 0 0
3080 2 0 0 0 0
3090 2 0 0 0 0
3100 2 0 0 0 0
3110 2 0 0 0 0
3120 2 0 0 0 0
3130 2 0 0 0 0
3140 2 0 0 2 0
3150 2 0 0 2 0
3160 0 2 2 0 0
3170 0 2 2 0 0
3180 0 2 2 0 0
3190 0 0 2 0 0
3200 0 0 2 0 0
3210 0 0 2 0 0
3220 0 0 2 0 0
3230 0 0 2 0 0
3240 0 0 2 0 0
3250 0 0 2 0 0
3260 0 0 2 0 0
3270 0 0 2 0 0
3280 0 2 2 0 0
3290 2 0 2 0 0
3300 2 0 0 0 0
3310 2 0 0 0 0
3320 2 0 0 0 0
3330 2 0 0 0 0
3340 2 0 0 0 0
3350 2 0 0 0 0
3360 2 0 0 0 0
3370 2 0 0 0 0
3380 2 0 0 0 0
3390 2 0 0 0 1
3400 2 0 0 0 1
3410 2 0 0 0 2
3420 2 0 0 0 2
3430 2 0 0 0 2
3440 2 0 0 0 2
3450 0 0 0 0 2
3460 0 2 0 0 2
3470 0 2 0 0 2
3480 0 0 0 0 2
3490 0 0 0 0 2
3500 0 0 0 0 2
3510 0 0 0 0 2
3520 0 0 0 0 2
3530 0 0 0 0 2
3540 0 0 0 4 2
3550 0 0 0 4 2
3560 0 0 0 4 2
3570 0 2 0 4 2
3580 0 2 0 4 2
3590 0 2 0 4 2
3600 0 2 0 4 2
