0 0 0 0 0 2
10 0 0 0 0 2
20 0 0 0 0 2
30 0 0 2 0 2
40 0 0 2 0 2
50 0 0 2 0 0
60 0 0 2 0 0
70 0 0 2 0 0
80 0 0 2 0 0
90 0 0 2 0 0
100 0 0 2 0 0
110 0 0 2 0 0
120 0 0 2 0 0
130 0 0 2 0 0
140 0 2 2 0 0
150 2 0 2 0 0
160 2 0 0 0 0
170 2 0 0 0 0
180 2 0 0 0 0
190 2 0 0 0 0
200 2 0 0 0 0
210 2 0 0 0 0
220 2 0 0 0 0
230 2 0 0 0 0
240 2 0 2 0 0
250 2 0 2 0 0
260 0 0 2 0 0
270 0 0 2 0 0
280 0 0 2 0 0
290 0 0 2 0 0
300 0 0 2 0 0
310 0 0 2 0 0
320 0 0 2 0 1
330 0 0 2 0 1
340 0 0 2 0 1
350 0 0 2 0 2
360 0 0 2 0 2
370 0 0 2 0 2
380 0 0 2 0 2
390 0 0 2 0 2
400 0 0 2 0 2
410 0 0 2 0 2
420 0 0 2 0 2
430 0 0 2 0 2
440 0 0 2 0 2
450 0 2 2 0 2
460 2 0 2 0 2
470 2 0 0 2 2
480 2 0 0 2 2
490 2 0 0 0 2
500 2 0 0 0 0
510 2 0 0 0 0
520 2 0 0 0 0
530 2 0 0 0 0
540 2 0 0 0 0
550 2 0 0 0 0
560 2 0 0 0 0
570 2 0 0 0 0
580 2 0 0 0 0
590 2 0 0 0 0
600 2 0 0 0 0
610 2 0 0 0 0
620 2 0 0 0 0
630 2 0 0 0 0
640 2 0 0 0 0
650 2 0 0 0 0
660 2 0 0 0 0
670 2 0 0 0 0
680 2 0 0 2 0
690 2 0 0 2 0
700 2 0 0 2 0
710 2 0 2 0 0
720 0 0 2 0 0
730 0 0 2 0 0
740 0 0 2 0 0
750 0 0 2 0 0
760 0 0 2 0 0
770 0 3 2 0 0
780 0 3 2 0 0
790 0 3 2 0 0
800 0 3 2 0 0
810 0 3 2 0 0
820 0 3 2 0 0
830 0 3 2 0 0
840 0 3 2 0 0
850 0 3 2 0 0
860 0 3 2 0 1
870 0 3 2 0 1
880 0 3 2 0 2
890 0 3 2 0 2
900 0 3 2 0 2
910 0 3 2 0 2
920 0 3 2 0 2
930 0 3 2 0 2
940 0 3 2 0 2
950 0 3 2 0 2
960 0 3 2 0 2
970 0 3 2 0 2
980 0 3 2 0 2
990 0 3 2 0 2
1000 0 0 2 0 2
1010 0 0 2 0 2
1020 0 0 2 0 2
1030 0 0 2 0 2
1040 0 0 2 0 2
1050 0 0 2 0 2
1060 0 0 2 0 2
1070 2 0 2 0 2
1080 2 0 2 0 2
1090 2 0 0 2 2
1100 2 0 0 2 2
1110 2 0 0 0 2
1120 2 0 0 0 0
1130 2 0 0 0 0
1140 2 0 0 0 0
1150 2 0 0 0 0
1160 2 0 0 0 0
1170 2 0 0 0 0
1180 2 0 0 0 0
1190 2 0 0 0 0
1200 2 0 0 0 0
1210 2 0 0 0 0
1220 2 0 0 0 0
1230 2 0 0 0 0
1240 2 0 0 0 0
1250 2 0 0 0 0
1260 2 0 0 0 0
1270 2 0 0 0 0
1280 2 0 0 0 0
1290 2 0 0 0 0
1300 2 0 0 0 0
1310 2 0 0 2 0
1320 2 0 2 0 0
1330 0 0 2 0 0
1340 0 0 2 0 0
1350 0 0 2 0 0
1360 0 0 2 0 0
1370 0 3 2 0 0
1380 0 3 2 0 0
1390 0 3 2 0 0
1400 0 3 2 0 0
1410 0 3 2 0 0
1420 0 3 2 0 1
1430 0 3 2 0 1
1440 0 0 2 0 1
1450 0 0 2 0 1
1460 0 0 2 0 2
1470 0 0 2 0 2
1480 0 0 2 0 2
1490 0 0 2 0 2
1500 0 0 2 0 2
1510 0 0 2 0 2
1520 0 0 2 0 2
1530 0 0 2 0 2
1540 0 0 2 0 2
1550 0 0 2 0 2
1560 0 0 2 0 2
1570 0 0 2 0 2
1580 0 0 2 0 2
1590 0 2 2 0 2
1600 2 0 2 0 2
1610 2 0 0 2 2
1620 2 0 0 0 2
1630 2 0 0 0 0
1640 2 0 0 0 0
1650 2 0 0 0 0
1660 2 0 0 0 0
1670 2 0 0 0 0
1680 2 0 0 0 0
1690 2 0 0 0 0
1700 2 0 0 0 0
1710 2 0 0 0 0
1720 2 0 0 0 0
1730 2 0 0 0 0
1740 2 0 0 0 0
1750 2 0 0 0 0
1760 2 0 0 0 0
1770 2 0 0 2 0
1780 0 0 2 0 0
1790 0 0 2 0 0
1800 0 0 2 0 0
1810 0 3 2 0 0
1820 0 3 2 0 0
1830 0 3 2 0 0
1840 0 3 2 0 0
1850 0 3 2 0 0
1860 0 3 2 0 1
1870 0 3 2 0 1
1880 0 3 2 0 1
1890 0 3 2 0 1
1900 0 3 2 0 1
1910 0 3 2 0 1
1920 0 3 2 0 2
1930 0 3 2 0 2
1940 0 3 2 0 2
1950 0 3 2 0 2
1960 0 3 2 0 2
1970 0 3 2 0 2
1980 0 3 2 0 2
1990 0 3 2 0 2
2000 0 3 2 0 2
2010 0 0 2 0 2
2020 0 0 2 0 2
2030 0 0 2 0 2
2040 0 0 2 0 2
2050 2 0 2 0 2
2060 2 0 0 2 2
2070 2 0 0 2 2
2080 2 0 0 0 2
2090 2 0 0 0 2
2100 2 0 0 0 0
2110 2 0 0 0 0
2120 2 0 0 0 0
2130 2 0 0 0 0
2140 2 0 0 0 0
2150 2 0 0 0 0
2160 2 0 0 0 0
2170 2 0 0 0 0
2180 2 0 0 0 0
2190 2 0 0 0 0
2200 2 0 0 0 0
2210 2 0 0 0 0
2220 2 0 0 0 0
2230 2 0 0 0 0
2240 2 0 0 2 0
2250 2 0 0 2 0
2260 2 0 2 0 0
2270 0 0 2 0 0
2280 0 0 2 0 0
2290 0 0 2 0 0
2300 0 0 2 0 0
2310 0 0 2 0 1
2320 0 0 2 0 1
2330 0 0 2 0 2
2340 0 0 2 0 2
2350 0 0 2 0 2
2360 0 0 0 0 2
2370 0 0 0 0 2
2380 0 0 0 0 2
2390 0 0 0 0 2
2400 0 4 0 0 2
2410 0 4 0 4 2
2420 0 4 0 4 2
2430 0 4 0 4 2
2440 0 4 0 4 2
2450 0 4 0 4 2
2460 0 4 0 4 2
2470 0 4 0 4 2
2480 0 4 0 4 2
2490 0 4 0 4 2
