0 0 0 0 2 2
10 0 0 0 2 2
20 0 0 0 2 2
30 0 0 0 2 2
40 0 0 0 2 2
50 0 0 0 2 2
60 0 0 0 2 2
70 0 0 0 2 2
80 0 0 0 0 2
90 0 0 0 0 2
100 0 0 0 0 2
110 0 0 0 0 2
120 0 0 0 0 2
130 0 0 0 0 2
140 0 0 0 0 2
150 0 0 0 0 2
160 0 0 2 0 2
170 0 0 2 0 0
180 0 0 2 0 0
190 0 0 2 0 0
200 0 0 2 0 0
210 0 0 2 0 0
220 0 0 2 0 0
230 0 0 2 0 0
240 0 0 2 0 0
250 0 0 2 0 0
260 0 0 2 0 0
270 0 0 2 0 0
280 0 0 2 0 0
290 0 0 2 0 0
300 0 2 2 0 0
310 2 0 2 0 0
320 2 0 0 2 0
330 2 0 0 2 0
340 2 0 0 0 0
350 2 0 0 0 0
360 2 0 0 0 0
370 2 0 0 0 0
380 2 0 0 0 0
390 2 0 0 0 0
400 2 0 0 0 0
410 2 0 0 0 0
420 2 0 0 0 0
430 2 0 0 0 0
440 2 0 0 0 0
450 2 0 0 0 0
460 2 0 0 0 0
470 2 0 0 0 0
480 2 0 0 0 0
490 2 0 0 0 0
500 2 0 0 2 0
510 2 0 2 0 0
520 0 2 2 0 0
530 0 2 2 0 0
540 0 0 2 0 0
550 0 0 2 0 0
560 0 0 2 0 0
570 0 0 2 0 0
580 0 0 2 0 0
590 0 0 2 0 0
600 0 0 2 0 0
610 0 0 2 0 0
620 0 0 2 0 0
630 0 0 2 0 0
640 0 0 2 0 0
650 0 0 2 0 1
660 0 0 2 0 1
670 0 0 2 0 2
680 0 0 2 0 2
690 0 0 2 0 2
700 0 0 2 0 2
710 0 0 2 0 2
720 0 0 2 0 2
730 0 0 2 0 2
740 0 0 2 0 2
750 0 0 2 0 2
760 0 0 2 0 2
770 0 0 2 0 2
780 0 0 2 0 2
790 0 0 2 0 2
800 0 0 2 0 2
810 0 0 2 0 2
820 0 0 2 0 2
830 0 0 2 0 2
840 0 0 2 0 2
850 0 0 2 0 2
860 0 0 2 0 2
870 0 0 2 0 2
880 0 0 2 0 2
890 0 0 2 0 2
900 0 0 2 0 2
910 0 0 2 0 2
920 0 0 2 0 2
930 0 0 2 0 2
940 0 0 2 0 2
950 0 0 2 0 2
960 0 0 2 0 2
970 0 0 2 0 2
980 0 0 2 0 2
990 0 0 2 0 2
1000 0 0 2 0 2
1010 0 0 2 0 2
1020 0 0 2 0 2
1030 0 0 2 0 2
1040 0 0 2 0 2
1050 0 0 2 0 2
1060 0 0 2 0 2
1070 0 0 2 0 2
1080 0 0 2 0 2
1090 0 0 2 0 2
1100 0 0 2 0 2
1110 0 0 2 0 2
1120 0 0 2 0 2
1130 0 0 2 0 2
1140 0 0 2 0 2
1150 0 0 2 0 2
1160 0 0 2 0 2
1170 0 0 2 0 2
1180 0 0 2 0 2
1190 0 2 2 0 2
1200 2 0 2 0 2
1210 2 0 0 2 2
1220 2 0 0 0 2
1230 2 0 0 0 2
1240 2 0 0 0 2
1250 2 0 0 0 2
1260 2 0 0 0 2
1270 2 0 0 0 2
1280 2 0 0 0 0
1290 2 0 0 0 0
1300 2 0 0 0 0
1310 2 0 0 0 0
1320 2 0 0 0 0
1330 2 0 0 0 0
1340 2 0 0 0 0
1350 2 0 0 0 0
1360 2 0 0 0 0
1370 2 0 0 0 0
1380 2 0 0 0 0
1390 2 0 0 0 0
1400 2 0 0 0 0
1410 2 0 0 0 0
1420 2 0 0 0 0
1430 2 0 0 0 0
1440 2 0 0 0 0
1450 2 0 0 0 0
1460 2 0 0 0 0
1470 2 0 0 0 0
1480 2 0 0 2 0
1490 0 2 2 0 0
1500 0 0 2 0 0
1510 0 0 2 0 0
1520 0 0 2 0 0
1530 0 0 2 0 0
1540 0 0 2 0 0
1550 0 0 2 0 0
1560 0 3 2 0 0
1570 0 3 2 0 0
1580 0 3 2 0 0
1590 0 3 2 0 0
1600 0 3 2 0 0
1610 0 3 2 0 0
1620 0 3 2 0 0
1630 0 3 2 0 0
1640 0 3 2 0 0
1650 0 3 2 0 0
1660 0 3 2 0 0
1670 0 3 2 0 0
1680 0 3 2 0 0
1690 0 0 2 0 0
1700 0 0 2 0 1
1710 0 0 2 0 1
1720 0 0 2 0 1
1730 0 0 2 0 2
1740 0 0 2 0 2
1750 0 0 2 0 2
1760 0 0 2 0 2
1770 0 0 2 0 2
1780 0 0 2 0 2
1790 0 0 2 0 2
1800 0 0 2 0 2
1810 0 0 2 0 2
1820 0 0 2 0 2
1830 0 0 2 0 2
1840 0 0 2 0 2
1850 0 0 2 0 2
1860 0 0 2 0 2
1870 0 0 2 0 2
1880 0 0 2 0 2
1890 0 0 2 0 2
1900 0 0 2 0 2
1910 0 0 2 0 2
1920 0 0 2 0 2
1930 0 0 2 0 2
1940 0 0 2 0 2
1950 0 0 2 0 2
1960 0 0 2 0 2
1970 2 0 2 0 2
1980 2 0 0 0 2
1990 2 0 0 0 2
2000 2 0 0 0 2
2010 2 0 0 0 2
2020 2 0 0 0 2
2030 2 0 0 0 2
2040 2 0 0 0 2
2050 2 0 0 0 2
2060 2 0 0 0 2
2070 2 0 0 0 0
2080 2 0 0 0 0
2090 2 0 0 0 0
2100 2 0 0 0 0
2110 2 0 0 0 0
2120 2 0 0 0 0
2130 2 0 0 0 0
2140 2 0 0 0 0
2150 2 0 0 0 0
2160 2 0 0 0 0
2170 2 0 0 0 0
2180 2 0 0 0 0
2190 2 0 0 0 0
2200 2 0 0 0 0
2210 2 0 0 0 0
2220 2 0 0 0 0
2230 2 0 0 0 0
2240 2 0 0 0 0
2250 2 0 0 0 0
2260 2 0 0 0 0
2270 2 0 0 0 0
2280 2 0 0 0 0
2290 2 0 0 2 0
2300 2 0 2 0 0
2310 2 0 2 0 0
2320 0 0 2 0 0
2330 0 0 2 0 0
2340 0 0 2 0 0
2350 0 0 2 0 0
2360 0 0 2 0 0
2370 0 0 2 0 0
2380 0 3 2 0 0
2390 0 3 2 0 0
2400 0 3 2 0 0
2410 0 3 2 0 0
2420 0 3 2 0 0
2430 0 3 2 0 0
2440 0 3 2 0 0
2450 0 3 2 0 0
2460 0 3 2 0 0
2470 0 3 2 0 0
2480 0 0 2 0 0
2490 0 0 2 0 0
2500 0 0 2 0 0
2510 0 0 2 0 0
2520 0 0 2 0 0
2530 0 0 2 0 1
2540 0 0 2 0 1
2550 0 0 2 0 2
2560 0 0 2 0 2
2570 0 0 2 0 2
2580 0 0 2 0 2
2590 0 0 2 0 2
2600 0 0 2 0 2
2610 0 0 2 0 2
2620 0 0 2 0 2
2630 0 0 2 0 2
2640 0 0 2 0 2
2650 0 0 2 0 2
2660 0 0 2 0 2
2670 0 0 2 0 2
2680 0 0 2 0 2
2690 0 0 2 0 2
2700 0 0 2 0 2
2710 0 0 2 0 2
2720 0 0 2 0 2
2730 0 0 2 0 2
2740 0 0 2 0 2
2750 0 0 2 0 2
2760 0 0 2 0 2
2770 0 0 2 0 2
2780 0 0 2 0 2
2790 0 0 2 0 2
2800 0 0 2 0 2
2810 0 0 2 0 2
2820 0 0 2 0 2
2830 0 2 2 0 2
2840 2 0 2 0 2
2850 2 0 0 0 2
2860 2 0 0 0 2
2870 2 0 0 0 2
2880 2 0 0 0 2
2890 2 0 0 0 2
2900 2 0 0 0 2
2910 2 0 0 0 0
2920 2 0 0 0 0
2930 2 0 0 0 0
2940 2 0 0 0 0
2950 2 0 0 0 0
2960 2 0 0 0 0
2970 2 0 0 0 0
2980 2 0 0 0 0
2990 2 0 0 0 0
3000 2 0 0 0 0
3010 2 0 0 0 0
3020 2 0 0 0 0
3030 2 0 0 0 0
3040 2 0 0 0 0
3050 2 0 0 0 0
3060 2 0 0 0 0
3070 2 0 2 0 0
3080 0 0 2 0 0
3090 0 0 2 0 0
3100 0 0 2 0 0
3110 0 0 2 0 0
3120 0 0 2 0 0
3130 0 3 2 0 0
3140 0 3 2 0 0
3150 0 3 2 0 0
3160 0 3 2 0 0
3170 0 3 2 0 0
3180 0 3 2 0 0
3190 0 3 2 0 0
3200 0 3 2 0 0
3210 0 0 2 0 0
3220 0 0 2 0 0
3230 0 0 2 0 0
3240 0 0 2 0 1
3250 0 0 2 0 1
3260 0 0 2 0 1
3270 0 0 2 0 0
3280 0 0 2 0 0
3290 0 0 2 0 0
3300 0 0 2 0 1
3310 0 0 2 0 1
3320 0 0 2 0 2
3330 0 0 2 0 2
3340 0 0 2 0 2
3350 0 0 2 0 2
3360 0 0 2 0 2
3370 0 0 2 0 2
3380 0 0 2 0 2
3390 0 0 2 0 2
3400 0 0 2 0 2
3410 0 0 2 0 2
3420 0 0 2 0 2
3430 0 0 2 0 2
3440 0 0 2 0 2
3450 0 0 2 0 2
3460 0 0 2 0 2
3470 0 0 2 0 2
3480 0 0 2 0 2
3490 0 0 2 0 2
3500 0 0 2 0 2
3510 0 0 2 0 2
3520 0 0 2 0 2
3530 0 0 2 0 2
3540 2 0 2 0 2
3550 2 0 2 0 2
3560 2 0 2 0 2
3570 2 0 0 0 2
3580 2 0 0 0 2
3590 2 0 0 0 2
3600 2 0 0 0 2
3610 2 0 0 0 2
3620 2 0 0 0 2
3630 2 0 0 0 0
3640 2 0 0 0 0
3650 2 0 0 0 0
3660 2 0 0 0 0
3670 2 0 0 0 0
3680 2 0 0 0 0
3690 2 0 0 0 0
3700 2 0 0 0 0
3710 0 0 0 0 1
3720 0 0 0 0 1
3730 0 0 0 0 1
3740 0 0 0 0 1
3750 0 0 0 0 1
3760 0 0 0 0 1
3770 0 0 0 0 1
