0 0 0 2 0 0
10 0 0 2 0 0
20 0 0 2 0 0
30 0 0 2 0 0
40 0 0 2 0 0
50 0 0 2 0 0
60 0 0 2 0 0
70 0 0 2 0 0
80 0 0 2 0 0
90 0 0 2 0 0
100 0 0 2 0 0
110 0 0 2 0 0
120 0 0 2 0 0
130 0 0 2 0 0
140 2 0 2 0 0
150 2 0 0 0 0
160 2 0 0 0 0
170 2 0 0 0 0
180 2 0 0 0 0
190 2 0 0 0 0
200 2 0 0 0 0
210 2 0 0 0 0
220 2 0 0 0 0
230 2 0 0 2 0
240 2 0 0 2 0
250 2 0 0 2 0
260 2 0 0 2 0
270 2 0 0 2 0
280 2 0 0 2 0
290 2 0 0 2 0
300 2 0 0 2 0
310 2 0 0 2 0
320 2 0 2 0 0
330 0 0 2 0 0
340 0 0 2 0 0
350 0 0 2 0 0
360 0 0 2 0 0
370 0 0 2 0 0
380 0 0 2 0 0
390 0 0 2 0 0
400 0 0 2 0 0
410 0 0 2 0 0
420 0 0 2 0 1
430 0 0 2 0 1
440 0 0 2 0 1
450 0 0 2 0 1
460 0 0 2 0 1
470 0 0 2 0 2
480 0 0 2 0 2
490 0 0 2 0 2
500 0 0 2 0 2
510 0 0 2 0 2
520 0 0 2 0 2
530 0 0 2 0 2
540 0 0 2 0 2
550 0 0 2 0 2
560 0 0 2 0 2
570 0 0 2 0 2
580 0 2 2 0 2
590 0 0 2 0 2
600 0 0 2 0 2
610 0 2 2 0 2
620 2 0 2 0 2
630 2 0 0 0 2
640 2 0 0 0 2
650 2 0 0 0 2
660 2 0 0 0 2
670 2 0 0 0 2
680 2 0 0 0 0
690 2 0 0 0 0
700 2 0 0 0 0
710 2 0 0 0 0
720 2 0 0 0 0
730 2 0 0 0 0
740 2 0 0 0 0
750 2 0 0 0 0
760 2 0 0 0 0
770 2 0 0 0 0
780 2 0 0 0 0
790 2 0 0 0 0
800 2 0 0 0 0
810 2 0 0 0 0
820 2 0 0 0 0
830 2 0 0 0 0
840 2 0 0 0 0
850 2 0 0 0 0
860 2 0 0 0 0
870 2 0 0 0 0
880 2 0 0 0 0
890 2 0 0 0 0
900 2 0 0 0 0
910 2 0 0 0 0
920 2 0 0 0 0
930 2 0 0 0 0
940 2 0 0 2 0
950 2 0 2 0 0
960 2 0 2 0 0
970 0 0 2 0 0
980 0 0 2 0 0
990 0 0 2 0 0
1000 0 0 2 0 0
1010 0 0 2 0 0
1020 0 0 2 0 0
1030 0 3 2 0 0
1040 0 3 2 0 0
1050 0 3 2 0 0
1060 0 3 2 0 0
1070 0 3 2 0 0
1080 0 3 2 0 0
1090 0 3 2 0 0
1100 0 3 2 0 0
1110 0 3 2 0 0
1120 0 3 2 0 1
1130 0 3 2 0 1
1140 0 3 2 0 1
1150 0 3 2 0 2
1160 0 3 2 0 2
1170 0 3 2 0 2
1180 0 3 2 0 2
1190 0 3 2 0 2
1200 0 3 2 0 2
1210 0 3 2 0 2
1220 0 3 2 0 2
1230 0 3 2 0 2
1240 0 3 2 0 2
1250 0 3 2 0 2
1260 0 3 2 0 2
1270 0 3 2 0 2
1280 0 3 2 0 2
1290 0 3 2 0 2
1300 0 3 2 0 2
1310 0 3 2 0 2
1320 0 3 2 0 2
1330 0 3 2 0 2
1340 0 3 2 0 2
1350 0 3 2 0 2
1360 0 3 2 0 2
1370 0 0 2 0 2
1380 0 0 2 0 2
1390 0 0 2 0 2
1400 0 0 2 0 2
1410 0 0 2 0 2
1420 0 0 2 0 2
1430 0 2 2 0 2
1440 2 0 2 0 2
1450 2 0 0 0 2
1460 2 0 0 0 2
1470 2 0 0 0 2
1480 2 0 0 0 2
1490 2 0 0 0 2
1500 2 0 0 0 2
1510 2 0 0 0 0
1520 2 0 0 0 0
1530 2 0 0 0 0
1540 2 0 0 0 0
1550 2 0 0 0 0
1560 2 0 0 0 0
1570 2 0 0 0 0
1580 2 0 0 0 0
1590 2 0 0 0 0
1600 2 0 0 0 0
1610 2 0 0 0 0
1620 2 0 0 0 0
1630 2 0 0 0 0
1640 2 0 0 0 0
1650 2 0 0 0 0
1660 2 0 0 0 0
1670 2 0 0 0 0
1680 2 0 0 0 0
1690 2 0 0 0 0
1700 2 0 0 0 0
1710 2 0 0 0 0
1720 2 0 0 0 0
1730 2 0 0 0 0
1740 2 0 0 0 0
1750 2 0 0 0 0
1760 2 0 0 0 0
1770 2 0 0 0 0
1780 2 0 0 0 0
1790 2 0 0 0 0
1800 2 0 0 0 0
1810 2 0 0 2 0
1820 2 0 2 0 0
1830 0 2 2 0 0
1840 0 0 2 0 0
1850 0 0 2 0 0
1860 0 0 2 0 0
1870 0 0 2 0 0
1880 0 0 2 0 0
1890 0 0 2 0 0
1900 0 0 2 0 0
1910 0 0 2 0 0
1920 0 0 2 0 0
1930 0 0 2 0 0
1940 0 0 2 0 1
1950 0 0 2 0 1
1960 0 0 2 0 1
1970 0 0 2 0 1
1980 0 0 2 0 1
1990 0 0 2 0 1
2000 0 0 2 0 2
2010 0 0 2 0 2
2020 0 0 2 0 2
2030 0 0 2 0 2
2040 0 0 2 0 2
2050 0 0 2 0 2
2060 0 0 2 0 2
2070 0 0 2 0 2
2080 0 0 2 0 2
2090 0 0 2 0 2
2100 0 0 2 0 2
2110 0 0 2 0 2
2120 0 0 2 0 2
2130 0 0 2 0 2
2140 0 0 2 0 2
2150 0 0 2 0 2
2160 0 0 2 0 2
2170 0 0 2 0 2
2180 0 0 2 0 2
2190 0 0 2 0 2
2200 0 0 2 0 2
2210 0 0 2 0 2
2220 0 0 2 0 2
2230 0 0 2 0 2
2240 0 0 2 0 2
2250 0 0 2 0 2
2260 0 0 2 0 2
2270 0 0 2 0 2
2280 0 0 2 0 2
2290 0 2 2 0 2
2300 2 0 0 2 2
2310 2 0 0 0 2
2320 2 0 0 0 2
2330 2 0 0 0 2
2340 2 0 0 0 2
2350 2 0 0 0 2
2360 2 0 0 0 2
2370 2 0 0 0 2
2380 2 0 0 0 0
2390 2 0 0 0 0
2400 2 0 0 0 0
2410 2 0 0 0 0
2420 2 0 0 0 0
2430 2 0 0 0 0
2440 2 0 0 0 0
2450 2 0 0 0 0
2460 2 0 0 0 0
2470 2 0 0 0 0
2480 2 0 0 0 0
2490 2 0 0 0 0
2500 2 0 0 0 0
2510 2 0 0 0 0
2520 2 0 0 0 0
2530 2 0 0 0 0
2540 2 0 0 0 0
2550 2 0 0 0 0
2560 2 0 0 0 0
2570 2 0 0 0 0
2580 2 0 0 0 0
2590 2 0 0 0 0
2600 2 0 0 2 0
2610 2 0 0 2 0
2620 2 0 2 0 0
2630 0 0 2 0 0
2640 0 0 2 0 0
2650 0 0 2 0 0
2660 0 0 2 0 0
2670 0 3 2 0 0
2680 0 3 2 0 0
2690 0 3 2 0 0
2700 0 3 2 0 0
2710 0 3 2 0 0
2720 0 3 2 0 0
2730 0 3 2 0 0
2740 0 3 2 0 0
2750 0 3 2 0 0
2760 0 3 2 0 1
2770 0 3 2 0 1
2780 0 3 2 0 2
2790 0 3 2 0 2
2800 0 3 2 0 2
2810 0 3 2 0 2
2820 0 3 2 0 2
2830 0 3 2 0 2
2840 0 3 2 0 2
2850 0 3 2 0 2
2860 0 3 2 0 2
2870 0 3 2 0 2
2880 0 3 2 0 2
2890 0 3 2 0 2
2900 0 3 2 0 2
2910 0 3 2 0 2
2920 0 3 2 0 2
2930 0 3 2 0 2
2940 0 0 2 0 2
2950 0 0 2 0 2
2960 0 0 2 0 2
2970 0 0 2 0 2
2980 0 0 2 0 2
2990 0 0 2 0 2
3000 2 0 0 2 2
3010 2 0 0 2 2
3020 2 0 0 0 2
3030 2 0 0 0 2
3040 2 0 0 0 2
3050 2 0 0 0 2
3060 2 0 0 0 0
3070 2 0 0 0 0
3080 2 0 0 0 0
3090 2 0 0 0 0
3100 2 0 0 0 0
3110 2 0 0 0 0
3120 2 0 0 0 0
3130 0 0 0 0 0
3140 0 0 0 0 1
3150 0 0 0 0 1
3160 0 0 0 0 1
3170 0 0 0 0 1
3180 0 0 0 0 1
3190 0 0 0 0 1
3200 0 0 0 0 1
3210 0 4 0 0 1
3220 0 4 0 0 1
3230 0 4 0 0 1
3240 0 4 0 4 1
3250 0 4 0 4 1
3260 0 4 0 4 1
3270 0 4 0 4 1
3280 0 4 0 4 1
3290 0 4 0 4 1
3300 0 4 0 4 1
3310 0 4 0 4 1
3320 0 4 0 4 1
3330 0 4 0 4 1
3340 0 4 0 4 1
3350 0 4 0 4 1
3360 0 4 0 4 1
3370 0 4 0 4 1
3380 0 4 0 4 1
3390 0 4 0 4 1
3400 0 4 0 4 1
3410 0 4 0 4 1
3420 0 4 0 4 1
3430 0 4 0 4 1
