0 0 0 0 0 2
10 0 0 0 0 2
20 0 0 0 0 2
30 0 0 0 0 2
40 0 0 0 0 2
50 0 0 0 0 2
60 0 0 0 0 2
70 0 0 0 0 2
80 0 0 0 0 2
90 0 0 0 2 2
100 0 0 2 0 2
110 0 0 2 0 2
120 0 0 2 0 2
130 0 0 2 0 2
140 0 0 2 0 2
150 0 0 2 0 2
160 0 0 2 0 0
170 0 0 2 0 0
180 0 0 2 0 0
190 0 0 2 0 0
200 0 0 2 0 0
210 0 0 2 0 0
220 0 0 2 0 1
230 0 0 2 0 1
240 0 0 2 0 1
250 0 0 2 0 1
260 0 0 2 0 2
270 0 0 2 0 2
280 0 0 2 0 2
290 0 0 2 0 2
300 0 0 2 0 2
310 0 0 2 0 2
320 0 0 2 0 2
330 0 0 2 0 2
340 0 0 2 0 2
350 0 0 2 0 2
360 0 0 2 0 2
370 0 0 2 0 2
380 0 0 2 0 2
390 0 0 2 0 2
400 0 0 2 0 2
410 0 0 2 0 2
420 0 0 2 0 2
430 0 0 2 0 2
440 0 0 2 0 2
450 0 0 2 0 2
460 0 0 2 0 2
470 0 0 2 0 2
480 0 0 2 0 2
490 0 2 2 0 2
500 0 2 2 0 2
510 2 0 2 0 2
520 2 0 0 2 2
530 2 0 0 2 2
540 2 0 0 2 2
550 2 0 0 0 2
560 2 0 0 0 2
570 2 0 0 0 2
580 2 0 0 0 2
590 2 0 0 0 0
600 2 0 0 0 0
610 2 0 0 0 0
620 2 0 0 0 0
630 2 0 0 0 0
640 2 0 0 0 0
650 2 0 0 0 0
660 2 0 0 0 0
670 2 0 0 0 0
680 2 0 0 0 0
690 2 0 0 0 0
700 2 0 0 0 0
710 2 0 0 0 0
720 2 0 0 0 0
730 2 0 0 0 0
740 2 0 0 0 0
750 2 0 0 0 0
760 2 0 0 0 0
770 2 0 0 0 0
780 2 0 0 0 0
790 2 0 0 0 0
800 2 0 0 0 0
810 2 0 0 0 0
820 2 0 0 0 0
830 2 0 0 0 0
840 2 0 0 0 0
850 2 0 0 0 0
860 2 0 0 0 0
870 2 0 0 0 0
880 2 0 0 0 0
890 2 0 0 0 0
900 2 0 2 0 0
910 2 0 2 0 0
920 2 0 2 0 0
930 0 0 2 0 0
940 0 0 2 0 0
950 0 0 2 0 0
960 0 0 2 0 0
970 0 0 2 0 0
980 0 0 2 0 0
990 0 0 2 0 1
1000 0 0 2 0 1
1010 0 0 2 0 1
1020 0 0 2 0 2
1030 0 0 2 0 2
1040 0 0 2 0 2
1050 0 0 2 0 2
1060 0 0 2 0 2
1070 0 0 2 0 2
1080 0 0 2 0 2
1090 0 0 2 0 2
1100 0 0 2 0 2
1110 0 0 2 0 2
1120 0 0 2 0 2
1130 0 0 2 0 2
1140 0 0 2 0 2
1150 0 0 2 0 2
1160 0 0 2 0 2
1170 0 0 2 0 2
1180 0 0 2 0 2
1190 0 0 2 0 2
1200 0 0 2 0 2
1210 2 0 0 2 2
1220 2 0 0 2 2
1230 2 0 0 2 2
1240 2 0 0 2 2
1250 2 0 0 0 2
1260 2 0 0 0 2
1270 2 0 0 0 2
1280 2 0 0 0 2
1290 2 0 0 0 2
1300 2 0 0 0 2
1310 2 0 0 0 2
1320 2 0 0 0 2
1330 2 0 0 0 0
1340 2 0 0 0 0
1350 2 0 0 0 0
1360 2 0 0 0 0
1370 2 0 0 0 0
1380 2 0 0 0 0
1390 2 0 0 0 0
1400 2 0 0 0 0
1410 2 0 0 0 0
1420 2 0 0 0 0
1430 2 0 0 0 0
1440 2 0 0 0 0
1450 2 0 0 0 0
1460 2 0 0 0 0
1470 2 0 0 0 0
1480 2 0 0 0 0
1490 2 0 0 0 0
1500 2 0 0 0 0
1510 2 0 2 0 0
1520 0 2 2 0 0
1530 0 0 2 0 0
1540 0 0 2 0 0
1550 0 0 2 0 0
1560 0 0 2 0 0
1570 0 0 2 0 0
1580 0 0 2 0 0
1590 0 0 2 0 0
1600 0 0 2 0 1
1610 0 0 2 0 1
1620 0 0 2 0 1
1630 0 0 2 0 1
1640 0 0 2 0 1
1650 0 0 2 0 2
1660 0 0 2 0 2
1670 0 0 2 0 2
1680 0 0 2 0 2
1690 0 0 2 0 2
1700 0 0 2 0 2
1710 0 0 2 0 2
1720 0 0 2 0 2
1730 0 0 2 0 2
1740 0 0 2 0 2
1750 0 0 2 0 2
1760 0 0 2 0 2
1770 0 0 2 0 2
1780 0 0 2 0 2
1790 0 0 2 0 2
1800 0 0 2 0 2
1810 0 0 2 0 2
1820 0 0 2 0 2
1830 0 0 2 0 2
1840 0 0 2 0 2
1850 0 0 2 0 2
1860 0 0 2 0 2
1870 0 0 2 0 2
1880 0 2 2 0 2
1890 0 2 2 0 2
1900 0 2 2 0 2
1910 0 2 2 0 2
1920 2 0 2 0 2
1930 2 0 2 0 2
1940 2 0 0 2 2
1950 2 0 0 0 2
1960 2 0 0 0 2
1970 2 0 0 0 2
1980 2 0 0 0 2
1990 2 0 0 0 2
2000 2 0 0 0 2
2010 2 0 0 0 2
2020 0 0 0 0 2
2030 0 0 0 0 2
2040 0 0 0 0 2
2050 0 0 0 0 2
2060 0 0 0 0 2
2070 0 2 0 0 2
2080 2 0 0 0 2
2090 2 0 0 0 2
2100 2 0 0 0 2
2110 2 0 0 0 2
2120 2 0 0 0 0
2130 2 0 0 0 0
2140 2 0 0 0 0
2150 2 0 0 0 0
2160 2 0 0 0 0
2170 2 0 0 0 0
2180 2 0 0 0 0
2190 2 0 0 0 0
2200 2 0 0 0 0
2210 2 0 0 0 0
2220 2 0 0 0 0
2230 2 0 0 0 0
2240 2 0 0 0 0
2250 2 0 0 0 0
2260 2 0 0 0 0
2270 2 0 0 0 0
2280 2 0 0 0 0
2290 2 0 0 0 0
2300 2 0 0 0 0
2310 2 0 0 0 0
2320 2 0 0 0 0
2330 2 0 0 0 0
2340 2 0 0 0 0
2350 2 0 0 0 0
2360 2 0 0 2 0
2370 2 0 2 0 0
2380 0 0 2 0 0
2390 0 0 2 0 0
2400 0 0 2 0 0
2410 0 0 2 0 0
2420 0 0 2 0 0
2430 0 0 2 0 1
2440 0 0 2 0 1
2450 0 0 2 0 1
2460 0 0 2 0 1
2470 0 0 2 0 2
2480 0 0 2 0 2
2490 0 0 2 0 2
2500 0 0 2 0 2
2510 0 0 2 0 2
2520 0 0 2 0 2
2530 0 0 2 0 2
2540 0 0 2 0 2
2550 0 0 2 0 2
2560 0 0 2 0 2
2570 0 0 2 0 2
2580 0 0 2 0 2
2590 0 0 2 0 2
2600 0 0 2 0 2
2610 0 0 2 0 2
2620 0 0 2 0 2
2630 0 0 2 0 2
2640 0 0 2 0 2
2650 0 0 2 0 2
2660 0 0 2 0 2
2670 0 0 2 0 2
2680 0 0 2 0 2
2690 0 2 2 0 2
2700 0 2 2 0 2
2710 0 2 2 0 2
2720 0 2 2 0 2
2730 0 0 2 0 2
2740 0 0 0 2 2
2750 0 0 0 2 2
2760 0 0 0 2 2
2770 0 0 0 0 2
2780 0 0 0 0 2
2790 0 0 0 0 2
2800 0 0 0 0 2
2810 0 0 0 0 2
2820 0 2 0 0 2
2830 2 0 0 0 2
2840 2 0 0 0 2
2850 2 0 0 0 2
2860 2 0 0 0 2
2870 2 0 0 0 2
2880 2 0 0 0 2
2890 2 0 0 0 2
2900 2 0 0 0 2
2910 2 0 0 0 2
2920 2 0 0 0 2
2930 2 0 0 0 2
2940 2 0 0 0 2
2950 0 0 0 0 2
2960 0 0 0 0 2
2970 0 2 0 0 2
2980 0 0 0 0 2
2990 0 0 0 0 2
3000 2 0 0 0 2
3010 2 0 0 0 2
3020 2 0 0 0 2
3030 2 0 0 0 2
3040 2 0 0 0 2
3050 2 0 0 0 2
3060 2 0 0 0 2
3070 2 0 0 0 0
3080 2 0 0 0 0
3090 2 0 0 0 0
3100 2 0 0 0 0
3110 2 0 0 0 0
3120 2 0 0 0 0
3130 2 0 0 0 0
3140 2 0 0 0 0
3150 0 0 0 0 1
3160 0 0 0 0 1
3170 0 0 0 0 1
3180 0 0 0 0 1
3190 0 0 0 0 1
3200 0 0 0 0 1
3210 0 0 0 0 1
3220 0 4 0 4 1
3230 0 4 0 4 1
3240 0 4 0 4 1
3250 0 4 0 4 1
3260 0 4 0 4 1
3270 0 4 0 4 1
3280 0 4 0 4 1
3290 0 4 0 4 1
3300 0 4 0 4 1
3310 0 4 0 4 1
3320 0 4 0 4 1
3330 0 4 0 4 1
3340 0 4 0 4 1
3350 0 4 0 4 1
3360 0 4 0 4 1
3370 0 4 0 4 1
3380 0 4 0 4 1
3390 0 4 0 4 1
3400 0 4 0 4 1
3410 0 4 0 4 1
3420 0 4 0 4 1
3430 0 4 0 4 1
