0 0 0 0 0 2
10 0 0 0 0 2
20 0 0 0 0 2
30 0 0 0 0 2
40 0 0 0 0 2
50 0 0 0 0 2
60 0 0 0 0 2
70 0 0 0 0 2
80 0 0 0 0 2
90 0 0 0 0 2
100 0 0 0 0 2
110 0 0 0 2 2
120 0 0 0 0 2
130 0 0 0 0 2
140 0 0 0 2 2
150 0 0 2 0 2
160 0 0 2 0 2
170 0 0 2 0 0
180 0 0 2 0 0
190 0 0 2 0 0
200 0 0 2 0 0
210 0 0 2 0 0
220 0 0 2 0 0
230 0 0 2 0 0
240 0 0 2 0 0
250 0 2 2 0 0
260 2 0 2 0 0
270 2 0 0 0 0
280 2 0 0 0 0
290 2 0 0 0 0
300 2 0 0 0 0
310 2 0 0 0 0
320 2 0 0 0 0
330 2 0 0 2 0
340 2 0 0 2 0
350 2 0 2 0 0
360 0 0 2 0 0
370 0 0 2 0 0
380 0 0 2 0 0
390 0 0 2 0 0
400 0 0 2 0 0
410 0 0 2 0 1
420 0 0 2 0 1
430 0 0 2 0 1
440 0 0 2 0 2
450 0 0 2 0 2
460 0 0 2 0 2
470 0 0 2 0 2
480 0 0 2 0 2
490 0 0 2 0 2
500 0 0 2 0 2
510 0 0 2 0 2
520 0 0 2 0 2
530 0 0 2 0 2
540 2 0 2 0 2
550 2 0 2 0 2
560 2 0 0 0 2
570 2 0 0 0 2
580 2 0 0 0 2
590 2 0 0 0 0
600 2 0 0 0 0
610 2 0 0 0 0
620 2 0 0 0 0
630 2 0 0 0 0
640 2 0 0 0 0
650 2 0 0 3 0
660 2 0 0 3 0
670 2 0 0 3 0
680 2 0 0 0 0
690 2 0 0 0 0
700 2 0 0 0 0
710 2 0 0 3 0
720 2 0 0 3 0
730 2 0 0 3 0
740 2 0 0 0 0
750 2 0 0 0 0
760 2 0 0 0 0
770 2 0 0 0 0
780 2 0 0 0 0
790 2 0 0 3 0
800 2 0 0 3 0
810 2 0 0 3 0
820 2 0 0 3 0
830 2 0 0 3 0
840 2 0 0 3 0
850 2 0 0 0 0
860 2 0 0 0 0
870 2 0 0 0 0
880 2 0 0 0 0
890 2 0 0 0 0
900 2 0 0 0 0
910 2 0 0 0 0
920 2 0 0 0 0
930 2 0 0 0 0
940 2 0 0 0 0
950 2 0 0 0 0
960 2 0 0 2 0
970 2 0 0 2 0
980 2 0 0 2 0
990 2 0 0 2 0
1000 2 0 0 2 0
1010 2 0 0 2 0
1020 2 0 0 2 0
1030 2 0 0 2 0
1040 2 0 0 2 0
1050 2 0 2 0 0
1060 0 0 2 0 0
1070 0 0 2 0 0
1080 0 0 2 0 0
1090 0 3 2 0 0
1100 0 3 2 0 0
1110 0 3 2 0 0
1120 0 3 2 0 0
1130 0 3 2 0 0
1140 0 3 2 0 0
1150 0 3 2 0 1
1160 0 3 2 0 1
1170 0 3 2 0 1
1180 0 3 2 0 1
1190 0 3 2 0 1
1200 0 3 2 0 1
1210 0 3 2 0 2
1220 0 3 2 0 2
1230 0 0 2 0 2
1240 0 0 2 0 2
1250 0 0 2 0 2
1260 0 0 2 0 2
1270 0 0 2 0 2
1280 0 0 2 0 2
1290 0 0 2 0 2
1300 0 0 2 0 2
1310 0 0 2 0 2
1320 0 0 2 0 2
1330 0 4 2 0 2
1340 0 4 2 0 2
1350 0 4 2 0 2
1360 0 4 2 0 2
1370 0 4 2 0 2
1380 0 4 2 0 2
1390 0 4 2 0 2
1400 0 4 2 0 2
1410 0 4 2 0 2
1420 0 4 2 0 2
1430 0 4 2 0 2
1440 0 4 2 0 2
1450 0 4 2 0 2
1460 0 4 2 0 2
1470 0 4 2 0 2
1480 0 4 2 0 2
1490 0 4 2 0 2
1500 0 4 2 0 2
1510 0 4 2 0 2
1520 0 0 2 0 2
1530 0 0 2 0 2
1540 0 0 2 0 2
1550 0 2 2 0 2
1560 2 0 2 0 2
1570 2 0 2 0 2
1580 2 0 0 0 2
1590 2 0 0 0 2
1600 2 0 0 0 0
1610 2 0 0 0 0
1620 2 0 0 0 0
1630 2 0 0 0 0
1640 2 0 0 3 0
1650 2 0 0 3 0
1660 2 0 0 3 0
1670 2 0 0 3 0
1680 2 0 0 3 0
1690 2 0 0 3 0
1700 2 0 0 0 0
1710 2 0 0 0 0
1720 2 0 0 0 0
1730 2 0 0 0 0
1740 2 0 0 0 0
1750 2 0 0 0 0
1760 2 0 0 2 0
1770 2 0 2 0 0
1780 0 2 2 0 0
1790 0 0 2 0 0
1800 0 0 2 0 0
1810 0 0 2 0 0
1820 0 0 2 0 0
1830 3 0 2 0 0
1840 3 0 2 0 0
1850 3 0 2 0 0
1860 3 0 2 0 0
1870 3 0 2 0 0
1880 3 0 2 0 1
1890 3 0 2 0 1
1900 3 0 2 0 1
1910 3 0 2 0 1
1920 3 0 2 0 2
1930 3 0 2 0 2
1940 3 0 2 0 2
1950 3 0 2 0 2
1960 0 3 2 0 2
1970 0 3 2 0 2
1980 0 3 2 0 2
1990 0 3 2 0 2
2000 0 3 2 0 2
2010 0 0 2 0 2
2020 0 0 2 0 2
2030 0 0 2 0 2
2040 0 0 2 0 2
2050 0 0 2 0 2
2060 0 0 2 0 2
2070 2 0 2 0 2
2080 2 0 0 2 2
2090 2 0 0 0 2
2100 2 0 0 0 0
2110 2 0 0 0 0
2120 2 0 0 0 0
2130 2 0 0 0 0
2140 2 0 0 3 0
2150 2 0 0 3 0
2160 2 0 0 3 0
2170 2 0 0 0 0
2180 2 0 0 0 0
2190 2 0 0 0 0
2200 2 0 0 0 0
2210 2 0 0 0 0
2220 2 0 0 2 0
2230 2 0 2 0 0
2240 2 0 2 0 0
2250 0 0 2 0 0
2260 0 0 2 0 0
2270 0 0 2 0 0
2280 0 0 2 0 0
2290 0 0 2 0 0
2300 0 0 2 0 0
2310 0 0 2 0 0
2320 0 0 2 0 1
2330 0 0 2 0 1
2340 0 0 2 0 2
2350 0 0 2 0 2
2360 0 0 2 0 2
2370 0 0 2 0 2
2380 0 3 2 0 2
2390 0 3 2 0 2
2400 0 3 2 0 2
2410 0 0 2 0 2
2420 0 0 2 0 2
2430 0 3 2 0 2
2440 0 3 2 0 2
2450 0 3 2 0 2
2460 0 0 2 0 2
2470 0 3 2 0 2
2480 0 3 2 0 2
2490 0 3 2 0 2
2500 0 3 2 0 2
2510 0 3 2 0 2
2520 0 3 2 0 2
2530 0 3 2 0 2
2540 0 3 2 0 2
2550 0 3 2 0 2
2560 0 3 2 0 2
2570 0 3 2 0 2
2580 0 0 2 0 2
2590 2 0 2 0 2
2600 2 0 0 2 2
2610 2 0 0 0 2
2620 2 0 0 0 0
2630 2 0 0 0 0
2640 2 0 0 0 0
2650 2 0 0 0 0
2660 2 0 0 0 0
2670 0 0 0 0 1
2680 0 0 0 0 1
2690 0 0 0 0 1
2700 0 0 0 0 1
2710 0 0 0 4 1
2720 0 4 0 4 1
2730 0 4 0 4 1
2740 0 4 0 4 1
2750 0 4 0 4 1
2760 0 4 0 4 1
2770 0 4 0 4 1
2780 0 4 0 4 1
2790 0 4 0 4 1
2800 0 4 0 4 1
2810 0 4 0 4 1
