0 0 0 2 0 0
10 0 0 2 0 0
20 0 0 2 0 0
30 0 0 2 0 0
40 0 0 2 0 0
50 0 0 2 0 0
60 2 0 2 0 0
70 2 0 0 0 0
80 2 0 0 0 0
90 2 0 0 0 0
100 2 0 0 0 0
110 2 0 0 0 0
120 2 0 0 0 0
130 2 0 2 0 0
140 2 0 2 0 0
150 0 0 2 0 0
160 0 0 2 0 0
170 0 0 2 0 0
180 0 0 2 0 0
190 0 0 2 0 0
200 0 0 2 0 0
210 0 0 2 0 0
220 0 0 2 0 0
230 0 0 2 0 1
240 0 0 2 0 1
250 0 0 2 0 1
260 0 0 2 0 1
270 0 0 2 0 1
280 0 0 2 0 2
290 0 0 2 0 2
300 0 0 2 0 2
310 0 0 2 0 2
320 0 0 2 0 2
330 0 0 2 0 2
340 0 0 2 0 2
350 0 0 2 0 2
360 0 0 2 0 2
370 0 0 2 0 2
380 0 0 2 0 2
390 0 0 2 0 2
400 0 2 2 0 2
410 2 0 2 0 2
420 2 0 0 2 2
430 2 0 0 0 2
440 2 0 0 0 2
450 2 0 0 0 0
460 2 0 0 0 0
470 2 0 0 0 0
480 2 0 0 0 0
490 2 0 0 0 0
500 2 0 0 0 0
510 2 0 0 0 0
520 2 0 0 0 0
530 2 0 0 0 0
540 2 0 0 0 0
550 2 0 0 0 0
560 2 0 0 0 0
570 2 0 0 0 0
580 2 0 0 2 0
590 2 0 2 0 0
600 0 0 2 0 0
610 0 0 2 0 0
620 0 0 2 0 0
630 0 0 2 0 0
640 0 0 2 0 0
650 0 0 2 0 0
660 0 0 2 0 0
670 0 0 2 0 0
680 0 0 2 0 1
690 0 0 2 0 1
700 0 0 2 0 1
710 0 0 2 0 2
720 0 0 2 0 2
730 0 0 2 0 2
740 0 0 2 0 2
750 0 0 2 0 2
760 0 0 2 0 2
770 0 0 2 0 2
780 0 0 2 0 2
790 0 0 2 0 2
800 0 0 2 0 2
810 0 0 2 0 2
820 0 0 2 0 2
830 0 0 2 0 2
840 0 0 2 0 2
850 0 2 2 0 2
860 2 0 2 0 2
870 2 0 0 0 2
880 2 0 0 0 2
890 2 0 0 0 0
900 2 0 0 0 0
910 2 0 0 0 0
920 2 0 0 0 0
930 2 0 0 0 0
940 2 0 0 0 0
950 2 0 0 0 0
960 2 0 0 0 0
970 2 0 0 0 0
980 2 0 0 0 0
990 2 0 0 0 0
1000 2 0 0 0 0
1010 2 0 0 0 0
1020 2 0 0 2 0
1030 0 2 2 0 0
1040 0 0 2 0 0
1050 0 0 2 0 0
1060 0 0 2 0 0
1070 0 0 2 0 0
1080 0 0 2 0 0
1090 0 0 2 0 0
1100 2 0 2 0 0
1110 2 0 2 0 0
1120 2 0 0 0 0
1130 2 0 0 0 0
1140 2 0 0 2 0
1150 2 0 0 2 0
1160 2 0 2 0 0
1170 2 0 2 0 0
1180 0 2 2 0 0
1190 0 0 2 0 0
1200 0 0 2 0 0
1210 0 0 2 0 0
1220 0 0 2 0 0
1230 0 0 2 0 0
1240 0 0 2 0 0
1250 0 0 2 0 0
1260 0 0 2 0 0
1270 0 0 2 0 1
1280 0 0 2 0 1
1290 0 0 2 0 1
1300 0 0 2 0 1
1310 0 0 2 0 1
1320 0 0 2 0 1
1330 0 0 2 0 1
1340 0 0 2 0 1
1350 0 0 2 0 1
1360 0 0 2 0 1
1370 0 0 2 0 1
1380 0 0 2 0 1
1390 0 0 2 0 1
1400 0 0 2 0 1
1410 0 0 2 0 2
1420 0 0 2 0 2
1430 0 0 2 0 2
1440 0 0 2 0 2
1450 0 0 2 0 2
1460 0 0 2 0 2
1470 0 0 2 0 2
1480 0 0 2 0 2
1490 0 0 2 0 2
1500 0 0 2 0 2
1510 0 0 2 0 2
1520 0 0 2 0 2
1530 0 0 2 0 2
1540 0 0 2 0 2
1550 0 0 2 0 2
1560 0 0 2 0 2
1570 0 0 2 0 2
1580 0 2 2 0 2
1590 0 2 2 0 2
1600 2 0 2 0 2
1610 2 0 0 2 2
1620 2 0 0 0 2
1630 2 0 0 0 0
1640 2 0 0 0 0
1650 2 0 0 0 0
1660 2 0 0 0 0
1670 2 0 0 0 0
1680 2 0 0 0 0
1690 2 0 0 0 0
1700 2 0 0 0 0
1710 2 0 0 0 0
1720 2 0 0 0 0
1730 2 0 0 0 0
1740 2 0 0 2 0
1750 2 0 0 2 0
1760 2 0 2 0 0
1770 0 0 2 0 0
1780 0 0 2 0 0
1790 0 0 2 0 0
1800 0 0 2 0 0
1810 0 0 2 0 0
1820 0 0 2 0 0
1830 0 0 2 0 0
1840 0 0 2 0 0
1850 0 0 2 0 0
1860 0 0 2 0 0
1870 0 0 2 0 0
1880 0 0 2 0 1
1890 0 0 2 0 1
1900 0 0 2 0 1
1910 0 0 2 0 1
1920 0 0 2 0 2
1930 0 0 2 0 2
1940 0 0 2 0 2
1950 0 0 2 0 2
1960 0 0 2 0 2
1970 0 0 2 0 2
1980 0 0 2 0 2
1990 0 0 2 0 2
2000 0 0 2 0 2
2010 0 0 2 0 2
2020 0 0 2 0 2
2030 0 0 2 0 2
2040 0 0 2 0 2
2050 0 0 2 0 2
2060 0 0 2 0 2
2070 2 0 2 0 2
2080 2 0 0 2 2
2090 2 0 0 0 2
2100 2 0 0 0 0
2110 2 0 0 0 0
2120 2 0 0 0 0
2130 2 0 0 0 0
2140 2 0 0 0 0
2150 2 0 0 0 0
2160 2 0 0 0 0
2170 2 0 0 0 0
2180 2 0 0 0 0
2190 2 0 0 0 0
2200 2 0 0 0 0
2210 2 0 0 0 0
2220 2 0 2 0 0
2230 0 0 2 0 0
2240 0 0 2 0 0
2250 0 0 2 0 0
2260 0 0 2 0 0
2270 0 0 2 0 0
2280 0 0 2 0 1
2290 0 0 2 0 1
2300 0 0 2 0 2
2310 0 0 2 0 2
2320 0 0 0 0 2
2330 0 0 0 0 2
2340 0 0 0 0 2
2350 0 0 0 4 2
2360 0 4 0 4 2
2370 0 4 0 4 2
