0 0 0 0 2 2
10 0 0 0 2 2
20 0 0 0 2 2
30 0 0 0 2 2
40 0 0 0 0 2
50 0 0 0 2 2
60 0 0 2 0 2
70 0 0 2 0 0
80 0 0 2 0 0
90 0 0 2 0 0
100 0 0 2 0 0
110 0 0 2 0 0
120 0 0 2 0 0
130 0 2 2 0 0
140 2 0 2 0 0
150 2 0 0 2 0
160 2 0 0 0 0
170 2 0 0 0 0
180 2 0 0 0 0
190 2 0 0 2 0
200 2 0 0 2 0
210 2 0 2 0 0
220 0 0 2 0 0
230 0 0 2 0 0
240 0 0 2 0 0
250 0 0 2 0 0
260 0 0 2 0 0
270 0 0 2 0 0
280 0 0 2 0 0
290 0 0 2 0 1
300 0 0 2 0 1
310 0 0 2 0 2
320 0 0 2 0 2
330 0 0 2 0 2
340 0 0 2 0 2
350 0 0 2 0 2
360 0 0 2 0 2
370 0 0 2 0 2
380 0 2 2 0 2
390 2 0 2 0 2
400 2 0 0 2 2
410 2 0 0 3 2
420 2 0 0 3 2
430 2 0 0 0 0
440 2 0 0 0 0
450 2 0 0 0 0
460 2 0 0 0 0
470 2 0 0 0 0
480 2 0 0 0 0
490 2 0 0 0 0
500 2 0 0 0 0
510 2 0 0 0 0
520 2 0 0 0 0
530 2 0 0 0 0
540 2 0 0 0 0
550 2 0 0 0 0
560 2 0 0 0 0
570 2 0 2 0 0
580 0 0 2 0 0
590 0 0 2 0 0
600 0 0 2 0 1
610 0 3 2 0 1
620 0 3 2 0 0
630 0 3 2 0 0
640 0 3 2 0 0
650 0 3 2 0 0
660 0 3 2 0 0
670 0 3 2 0 0
680 0 3 2 0 0
690 0 3 2 0 1
700 0 3 2 0 1
710 0 3 2 0 1
720 0 3 2 0 1
730 0 3 2 0 1
740 0 3 2 0 2
750 0 3 2 0 2
760 0 0 2 0 2
770 0 0 2 0 2
780 0 0 2 0 2
790 0 0 2 0 2
800 0 0 2 0 2
810 0 0 2 0 2
820 0 0 2 0 2
830 0 0 2 0 2
840 0 0 2 0 2
850 0 0 2 0 2
860 2 0 2 0 2
870 2 0 0 2 2
880 2 0 0 2 2
890 2 0 0 2 2
900 2 0 0 0 2
910 2 0 0 0 2
920 2 0 0 0 0
930 2 0 0 0 0
940 2 0 0 0 0
950 2 0 0 0 0
960 2 0 0 0 0
970 2 0 0 0 0
980 2 0 0 0 0
990 2 0 0 0 0
1000 2 0 0 0 0
1010 2 0 0 0 0
1020 2 0 0 0 0
1030 2 0 0 0 0
1040 2 0 0 0 0
1050 2 0 0 0 0
1060 2 0 0 0 0
1070 2 0 0 0 0
1080 2 0 0 0 0
1090 2 0 0 0 0
1100 2 0 0 0 0
1110 2 0 0 0 0
1120 2 0 0 0 0
1130 2 0 0 0 0
1140 2 0 0 0 0
1150 2 0 0 2 0
1160 2 0 2 0 0
1170 0 0 2 0 0
1180 0 0 2 0 0
1190 0 0 2 0 0
1200 0 0 2 0 0
1210 0 2 2 0 0
1220 2 0 2 0 0
1230 2 0 0 0 0
1240 2 0 0 0 0
1250 2 0 0 0 0
1260 2 0 0 2 0
1270 2 0 0 2 0
1280 2 0 2 0 0
1290 0 0 2 0 0
1300 0 0 2 0 0
1310 0 0 2 0 0
1320 0 0 2 0 0
1330 0 0 2 0 0
1340 0 0 2 0 0
1350 0 0 2 0 0
1360 0 0 2 0 1
1370 0 0 2 0 1
1380 0 0 2 0 1
1390 0 0 2 0 2
1400 0 3 2 0 2
1410 0 3 2 0 2
1420 0 3 2 0 2
1430 0 3 2 0 2
1440 0 0 2 0 2
1450 0 0 2 0 2
1460 0 0 2 0 2
1470 0 0 2 0 2
1480 0 2 2 0 2
1490 2 0 2 0 2
1500 2 0 0 2 2
1510 2 0 0 0 2
1520 2 0 0 0 2
1530 2 0 0 0 0
1540 2 0 0 0 0
1550 2 0 0 0 0
1560 2 0 0 0 0
1570 2 0 0 0 0
1580 2 0 0 0 0
1590 2 0 0 0 0
1600 2 0 0 0 0
1610 2 0 0 0 0
1620 2 0 0 0 0
1630 2 0 0 0 0
1640 2 0 0 0 0
1650 2 0 0 0 0
1660 2 0 0 0 0
1670 2 0 0 0 0
1680 2 0 2 0 0
1690 0 0 2 0 0
1700 0 0 2 0 0
1710 0 0 2 0 0
1720 0 3 2 0 0
1730 0 3 2 0 0
1740 0 3 2 0 0
1750 0 3 2 0 0
1760 0 3 2 0 1
1770 0 3 2 0 1
1780 0 3 2 0 1
1790 0 3 2 0 1
1800 0 3 2 0 1
1810 0 3 2 0 2
1820 0 3 2 0 2
1830 0 3 2 0 2
1840 0 3 2 0 2
1850 0 3 2 0 2
1860 0 3 2 0 2
1870 0 3 2 0 2
1880 0 3 2 0 0
1890 0 3 2 0 0
1900 0 3 2 0 1
1910 0 3 2 0 1
1920 0 3 2 0 1
1930 0 3 2 0 1
1940 0 3 2 0 2
1950 0 3 2 0 2
1960 0 3 2 0 2
1970 0 0 2 0 2
1980 0 0 2 0 2
1990 0 0 2 0 2
2000 0 0 2 0 2
2010 0 0 2 0 2
2020 0 0 2 0 2
2030 0 0 2 0 2
2040 0 0 2 0 2
2050 0 0 2 0 2
2060 0 0 2 0 2
2070 0 0 2 0 2
2080 0 0 2 0 2
2090 0 0 2 0 2
2100 0 0 2 0 2
2110 0 0 2 0 2
2120 0 0 2 0 2
2130 0 0 2 0 2
2140 0 0 2 0 2
2150 0 2 2 0 2
2160 0 0 2 0 2
2170 0 0 2 0 2
2180 0 2 2 0 2
2190 2 0 0 2 2
2200 2 0 0 0 2
2210 2 0 0 0 2
2220 2 0 0 0 0
2230 2 0 0 0 0
2240 2 0 0 0 0
2250 2 0 0 0 0
2260 2 0 0 0 0
2270 2 0 0 0 0
2280 2 0 0 0 0
2290 2 0 0 0 0
2300 2 0 0 0 0
2310 2 0 0 0 0
2320 2 0 0 0 0
2330 2 0 0 2 0
2340 2 0 2 0 0
2350 0 0 2 0 0
2360 0 0 2 0 0
2370 0 0 2 0 0
2380 0 0 2 0 0
2390 0 0 2 0 0
2400 0 0 2 0 0
2410 0 0 2 0 1
2420 0 0 2 0 1
2430 0 0 2 0 1
2440 0 0 2 0 2
2450 0 0 2 0 2
2460 0 0 2 0 2
2470 0 0 0 0 2
2480 0 2 0 0 2
2490 0 2 0 0 2
2500 0 2 0 0 2
2510 0 2 0 4 2
2520 0 2 0 4 2
2530 0 2 0 4 2
2540 0 2 0 4 2
2550 0 2 0 4 2
2560 0 2 0 4 2
2570 0 2 0 4 2
2580 0 2 0 4 2
