0 0 0 2 0 2
10 0 0 2 0 2
20 0 0 2 0 2
30 0 0 2 0 2
40 0 0 2 0 0
50 0 0 2 0 0
60 0 0 2 0 0
70 0 0 2 0 0
80 0 0 2 0 0
90 0 0 2 0 0
100 0 0 2 0 0
110 0 0 2 0 0
120 0 0 2 0 0
130 0 0 2 0 0
140 0 0 2 0 0
150 0 0 2 0 0
160 2 0 2 0 0
170 2 0 2 0 0
180 2 0 0 2 0
190 2 0 0 0 0
200 2 0 0 0 0
210 2 0 0 0 0
220 2 0 0 0 0
230 2 0 0 0 0
240 2 0 0 0 0
250 2 0 0 0 0
260 2 0 2 0 0
270 2 0 0 0 0
280 2 0 0 0 0
290 2 0 0 0 0
300 2 0 0 0 0
310 2 0 2 0 0
320 2 0 2 0 0
330 2 0 2 0 0
340 2 0 2 0 0
350 2 0 2 0 0
360 2 0 2 0 0
370 0 2 2 0 0
380 0 0 2 0 0
390 0 0 2 0 0
400 0 0 2 0 0
410 0 0 2 0 0
420 0 0 2 0 0
430 0 0 2 0 0
440 0 0 2 0 0
450 0 0 2 0 0
460 0 0 2 0 0
470 0 0 2 0 0
480 0 0 2 0 0
490 0 0 2 0 0
500 0 0 2 0 1
510 0 0 2 0 1
520 0 0 2 0 2
530 0 0 2 0 2
540 0 0 2 0 2
550 0 0 2 0 2
560 0 0 2 0 2
570 0 0 2 0 2
580 0 0 2 0 2
590 0 0 2 0 2
600 0 0 2 0 2
610 0 0 2 0 2
620 0 0 2 0 2
630 0 0 2 0 2
640 0 0 2 0 2
650 0 0 2 0 2
660 0 0 2 0 2
670 0 0 2 0 2
680 0 0 2 0 2
690 0 0 2 0 2
700 0 0 2 0 2
710 0 0 2 0 2
720 0 0 2 0 2
730 0 0 2 0 2
740 0 0 2 0 2
750 0 0 2 0 2
760 0 0 2 0 2
770 0 0 2 0 2
780 2 0 2 0 2
790 2 0 0 2 2
800 2 0 0 0 2
810 2 0 0 0 2
820 2 0 0 0 2
830 2 0 0 0 2
840 2 0 0 0 2
850 2 0 0 0 2
860 2 0 0 0 2
870 2 0 0 0 2
880 2 0 0 0 0
890 2 0 0 0 0
900 2 0 0 0 0
910 2 0 0 0 0
920 2 0 0 0 0
930 2 0 0 0 0
940 2 0 0 0 0
950 2 0 0 0 0
960 2 0 0 0 0
970 2 0 0 0 0
980 2 0 0 0 0
990 2 0 0 0 0
1000 2 0 0 0 0
1010 2 0 0 0 0
1020 2 0 0 0 0
1030 2 0 0 0 0
1040 2 0 0 0 0
1050 2 0 0 0 0
1060 2 0 0 0 0
1070 2 0 0 0 0
1080 2 0 0 0 0
1090 2 0 0 0 0
1100 2 0 0 0 0
1110 2 0 0 2 0
1120 2 0 2 0 0
1130 2 0 2 0 0
1140 0 0 2 0 0
1150 0 0 2 0 0
1160 0 0 2 0 0
1170 0 0 2 0 0
1180 0 0 2 0 0
1190 0 0 2 0 0
1200 0 0 2 0 0
1210 0 0 2 0 0
1220 0 3 2 0 0
1230 3 0 2 0 0
1240 3 0 2 0 0
1250 3 0 2 0 0
1260 3 0 2 0 0
1270 3 0 2 0 0
1280 3 0 2 0 0
1290 3 0 2 0 0
1300 3 0 2 0 0
1310 3 0 2 0 0
1320 3 0 2 0 0
1330 0 3 2 0 0
1340 0 0 2 0 0
1350 0 0 2 0 0
1360 0 0 2 0 0
1370 0 0 2 0 0
1380 0 0 2 0 0
1390 0 0 2 0 0
1400 0 0 2 0 0
1410 0 0 2 0 0
1420 0 0 2 0 0
1430 0 0 2 0 0
1440 0 0 2 0 0
1450 0 0 2 0 1
1460 0 0 2 0 0
1470 0 0 2 0 0
1480 0 0 2 0 1
1490 0 0 2 0 1
1500 0 0 2 0 1
1510 0 0 2 0 1
1520 0 0 2 0 1
1530 0 0 2 0 2
1540 0 0 2 0 2
1550 0 0 2 0 2
1560 0 0 2 0 2
1570 0 0 2 0 2
1580 0 0 2 0 2
1590 0 0 2 0 2
1600 0 0 2 0 2
1610 0 0 2 0 2
1620 0 0 2 0 2
1630 0 0 2 0 2
1640 0 0 2 0 2
1650 0 0 2 0 2
1660 0 0 2 0 2
1670 0 0 2 0 2
1680 0 0 2 0 2
1690 0 0 2 0 2
1700 0 0 2 0 2
1710 0 0 2 0 2
1720 0 0 2 0 2
1730 0 0 2 0 2
1740 0 0 2 0 2
1750 0 0 2 0 2
1760 0 0 2 0 2
1770 0 0 2 0 2
1780 0 0 2 0 2
1790 0 0 2 0 2
1800 0 0 2 0 2
1810 0 0 2 0 2
1820 0 0 2 0 2
1830 0 0 2 0 2
1840 0 0 2 0 2
1850 0 0 2 0 2
1860 0 0 2 0 2
1870 0 0 2 0 2
1880 0 2 2 0 2
1890 0 2 2 0 2
1900 2 0 0 0 2
1910 2 0 0 0 2
1920 2 0 0 0 2
1930 2 0 0 0 2
1940 2 0 0 0 2
1950 2 0 0 0 2
1960 2 0 0 0 2
1970 2 0 0 0 2
1980 2 0 0 0 2
1990 2 0 0 0 2
2000 2 0 2 0 2
2010 0 0 2 0 2
2020 0 0 2 0 2
2030 0 0 2 0 2
2040 0 0 2 0 2
2050 0 0 2 0 2
2060 0 0 2 0 2
2070 0 0 2 0 2
2080 0 0 2 0 2
2090 0 0 2 0 2
2100 0 0 2 0 2
2110 0 0 2 0 2
2120 0 0 2 0 2
2130 0 0 2 0 2
2140 0 0 2 0 2
2150 0 0 2 0 2
2160 0 0 2 0 2
2170 0 0 2 0 2
2180 0 0 2 0 2
2190 0 0 2 0 2
2200 0 0 2 0 2
2210 0 0 2 0 2
2220 0 0 2 0 2
2230 0 0 2 0 2
2240 0 0 2 0 2
2250 0 0 2 0 2
2260 0 0 2 0 2
2270 0 0 2 0 2
2280 0 0 2 0 2
2290 0 0 2 0 2
2300 0 0 2 0 2
2310 0 0 2 0 2
2320 0 0 2 0 2
2330 0 0 2 0 2
2340 0 0 2 0 2
2350 0 0 2 0 2
2360 0 0 2 0 2
2370 0 0 2 0 2
2380 0 0 2 0 2
2390 0 0 2 0 2
2400 0 0 2 0 2
2410 0 0 2 0 2
2420 2 0 2 0 2
2430 2 0 2 0 2
2440 2 0 0 0 2
2450 2 0 0 0 2
2460 2 0 0 0 2
2470 2 0 0 0 2
2480 2 0 0 0 2
2490 2 0 0 0 0
2500 2 0 0 0 0
2510 2 0 0 0 0
2520 2 0 0 0 0
2530 2 0 0 0 0
2540 2 0 0 0 0
2550 2 0 0 0 0
2560 2 0 0 0 0
2570 2 0 0 0 0
2580 2 0 0 0 0
2590 2 0 0 0 0
2600 2 0 2 0 0
2610 2 0 2 0 0
2620 2 0 2 0 0
2630 0 0 2 0 0
2640 0 0 2 0 0
2650 0 0 2 0 0
2660 0 0 2 0 0
2670 0 0 2 0 0
2680 0 0 2 0 0
2690 0 0 2 0 1
2700 0 0 2 0 1
2710 0 0 2 0 1
2720 0 0 2 0 1
2730 0 0 2 0 2
2740 0 0 2 0 2
2750 0 0 2 0 2
2760 0 0 2 0 2
2770 0 0 2 0 2
2780 0 0 2 0 2
2790 0 0 2 0 2
2800 0 0 2 0 2
2810 0 0 2 0 2
2820 0 0 2 0 2
2830 0 0 2 0 2
2840 0 0 2 0 2
2850 0 0 2 0 2
2860 0 0 2 0 2
2870 0 0 2 0 2
2880 0 0 2 0 2
2890 0 0 2 0 2
2900 0 2 2 0 2
2910 0 2 2 0 2
2920 2 0 2 0 2
2930 2 0 0 0 2
2940 2 0 0 0 2
2950 2 0 0 0 2
2960 2 0 0 0 2
2970 2 0 0 0 2
2980 2 0 2 0 2
2990 2 0 2 0 2
3000 0 0 2 0 2
3010 0 0 2 0 2
3020 0 0 2 0 2
3030 0 0 2 0 2
3040 0 0 2 0 2
3050 0 0 2 0 2
3060 0 0 2 0 2
3070 0 0 2 0 2
3080 0 0 2 0 2
3090 0 0 2 0 2
3100 2 0 2 0 2
3110 2 0 2 0 2
3120 2 0 0 0 2
3130 2 0 0 0 2
3140 2 0 0 0 2
3150 2 0 0 0 2
3160 2 0 0 0 0
3170 2 0 0 0 0
3180 2 0 0 0 0
3190 2 0 0 0 0
3200 2 0 0 0 0
3210 2 0 0 0 0
3220 2 0 0 0 0
3230 2 0 0 0 0
3240 2 0 2 0 0
3250 0 0 2 0 0
3260 0 0 2 0 0
3270 0 0 2 0 0
3280 0 0 2 0 0
3290 0 0 2 0 0
3300 0 0 2 0 0
3310 0 0 2 0 0
3320 0 0 2 0 0
3330 2 0 2 0 0
3340 2 0 0 0 0
3350 2 0 0 0 0
3360 2 0 0 0 0
3370 2 0 0 0 0
3380 2 0 2 0 0
3390 2 0 2 0 0
3400 2 0 2 0 0
3410 2 0 0 2 0
3420 2 0 0 2 0
3430 2 0 0 2 0
3440 2 0 0 2 0
3450 2 0 0 2 0
3460 2 0 2 0 0
3470 2 0 2 0 0
3480 2 0 2 0 0
3490 2 0 2 0 0
3500 2 0 2 0 0
3510 0 0 2 0 0
3520 0 0 2 0 0
3530 0 0 2 0 0
3540 0 0 2 0 0
3550 0 0 2 0 0
3560 0 0 2 0 1
3570 0 0 2 0 1
3580 0 0 2 0 1
3590 0 0 2 0 1
3600 0 0 2 0 1
3610 0 0 2 0 2
3620 0 0 2 0 2
3630 0 0 2 0 2
3640 0 0 2 0 2
3650 0 0 2 0 2
3660 0 0 2 0 2
3670 0 0 2 0 2
3680 0 0 2 0 2
3690 0 0 2 0 2
3700 0 0 2 0 2
3710 0 0 2 0 2
3720 0 0 2 0 2
3730 0 0 2 0 2
3740 0 0 2 0 2
3750 0 0 2 0 2
3760 0 0 2 0 2
3770 0 0 2 0 2
3780 0 0 2 0 2
3790 0 0 2 0 2
3800 0 0 2 0 2
3810 0 0 2 0 2
3820 0 0 2 0 2
3830 0 0 2 0 2
3840 0 0 2 0 2
3850 0 0 2 0 2
3860 0 0 2 0 2
3870 0 0 2 0 2
3880 0 0 2 0 2
3890 0 0 2 0 2
3900 0 0 2 0 2
3910 0 0 2 0 2
3920 0 0 2 0 2
3930 0 0 2 0 2
3940 0 0 2 0 2
3950 0 0 2 0 2
3960 0 0 2 0 2
3970 2 0 2 0 2
3980 2 0 2 0 2
3990 2 0 0 0 2
4000 2 0 0 0 2
4010 2 0 0 0 2
4020 2 0 0 0 2
4030 2 0 0 0 2
4040 2 0 0 2 2
4050 2 0 0 2 2
4060 2 0 0 2 2
4070 2 0 2 0 2
4080 0 0 2 0 2
4090 0 0 2 0 2
4100 0 0 2 0 2
4110 0 0 2 0 2
4120 0 0 2 0 2
4130 0 0 2 0 2
4140 0 0 2 0 2
4150 0 0 2 0 2
4160 0 0 2 0 2
4170 0 0 2 0 2
4180 0 0 2 0 2
4190 0 0 2 0 2
4200 0 0 2 0 2
4210 0 0 2 0 2
4220 0 0 2 0 2
4230 0 0 2 0 2
4240 0 0 2 0 2
4250 0 0 2 0 2
4260 0 2 2 0 2
4270 0 2 2 0 2
4280 2 0 2 0 2
4290 2 0 0 2 2
4300 2 0 0 0 2
4310 2 0 0 0 2
4320 2 0 0 0 2
4330 2 0 0 0 2
4340 2 0 0 0 2
4350 2 0 0 0 2
4360 2 0 0 0 0
4370 2 0 0 0 0
4380 2 0 0 0 0
4390 2 0 0 0 0
4400 2 0 0 0 0
4410 2 0 0 0 0
4420 2 0 0 0 0
4430 2 0 0 0 0
4440 2 0 0 0 0
4450 2 0 0 0 0
4460 2 0 0 0 0
4470 2 0 0 0 0
4480 2 0 0 0 0
4490 2 0 0 0 0
4500 2 0 0 0 0
4510 2 0 0 0 0
4520 2 0 0 0 0
4530 2 0 0 0 0
4540 2 0 2 0 0
4550 2 0 2 0 0
4560 0 0 2 0 0
4570 0 0 2 0 0
4580 0 0 2 0 0
4590 0 0 2 0 0
4600 0 0 2 0 0
4610 0 0 2 0 0
4620 0 0 2 0 0
4630 0 0 2 0 0
4640 0 0 2 0 0
4650 0 0 2 0 0
4660 0 0 2 0 0
4670 0 0 2 0 0
4680 0 0 2 0 0
4690 0 0 2 0 0
4700 0 0 2 0 0
4710 0 0 2 0 0
4720 0 0 2 0 0
4730 0 0 2 0 0
4740 0 0 2 0 0
4750 0 0 2 0 0
4760 0 0 2 0 0
4770 0 0 2 0 0
4780 0 0 2 0 0
4790 0 0 2 0 0
4800 0 0 2 0 0
4810 0 0 2 0 0
4820 0 0 2 0 0
4830 0 0 2 0 1
4840 0 0 2 0 1
4850 0 0 2 0 1
4860 0 0 2 0 1
4870 0 0 2 0 1
4880 0 0 2 0 1
4890 0 0 2 0 1
4900 0 0 2 0 1
4910 0 0 2 0 1
4920 0 0 2 0 2
4930 0 0 2 0 2
4940 0 0 2 0 2
4950 0 0 2 0 2
4960 0 0 2 0 2
4970 0 0 2 0 2
4980 0 0 2 0 2
4990 0 0 2 0 2
5000 0 0 2 0 2
5010 0 0 2 0 2
5020 0 0 2 0 2
5030 0 0 2 0 2
5040 0 0 2 0 2
5050 0 0 2 0 2
5060 0 2 2 0 2
5070 0 2 2 0 2
5080 0 2 2 0 2
5090 2 0 2 0 2
5100 2 0 0 0 2
5110 2 0 0 0 2
5120 2 0 0 0 2
5130 2 0 0 0 2
5140 2 0 0 0 2
5150 2 0 0 0 2
5160 2 0 0 0 2
5170 2 0 0 0 2
5180 2 0 0 0 2
5190 2 0 0 2 2
5200 2 0 0 2 2
5210 2 0 0 0 2
5220 2 0 0 0 2
5230 2 0 0 0 2
5240 2 0 2 0 2
5250 2 0 2 0 2
5260 0 2 2 0 2
5270 0 0 2 0 2
5280 0 0 2 0 2
5290 0 0 2 0 2
5300 0 0 2 0 2
5310 0 0 2 0 2
5320 0 0 2 0 2
5330 0 0 2 0 2
5340 0 0 2 0 2
5350 0 0 2 0 2
5360 0 0 2 0 2
5370 0 0 2 0 2
5380 0 0 2 0 2
5390 0 0 2 0 2
5400 0 0 2 0 2
5410 0 0 2 0 2
5420 0 0 2 0 2
5430 0 0 2 0 2
5440 0 0 2 0 2
5450 0 0 2 0 2
5460 0 0 2 0 2
5470 0 0 2 0 2
5480 0 0 2 0 2
5490 0 0 2 0 2
5500 0 0 2 0 2
5510 0 0 2 0 2
5520 0 0 2 0 2
5530 0 0 2 0 2
5540 0 0 2 0 2
5550 2 0 2 0 2
5560 2 0 2 0 2
5570 2 0 0 2 2
5580 2 0 0 0 2
5590 2 0 0 0 2
5600 2 0 0 0 2
5610 2 0 0 0 2
5620 2 0 2 0 2
5630 2 0 2 0 2
5640 0 0 2 0 2
5650 0 0 2 0 2
5660 0 0 2 0 2
5670 0 0 2 0 2
5680 0 0 2 0 2
5690 0 0 2 0 2
5700 0 0 2 0 2
5710 0 0 2 0 2
5720 0 0 2 0 2
5730 0 0 2 0 2
5740 0 0 2 0 2
5750 0 0 2 0 2
5760 0 0 2 0 2
5770 0 0 2 0 2
5780 0 0 2 0 2
5790 0 0 2 0 2
5800 0 0 2 0 2
5810 0 0 2 0 2
5820 0 0 2 0 2
5830 2 0 2 0 2
5840 2 0 2 0 2
5850 2 0 0 0 2
5860 2 0 0 0 2
5870 2 0 0 0 2
5880 2 0 0 0 2
5890 2 0 0 0 2
5900 2 0 0 0 2
5910 2 0 0 0 2
5920 2 0 0 0 2
5930 2 0 0 0 2
5940 2 0 0 0 2
5950 2 0 0 0 2
5960 2 0 0 0 2
5970 2 0 0 0 0
5980 2 0 0 0 0
5990 2 0 0 0 0
6000 2 0 0 0 0
6010 2 0 0 0 0
6020 2 0 0 0 0
6030 2 0 0 0 0
6040 2 0 0 0 0
6050 2 0 0 0 0
6060 2 0 0 0 0
6070 0 0 0 0 0
6080 0 0 0 0 0
6090 0 0 0 0 0
6100 0 0 0 0 0
6110 0 0 0 0 0
6120 0 0 0 0 0
6130 0 0 0 0 0
6140 0 0 0 0 0
6150 2 0 0 0 0
6160 2 0 0 0 0
6170 2 0 0 0 0
6180 2 0 0 0 0
6190 2 0 0 0 0
6200 2 0 0 0 0
6210 2 0 0 0 0
6220 2 0 0 0 0
6230 2 0 0 0 0
6240 2 0 0 0 0
6250 2 0 0 0 0
6260 2 0 0 0 0
6270 2 0 0 0 0
6280 2 0 0 0 0
6290 2 0 0 0 0
6300 2 0 0 0 0
6310 2 0 0 0 0
6320 2 0 0 0 0
6330 2 0 0 0 0
6340 2 0 0 0 0
6350 2 0 0 0 0
6360 2 0 0 2 0
6370 2 0 0 2 0
6380 2 0 2 0 0
6390 2 0 2 0 0
6400 0 2 2 0 0
6410 0 2 2 0 0
6420 0 0 2 0 0
6430 0 0 2 0 0
6440 0 0 2 0 0
6450 0 0 2 0 0
6460 0 0 2 0 0
6470 0 0 2 0 0
6480 0 0 2 0 0
6490 0 0 2 0 0
6500 0 0 2 0 0
6510 0 0 2 0 0
6520 0 0 2 0 1
6530 0 0 2 0 1
6540 0 0 2 0 1
6550 0 0 2 0 1
6560 0 0 2 0 1
6570 0 0 2 0 1
6580 0 0 2 0 2
6590 0 0 2 0 2
6600 0 0 2 0 2
6610 0 0 2 0 2
6620 0 0 2 0 2
6630 0 0 2 0 2
6640 0 0 2 0 2
6650 0 0 2 0 2
6660 0 0 2 0 2
6670 0 0 2 0 2
6680 0 0 2 0 2
6690 0 0 2 0 2
6700 0 0 2 0 2
6710 0 0 2 0 2
6720 0 0 2 0 2
6730 0 0 2 0 2
6740 0 0 2 0 2
6750 0 0 2 0 2
6760 0 0 2 0 2
6770 0 0 2 0 2
6780 0 0 2 0 2
6790 0 0 2 0 2
6800 0 0 2 0 2
6810 0 0 2 0 2
6820 0 0 2 0 2
6830 0 0 2 0 2
6840 0 0 2 0 2
6850 0 0 2 0 2
6860 0 0 2 0 2
6870 0 0 2 0 2
6880 0 0 2 0 2
6890 0 0 2 0 2
6900 0 0 2 0 2
6910 0 0 0 0 2
6920 0 0 0 0 2
6930 0 0 0 0 2
6940 0 0 0 0 2
6950 0 0 0 0 2
6960 0 0 2 0 2
6970 0 0 2 0 2
6980 0 0 2 0 2
6990 0 0 2 0 2
7000 0 0 2 0 2
7010 0 0 2 0 2
7020 0 0 2 0 2
7030 0 0 2 0 2
7040 0 0 2 0 2
7050 0 0 0 0 2
7060 0 0 0 0 2
7070 0 0 0 0 2
7080 0 0 0 0 2
7090 0 0 0 0 2
7100 0 0 0 2 2
7110 0 0 0 2 2
7120 0 0 0 2 2
7130 0 0 0 2 2
7140 0 0 0 2 2
7150 0 0 0 2 2
7160 0 0 2 0 2
7170 0 0 2 0 2
7180 0 0 2 0 2
7190 0 0 2 0 2
7200 0 0 2 0 2
7210 0 0 2 0 2
7220 0 0 2 0 2
7230 0 0 2 0 2
7240 0 0 2 0 2
7250 0 0 2 0 2
7260 0 0 2 0 2
7270 0 0 2 0 2
7280 0 0 2 0 2
7290 0 0 2 0 2
7300 0 0 2 0 2
7310 0 0 2 0 2
7320 0 0 2 0 2
7330 0 0 2 0 2
7340 0 0 2 0 2
7350 0 0 2 0 2
7360 0 0 2 0 2
7370 0 0 0 0 2
7380 0 0 0 0 2
7390 0 0 0 0 2
7400 0 0 0 0 2
7410 0 0 0 0 2
7420 0 0 2 0 2
7430 0 0 0 2 2
7440 0 0 0 2 2
7450 0 0 0 2 2
7460 0 0 0 2 2
7470 0 0 0 2 2
7480 0 0 2 0 2
7490 0 0 2 0 2
7500 0 0 2 0 2
7510 0 0 2 0 2
7520 0 0 2 0 2
7530 0 0 2 0 2
7540 0 0 2 0 2
7550 0 0 2 0 2
7560 0 0 2 0 2
7570 0 0 2 0 2
7580 0 0 2 0 2
7590 0 0 2 0 2
7600 0 0 2 0 2
7610 0 0 2 0 2
7620 0 0 2 0 2
7630 0 0 2 0 2
7640 0 0 2 0 2
7650 0 0 2 0 2
7660 0 0 2 0 2
7670 0 0 2 0 2
7680 0 0 2 0 2
7690 0 2 2 0 2
7700 2 0 0 2 2
7710 2 0 0 0 2
7720 2 0 0 0 2
7730 2 0 0 0 2
7740 2 0 0 0 2
7750 2 0 0 0 2
7760 2 0 0 0 2
7770 2 0 0 0 2
7780 2 0 0 0 0
7790 2 0 0 0 0
7800 2 0 0 0 0
7810 2 0 0 0 0
7820 2 0 0 0 0
7830 2 0 0 0 0
7840 2 0 0 0 0
7850 2 0 0 0 0
7860 2 0 0 0 0
7870 2 0 0 0 0
7880 2 0 0 0 0
7890 2 0 0 0 0
7900 2 0 0 0 0
7910 2 0 0 0 0
7920 2 0 0 0 0
7930 2 0 0 0 0
7940 2 0 2 0 0
7950 2 0 2 0 0
7960 0 2 2 0 0
7970 0 2 2 0 0
7980 0 2 2 0 0
7990 0 2 2 0 0
8000 0 2 2 0 0
8010 0 0 2 0 0
8020 0 0 2 0 0
8030 0 0 2 0 0
8040 0 0 2 0 0
8050 0 0 2 0 0
8060 0 0 2 0 0
8070 0 0 2 0 0
8080 0 0 2 0 0
8090 0 2 2 0 0
8100 2 0 0 0 0
8110 2 0 0 0 0
8120 2 0 0 0 0
8130 2 0 0 0 0
8140 2 0 0 2 0
8150 2 0 2 0 0
8160 2 0 2 0 0
8170 2 0 2 0 0
8180 2 0 2 0 0
8190 0 2 2 0 0
8200 0 0 2 0 0
8210 0 0 2 0 0
8220 0 0 2 0 0
8230 0 0 2 0 0
8240 0 0 2 0 0
8250 0 0 2 0 0
8260 0 0 2 0 0
8270 0 0 2 0 0
8280 0 0 2 0 0
8290 0 0 2 0 1
8300 0 0 2 0 1
8310 0 0 2 0 1
8320 0 0 2 0 1
8330 0 0 2 0 1
8340 0 0 2 0 1
8350 0 0 2 0 1
8360 0 0 2 0 1
8370 0 0 2 0 1
8380 0 0 2 0 2
8390 0 0 2 0 2
8400 0 0 2 0 2
8410 0 0 2 0 2
8420 0 0 2 0 2
8430 0 0 2 0 2
8440 0 0 2 0 2
8450 0 0 2 0 2
8460 0 0 2 0 2
8470 0 0 2 0 2
8480 0 0 2 0 2
8490 0 0 2 0 2
8500 0 0 2 0 2
8510 0 0 2 0 2
8520 0 0 2 0 2
8530 0 0 2 0 2
8540 0 0 2 0 2
8550 0 0 2 0 2
8560 0 0 2 0 2
8570 0 0 2 0 2
8580 0 0 2 0 2
8590 0 0 2 0 2
8600 0 0 2 0 2
8610 0 0 2 0 2
8620 0 0 2 0 2
8630 0 0 2 0 2
8640 0 2 2 0 2
8650 0 2 2 0 2
8660 0 2 2 0 2
8670 0 2 2 0 2
8680 2 0 2 0 2
8690 2 0 0 2 2
8700 2 0 0 0 2
8710 2 0 0 0 2
8720 2 0 0 0 2
8730 2 0 0 0 2
8740 2 0 0 0 2
8750 2 0 0 0 2
8760 2 0 0 0 2
8770 2 0 0 0 0
8780 2 0 0 0 0
8790 2 0 0 0 0
8800 2 0 0 0 0
8810 2 0 0 0 0
8820 2 0 0 0 0
8830 2 0 0 0 0
8840 2 0 0 0 0
8850 2 0 0 0 0
8860 2 0 0 0 0
8870 2 0 0 0 0
8880 2 0 0 0 0
8890 2 0 0 0 0
8900 2 0 0 0 0
8910 2 0 0 0 1
8920 2 0 0 0 1
8930 0 0 0 0 1
8940 0 0 0 0 1
8950 0 0 0 0 1
8960 0 0 0 0 1
8970 0 0 0 0 1
8980 0 0 0 0 1
8990 0 0 0 0 1
9000 0 0 0 0 1
9010 0 0 0 0 1
9020 0 0 0 0 1
