0 0 0 0 0 2
10 0 0 0 0 2
20 0 0 0 0 2
30 0 0 0 0 2
40 0 0 0 0 2
50 0 0 0 0 2
60 0 0 0 0 2
70 0 0 0 0 2
80 0 0 0 2 2
90 0 0 2 0 2
100 0 0 2 0 2
110 0 0 2 0 2
120 0 0 2 0 2
130 0 0 2 0 2
140 0 0 2 0 0
150 0 0 2 0 0
160 0 0 2 0 0
170 0 0 2 0 0
180 0 0 2 0 0
190 0 0 2 0 0
200 0 0 2 0 0
210 0 0 2 0 0
220 0 0 2 0 0
230 0 0 2 0 0
240 0 0 2 0 0
250 0 2 2 0 0
260 0 2 2 0 0
270 0 0 2 0 0
280 0 0 2 0 0
290 0 0 2 0 0
300 0 0 2 0 0
310 0 0 2 0 1
320 0 0 2 0 1
330 0 0 2 0 1
340 0 0 0 0 1
350 0 0 0 0 1
360 0 0 0 0 1
370 0 0 0 0 1
380 0 0 0 0 1
390 0 0 0 0 1
400 0 0 0 0 1
410 0 0 0 0 1
420 0 0 0 2 1
430 0 0 2 0 1
440 0 0 2 0 0
450 0 0 2 0 0
460 0 0 2 0 0
470 0 2 2 0 0
480 0 2 2 0 0
490 0 2 2 0 0
500 0 2 2 0 0
510 0 2 2 0 0
520 0 2 2 0 0
530 0 2 2 0 0
540 0 0 2 0 0
550 0 0 2 0 0
560 0 0 2 0 0
570 0 0 2 0 0
580 0 0 2 0 0
590 0 0 2 0 0
600 0 0 2 0 0
610 0 0 2 0 0
620 0 0 2 0 1
630 0 0 2 0 1
640 0 0 2 0 2
650 0 0 2 0 2
660 0 0 2 0 2
670 0 0 2 0 2
680 0 0 2 0 2
690 0 0 2 0 2
700 0 0 2 0 2
710 0 0 2 0 2
720 0 0 2 0 2
730 0 0 2 0 2
740 0 0 2 0 2
750 0 0 2 0 2
760 0 0 2 0 2
770 0 0 2 0 2
780 0 0 2 0 2
790 0 0 2 0 2
800 0 2 2 0 2
810 0 2 2 0 2
820 2 0 2 0 2
830 2 0 2 0 2
840 2 0 2 0 2
850 2 0 2 0 2
860 2 0 0 0 2
870 2 0 0 0 2
880 2 0 0 0 2
890 2 0 0 0 2
900 2 0 0 0 2
910 2 0 0 0 2
920 2 0 0 0 2
930 2 0 0 0 2
940 2 0 0 0 2
950 2 0 0 0 2
960 2 0 0 0 0
970 2 0 0 0 0
980 2 0 0 0 0
990 2 0 0 0 0
1000 2 0 0 0 0
1010 2 0 0 0 0
1020 2 0 0 0 0
1030 2 0 0 0 0
1040 2 0 0 0 0
1050 2 0 0 0 0
1060 2 0 0 0 0
1070 2 0 0 0 0
1080 2 0 0 0 0
1090 2 0 0 0 0
1100 2 0 0 0 0
1110 2 0 0 0 0
1120 2 0 0 0 0
1130 2 0 0 0 0
1140 2 0 0 0 0
1150 2 0 0 0 0
1160 2 0 0 0 0
1170 2 0 0 0 0
1180 2 0 0 0 0
1190 2 0 0 0 0
1200 2 0 0 0 0
1210 2 0 0 0 0
1220 2 0 0 0 0
1230 2 0 0 0 0
1240 2 0 0 2 0
1250 2 0 0 2 0
1260 2 0 2 0 0
1270 0 2 2 0 0
1280 0 0 2 0 0
1290 0 0 2 0 0
1300 0 0 2 0 0
1310 0 0 2 0 0
1320 0 0 2 0 0
1330 0 0 2 0 0
1340 0 3 2 0 0
1350 0 3 2 0 0
1360 0 3 2 0 0
1370 0 3 2 0 0
1380 0 3 2 0 0
1390 0 3 2 0 0
1400 0 3 2 0 0
1410 0 3 2 0 1
1420 0 3 2 0 1
1430 0 3 2 0 1
1440 0 3 2 0 2
1450 0 3 2 0 2
1460 0 3 2 0 2
1470 0 3 2 0 2
1480 0 3 2 0 2
1490 0 3 2 0 2
1500 0 3 2 0 2
1510 0 3 2 0 2
1520 0 3 2 0 2
1530 0 3 2 0 2
1540 0 3 2 0 2
1550 0 3 2 0 2
1560 0 3 2 0 2
1570 0 3 2 0 2
1580 0 3 2 0 2
1590 0 3 2 0 2
1600 0 3 2 0 2
1610 0 3 2 0 2
1620 0 0 2 0 2
1630 0 0 2 0 2
1640 0 0 2 0 2
1650 0 0 2 0 2
1660 0 0 2 0 2
1670 0 0 2 0 2
1680 0 0 2 0 2
1690 0 0 2 0 2
1700 0 0 2 0 2
1710 0 0 2 0 2
1720 0 2 2 0 2
1730 0 2 2 0 2
1740 2 0 0 2 2
1750 2 0 0 2 2
1760 2 0 0 0 2
1770 2 0 0 0 2
1780 2 0 0 0 2
1790 2 0 0 0 2
1800 2 0 0 0 2
1810 2 0 0 0 0
1820 2 0 0 0 0
1830 2 0 0 0 0
1840 2 0 0 0 0
1850 2 0 0 0 0
1860 2 0 0 0 0
1870 2 0 0 0 0
1880 2 0 0 0 0
1890 2 0 0 0 0
1900 2 0 0 0 0
1910 2 0 0 0 0
1920 2 0 0 0 0
1930 2 0 0 0 0
1940 2 0 0 0 0
1950 2 0 0 0 0
1960 2 0 0 0 0
1970 2 0 0 0 0
1980 2 0 0 0 0
1990 2 0 0 0 0
2000 2 0 0 2 0
2010 2 0 2 0 0
2020 0 2 2 0 0
2030 0 0 2 0 0
2040 0 0 2 0 0
2050 0 0 2 0 0
2060 0 0 2 0 0
2070 0 0 2 0 0
2080 0 0 2 0 0
2090 0 0 2 0 0
2100 0 0 2 0 0
2110 0 0 2 0 0
2120 0 0 2 0 1
2130 0 0 2 0 1
2140 0 0 2 0 1
2150 0 0 2 0 1
2160 0 0 2 0 1
2170 0 0 2 0 2
2180 0 0 2 0 2
2190 0 0 2 0 2
2200 0 0 2 0 2
2210 0 0 2 0 2
2220 0 0 2 0 2
2230 0 0 2 0 2
2240 0 0 2 0 2
2250 0 0 2 0 2
2260 0 0 2 0 2
2270 0 0 2 0 2
2280 0 0 2 0 2
2290 0 0 2 0 2
2300 0 0 2 0 2
2310 0 0 2 0 2
2320 0 0 2 0 2
2330 0 2 2 0 2
2340 0 2 2 0 2
2350 0 0 2 0 2
2360 0 0 2 0 2
2370 0 0 2 0 2
2380 0 0 2 0 2
2390 0 0 2 0 2
2400 0 0 2 0 2
2410 0 2 2 0 2
2420 0 2 2 0 2
2430 0 0 2 0 2
2440 0 2 2 0 2
2450 2 0 2 0 2
2460 2 0 2 0 2
2470 2 0 2 0 2
2480 2 0 0 2 2
2490 2 0 0 0 2
2500 2 0 0 0 2
2510 2 0 0 0 2
2520 2 0 0 0 2
2530 2 0 0 0 2
2540 0 0 0 0 2
2550 0 0 0 0 2
2560 0 0 0 0 2
2570 0 0 0 0 2
2580 0 2 0 0 2
2590 0 2 0 0 2
2600 2 0 0 0 2
2610 2 0 0 0 2
2620 0 2 0 0 2
2630 0 2 0 0 2
2640 0 2 0 0 2
2650 0 2 0 0 2
2660 2 0 0 0 2
2670 2 0 0 0 2
2680 2 0 0 0 2
2690 2 0 0 0 2
2700 2 0 0 0 0
2710 2 0 0 0 0
2720 2 0 0 0 0
2730 2 0 0 0 0
2740 2 0 0 0 0
2750 2 0 0 0 0
2760 2 0 0 0 0
2770 2 0 0 0 0
2780 2 0 0 0 0
2790 2 0 0 0 0
2800 2 0 0 0 0
2810 2 0 0 0 0
2820 2 0 0 0 0
2830 2 0 0 0 0
2840 2 0 0 0 0
2850 2 0 0 0 0
2860 2 0 0 2 0
2870 2 0 2 0 0
2880 0 2 2 0 0
2890 0 0 2 0 0
2900 0 0 2 0 0
2910 0 0 2 0 0
2920 0 0 2 0 0
2930 0 0 2 0 0
2940 0 0 2 0 0
2950 0 0 2 0 1
2960 0 0 2 0 1
2970 0 0 2 0 1
2980 0 0 2 0 2
2990 0 0 2 0 2
3000 0 0 2 0 2
3010 0 0 2 0 2
3020 0 0 2 0 2
3030 0 0 2 0 2
3040 0 0 2 0 2
3050 0 0 2 0 2
3060 0 0 2 0 2
3070 0 0 2 0 2
3080 0 0 2 0 2
3090 0 0 2 0 2
3100 0 0 2 0 2
3110 0 0 2 0 2
3120 0 0 2 0 2
3130 2 0 2 0 2
3140 2 0 2 0 2
3150 2 0 0 2 2
3160 2 0 0 2 2
3170 2 0 0 0 2
3180 2 0 0 0 2
3190 2 0 0 0 2
3200 2 0 0 0 2
3210 2 0 0 0 2
3220 2 0 0 0 2
3230 2 0 0 0 0
3240 2 0 0 0 0
3250 2 0 0 0 0
3260 2 0 0 0 0
3270 2 0 0 0 0
3280 2 0 0 0 0
3290 2 0 0 0 0
3300 2 0 0 0 0
3310 2 0 0 0 0
3320 0 0 0 0 1
3330 0 0 0 0 1
3340 0 0 0 0 1
3350 0 0 0 0 1
3360 0 4 0 0 1
3370 0 4 0 0 1
3380 0 4 0 4 1
3390 0 4 0 4 1
3400 0 4 0 4 1
3410 0 4 0 4 1
3420 0 4 0 4 1
3430 0 4 0 4 1
3440 0 4 0 4 1
3450 0 4 0 4 1
