0 0 4 0 2 2
10 0 4 0 2 2
20 0 4 0 2 2
30 0 4 0 2 2
40 0 4 0 2 2
50 0 4 0 2 2
60 0 4 0 2 2
70 0 4 0 2 2
80 0 4 0 2 2
90 0 0 0 0 2
100 0 0 0 0 2
110 0 0 0 0 2
120 0 0 0 0 2
130 0 0 0 0 2
140 0 0 0 0 2
150 0 0 0 0 2
160 0 0 0 2 2
170 0 0 2 0 2
180 0 0 2 0 2
190 0 0 2 0 0
200 0 0 2 0 0
210 0 0 2 0 0
220 0 0 2 0 0
230 0 0 2 0 0
240 0 0 2 0 0
250 0 0 2 0 0
260 0 0 2 0 0
270 0 0 2 0 0
280 0 0 2 0 0
290 0 0 2 0 0
300 0 0 2 0 0
310 0 0 2 0 0
320 0 2 2 0 0
330 0 2 2 0 0
340 2 0 0 2 0
350 2 0 0 0 0
360 2 0 0 0 0
370 2 0 0 0 0
380 2 0 0 0 0
390 2 0 0 0 0
400 2 0 0 0 0
410 2 0 0 0 0
420 2 0 0 0 0
430 2 0 0 0 0
440 2 0 0 0 0
450 2 0 0 0 0
460 2 0 0 0 0
470 2 0 0 0 0
480 2 0 0 0 0
490 2 0 0 0 0
500 2 0 0 0 0
510 2 0 0 0 0
520 2 0 0 0 0
530 2 0 0 0 0
540 2 0 2 0 0
550 2 0 2 0 0
560 0 0 2 0 0
570 0 0 2 0 0
580 0 0 2 0 0
590 0 0 2 0 0
600 0 0 2 0 0
610 0 0 2 0 0
620 0 0 2 0 0
630 0 0 2 0 0
640 0 0 2 0 0
650 0 0 2 0 0
660 0 0 2 0 0
670 0 0 2 0 0
680 0 0 2 0 0
690 0 0 2 0 0
700 0 0 2 0 0
710 0 0 2 0 1
720 0 0 2 0 1
730 0 0 2 0 2
740 0 0 2 0 2
750 0 0 2 0 2
760 0 0 2 0 2
770 0 0 2 0 2
780 0 0 2 0 2
790 0 0 2 0 2
800 0 0 0 0 2
810 0 0 0 0 2
820 0 0 0 0 2
830 0 0 0 0 2
840 0 0 0 0 2
850 0 0 0 0 2
860 0 0 0 0 2
870 0 0 0 0 2
880 0 0 0 2 2
890 0 0 0 2 2
900 0 0 0 2 2
910 0 0 0 2 2
920 0 0 2 0 2
930 0 0 2 0 2
940 0 0 2 0 2
950 0 0 2 0 2
960 0 0 2 0 2
970 0 0 2 0 2
980 0 0 2 0 2
990 0 0 2 0 2
1000 0 0 2 0 2
1010 0 0 2 0 2
1020 0 0 2 0 2
1030 0 0 2 0 2
1040 0 0 2 0 2
1050 0 0 2 0 2
1060 0 0 2 0 2
1070 0 0 2 0 2
1080 0 0 2 0 2
1090 0 2 2 0 2
1100 0 2 2 0 2
1110 2 0 2 0 2
1120 2 0 2 0 2
1130 2 0 0 0 2
1140 2 0 0 0 2
1150 2 0 0 0 2
1160 2 0 0 0 2
1170 2 0 0 0 2
1180 2 0 0 0 2
1190 2 0 2 0 2
1200 2 0 2 0 2
1210 2 0 2 0 2
1220 0 2 2 0 2
1230 0 0 2 0 2
1240 0 0 2 0 2
1250 0 0 2 0 2
1260 0 0 2 0 2
1270 0 0 2 0 2
1280 0 0 2 0 2
1290 0 0 2 0 2
1300 0 0 2 0 2
1310 0 0 2 0 2
1320 0 0 2 0 2
1330 0 0 2 0 2
1340 0 0 2 0 2
1350 0 0 2 0 2
1360 0 0 2 0 2
1370 0 0 2 0 2
1380 0 0 2 0 2
1390 0 0 2 0 2
1400 0 0 2 0 2
1410 0 0 2 0 2
1420 0 0 2 0 2
1430 0 0 2 0 2
1440 0 0 2 0 2
1450 0 0 2 0 2
1460 0 0 2 0 2
1470 2 0 2 0 2
1480 2 0 2 0 2
1490 2 0 0 0 2
1500 2 0 0 0 2
1510 2 0 0 0 2
1520 2 0 0 0 2
1530 2 0 0 0 0
1540 2 0 0 0 0
1550 2 0 0 0 0
1560 2 0 0 0 0
1570 2 0 0 0 0
1580 2 0 0 0 0
1590 2 0 0 0 0
1600 2 0 0 0 0
1610 2 0 0 0 0
1620 2 0 0 0 0
1630 2 0 0 0 0
1640 2 0 0 0 0
1650 2 0 0 0 0
1660 2 0 0 0 0
1670 2 0 0 0 0
1680 2 0 0 0 0
1690 2 0 0 0 0
1700 2 0 0 0 0
1710 2 0 0 0 0
1720 2 0 0 0 0
1730 2 0 0 0 0
1740 2 0 0 0 0
1750 2 0 0 0 0
1760 2 0 0 0 0
1770 2 0 0 0 0
1780 2 0 0 0 0
1790 2 0 0 0 0
1800 2 0 0 0 0
1810 2 0 2 0 0
1820 0 0 2 0 0
1830 0 0 2 0 0
1840 0 0 2 0 0
1850 0 0 2 0 0
1860 0 0 2 0 0
1870 0 0 2 0 0
1880 0 0 2 0 0
1890 0 0 2 0 0
1900 0 0 2 0 0
1910 0 0 2 0 0
1920 0 0 2 0 0
1930 0 0 2 0 0
1940 0 0 2 0 0
1950 0 0 2 0 1
1960 0 0 2 0 1
1970 0 0 2 0 1
1980 0 0 2 0 1
1990 0 0 2 0 0
2000 0 0 2 0 0
2010 0 0 2 0 0
2020 0 0 2 0 1
2030 0 0 2 0 1
2040 0 0 2 0 2
2050 0 0 2 0 2
2060 0 0 2 0 2
2070 0 0 2 0 2
2080 0 0 2 0 2
2090 0 0 2 0 2
2100 0 0 2 0 2
2110 0 0 2 0 2
2120 0 0 2 0 2
2130 0 0 2 0 2
2140 0 0 2 0 2
2150 0 0 2 0 2
2160 0 0 2 0 2
2170 0 0 2 0 2
2180 0 0 2 0 2
2190 0 0 2 0 2
2200 0 0 2 0 2
2210 0 0 2 0 2
2220 0 0 2 0 2
2230 0 2 2 0 2
2240 0 2 2 0 2
2250 0 2 2 0 2
2260 2 0 2 0 2
2270 2 0 2 0 2
2280 2 0 2 0 2
2290 2 0 0 2 2
2300 2 0 0 0 2
2310 2 0 0 0 2
2320 2 0 0 0 2
2330 2 0 0 0 2
2340 2 0 0 0 2
2350 2 0 0 0 2
2360 2 0 0 0 2
2370 2 0 0 0 2
2380 2 0 0 0 2
2390 2 0 0 0 2
2400 2 0 0 0 2
2410 2 0 0 0 2
2420 2 0 0 0 2
2430 2 0 0 0 2
2440 2 0 0 0 2
2450 2 0 0 0 0
2460 2 0 0 0 0
2470 2 0 0 0 0
2480 2 0 0 0 0
2490 2 0 0 0 0
2500 2 0 0 0 0
2510 2 0 0 0 0
2520 2 0 0 0 0
2530 2 0 0 0 0
2540 2 0 0 0 0
2550 2 0 0 0 0
2560 2 0 0 0 0
2570 2 0 0 0 0
2580 2 0 0 0 0
2590 2 0 0 0 0
2600 2 0 0 0 0
2610 2 0 0 0 0
2620 2 0 0 0 0
2630 2 0 0 0 0
2640 2 0 0 0 0
2650 2 0 0 0 0
2660 2 0 0 0 0
2670 2 0 0 3 0
2680 2 0 0 3 0
2690 2 0 0 3 0
2700 2 0 3 0 0
2710 2 0 3 0 0
2720 2 0 3 0 0
2730 2 0 3 0 0
2740 2 0 3 0 0
2750 2 0 3 0 0
2760 2 0 0 3 0
2770 2 0 0 3 0
2780 2 0 0 3 0
2790 2 0 0 0 0
2800 2 0 0 0 0
2810 2 0 0 0 0
2820 2 0 0 0 0
2830 2 0 0 0 0
2840 2 0 0 0 0
2850 2 0 0 0 0
2860 2 0 0 0 0
2870 2 0 0 0 0
2880 2 0 0 3 0
2890 2 0 0 3 0
2900 2 0 3 0 0
2910 2 0 3 0 0
2920 2 0 3 0 0
2930 2 0 3 0 0
2940 2 0 3 0 0
2950 2 0 0 0 0
2960 2 0 0 0 0
2970 2 0 0 0 0
2980 2 0 0 0 0
2990 2 0 0 0 0
3000 2 0 0 0 0
3010 2 0 0 0 0
3020 2 0 0 0 0
3030 2 0 0 0 0
3040 2 0 0 0 0
3050 2 0 0 0 0
3060 2 0 0 0 0
3070 2 0 0 0 0
3080 2 0 0 0 0
3090 2 0 0 0 0
3100 2 0 0 0 0
3110 2 0 0 0 0
3120 2 0 0 0 0
3130 2 0 0 0 0
3140 2 0 0 0 0
3150 2 0 0 0 0
3160 2 0 0 0 0
3170 2 0 0 0 0
3180 2 0 0 0 0
3190 2 0 0 0 0
3200 2 0 0 0 0
3210 2 0 0 0 0
3220 2 0 0 0 0
3230 2 0 0 0 0
3240 2 0 0 0 0
3250 2 0 0 0 0
3260 2 0 0 0 0
3270 2 0 0 0 0
3280 2 0 0 2 0
3290 2 0 0 0 0
3300 2 0 0 0 0
3310 2 0 0 0 0
3320 2 0 0 0 0
3330 2 0 0 0 0
3340 2 0 0 0 0
3350 2 0 0 0 0
3360 2 0 0 2 0
3370 2 0 0 2 0
3380 2 0 2 0 0
3390 2 0 2 0 0
3400 2 0 2 0 0
3410 0 0 2 0 0
3420 0 0 2 0 0
3430 0 0 2 0 0
3440 0 0 2 0 0
3450 0 0 2 0 0
3460 0 0 2 0 0
3470 0 0 2 0 0
3480 0 3 2 0 0
3490 0 3 2 0 0
3500 0 3 2 0 0
3510 0 3 2 0 0
3520 0 3 2 0 0
3530 0 3 2 0 0
3540 0 3 2 0 0
3550 0 3 2 0 0
3560 0 3 2 0 0
3570 0 3 2 0 0
3580 0 3 2 0 0
3590 0 3 2 0 0
3600 0 3 2 0 0
3610 0 3 2 0 0
3620 0 3 2 0 0
3630 0 3 2 0 1
3640 0 3 2 0 1
3650 0 3 2 0 1
3660 0 3 2 0 2
3670 0 3 2 0 2
3680 0 3 2 0 2
3690 0 3 2 0 2
3700 0 3 2 0 2
3710 0 3 2 0 2
3720 0 3 2 0 2
3730 0 3 2 0 2
3740 0 3 2 0 2
3750 0 3 2 0 2
3760 0 3 2 0 2
3770 0 3 2 0 2
3780 0 3 2 0 2
3790 0 3 2 0 2
3800 0 3 2 0 2
3810 0 3 2 0 2
3820 0 3 2 0 2
3830 0 0 2 0 2
3840 0 0 2 0 2
3850 0 0 2 0 2
3860 0 0 2 0 2
3870 0 0 2 0 2
3880 0 0 2 0 2
3890 0 0 2 0 2
3900 0 0 2 0 2
3910 0 0 2 0 2
3920 0 0 2 0 2
3930 0 0 2 0 2
3940 0 0 2 0 2
3950 0 0 2 0 2
3960 0 0 2 0 2
3970 2 0 2 0 2
3980 2 0 2 0 2
3990 2 0 2 0 2
4000 2 0 0 2 2
4010 2 0 0 0 2
4020 2 0 0 0 2
4030 2 0 0 0 2
4040 2 0 0 0 2
4050 2 0 0 0 2
4060 2 0 0 0 2
4070 2 0 0 0 0
4080 2 0 0 0 0
4090 2 0 0 0 0
4100 2 0 0 0 0
4110 2 0 0 0 0
4120 2 0 0 0 0
4130 2 0 0 0 0
4140 2 0 0 0 0
4150 2 0 0 0 0
4160 2 0 0 0 0
4170 2 0 0 0 0
4180 2 0 0 0 0
4190 2 0 0 0 0
4200 2 0 0 0 0
4210 2 0 0 0 0
4220 2 0 0 0 0
4230 2 0 0 0 0
4240 2 0 0 0 0
4250 2 0 0 0 0
4260 2 0 0 0 0
4270 2 0 0 0 0
4280 2 0 0 0 0
4290 2 0 0 0 0
4300 2 0 0 0 0
4310 2 0 0 0 0
4320 2 0 0 0 0
4330 2 0 0 0 0
4340 2 0 0 2 0
4350 2 0 2 0 0
4360 2 0 2 0 0
4370 2 0 2 0 0
4380 0 0 2 0 0
4390 0 0 2 0 0
4400 0 0 2 0 0
4410 0 0 2 0 0
4420 0 3 2 0 0
4430 0 3 2 0 0
4440 0 3 2 0 0
4450 0 3 2 0 0
4460 0 3 2 0 0
4470 0 3 2 0 0
4480 0 3 2 0 0
4490 0 3 2 0 0
4500 0 3 2 0 0
4510 0 3 2 0 0
4520 0 3 2 0 0
4530 0 3 2 0 0
4540 0 3 2 0 0
4550 0 3 2 0 0
4560 0 3 2 0 0
4570 0 3 2 0 1
4580 0 3 2 0 1
4590 0 3 2 0 2
4600 0 3 2 0 2
4610 0 3 2 0 2
4620 0 3 2 0 2
4630 0 3 2 0 2
4640 0 3 2 0 2
4650 0 3 2 0 2
4660 0 3 2 0 2
4670 0 3 2 0 2
4680 0 3 2 0 2
4690 0 3 2 0 2
4700 0 0 2 0 2
4710 0 0 2 0 2
4720 0 0 2 0 2
4730 0 0 2 0 2
4740 0 0 2 0 2
4750 0 0 2 0 2
4760 0 0 2 0 2
4770 0 0 2 0 2
4780 0 0 2 0 2
4790 0 0 2 0 2
4800 0 0 2 0 2
4810 0 0 2 0 2
4820 0 0 2 0 2
4830 0 0 2 0 2
4840 0 0 2 0 2
4850 0 0 2 0 2
4860 0 0 2 0 2
4870 0 0 2 0 2
4880 0 0 2 0 2
4890 0 0 2 0 2
4900 0 0 2 0 2
4910 0 0 2 0 2
4920 0 0 2 0 2
4930 0 0 2 0 2
4940 0 2 2 0 2
4950 0 2 2 0 2
4960 0 2 2 0 2
4970 0 2 2 0 2
4980 2 0 2 0 2
4990 2 0 0 2 2
5000 2 0 0 0 2
5010 2 0 0 0 2
5020 2 0 0 0 2
5030 2 0 0 0 2
5040 2 0 0 0 2
5050 2 0 0 0 2
5060 2 0 0 0 2
5070 2 0 0 0 0
5080 2 0 0 0 0
5090 2 0 0 0 0
5100 2 0 0 0 0
5110 2 0 0 0 0
5120 2 0 0 0 0
5130 2 0 0 0 0
5140 2 0 0 0 0
5150 2 0 0 0 0
5160 2 0 0 0 0
5170 2 0 0 0 0
5180 2 0 0 0 0
5190 2 0 0 0 0
5200 2 0 0 0 0
5210 2 0 0 0 0
5220 0 0 0 0 1
5230 0 0 0 0 1
5240 0 0 0 0 1
5250 0 0 0 0 1
5260 0 0 0 0 1
5270 0 0 0 0 1
5280 0 0 0 0 1
5290 0 0 0 4 1
5300 0 0 0 4 1
5310 0 0 0 4 1
5320 0 0 0 4 1
5330 0 0 0 4 1
5340 0 4 0 4 1
5350 0 4 0 4 1
5360 0 4 0 4 1
5370 0 4 0 4 1
5380 0 4 0 4 1
5390 0 4 0 4 1
5400 0 4 0 4 1
5410 0 4 0 4 1
5420 0 4 0 4 1
5430 0 4 0 4 1
5440 0 4 0 4 1
5450 0 4 0 4 1
5460 0 4 0 4 1
5470 0 4 0 4 1
5480 0 4 0 4 1
5490 0 4 0 4 1
5500 0 4 0 4 1
5510 0 4 0 4 1
5520 0 4 0 4 1
5530 0 4 0 4 1
5540 0 4 0 4 1
5550 0 4 0 4 1
5560 0 4 0 4 1
5570 0 4 0 4 1
5580 0 4 0 4 1
5590 0 4 0 4 1
5600 0 4 0 4 1
5610 0 4 0 4 1
5620 0 4 0 4 1
5630 0 4 0 4 1
5640 0 4 0 4 1
5650 0 4 0 4 1
