0 0 0 2 0 0
10 0 0 2 0 0
20 0 2 2 0 0
30 0 2 2 0 0
40 0 0 2 0 0
50 0 2 2 0 0
60 0 2 2 0 0
70 0 2 2 0 0
80 0 0 2 0 0
90 0 0 2 0 0
100 0 0 2 0 0
110 0 0 2 0 0
120 0 0 2 0 0
130 0 0 2 0 0
140 2 0 2 0 0
150 2 0 2 0 0
160 2 0 0 2 0
170 2 0 0 0 0
180 2 0 0 0 0
190 2 0 0 0 0
200 2 0 0 0 0
210 2 0 0 0 0
220 2 0 0 0 0
230 2 0 0 2 0
240 2 0 2 0 0
250 2 0 2 0 0
260 0 2 2 0 0
270 0 0 2 0 0
280 0 0 2 0 0
290 0 0 2 0 0
300 0 0 2 0 0
310 0 2 2 0 0
320 0 2 2 0 0
330 0 2 2 0 0
340 2 0 2 0 0
350 2 0 0 0 0
360 2 0 0 0 0
370 2 0 0 0 0
380 2 0 0 0 0
390 2 0 0 2 0
400 2 0 2 0 0
410 2 0 2 0 0
420 0 2 2 0 0
430 0 0 2 0 0
440 0 0 2 0 0
450 0 0 2 0 0
460 0 0 2 0 0
470 0 0 2 0 0
480 0 0 2 0 1
490 0 0 2 0 1
500 0 0 2 0 1
510 0 0 2 0 1
520 0 0 2 0 2
530 0 0 2 0 2
540 0 0 2 0 2
550 0 0 2 0 2
560 0 0 2 0 2
570 0 0 2 0 2
580 0 0 2 0 2
590 0 0 2 0 2
600 0 0 2 0 2
610 0 0 2 0 2
620 0 0 2 0 2
630 0 0 2 0 2
640 0 0 2 0 2
650 0 0 2 0 2
660 0 2 2 0 2
670 2 0 2 0 2
680 2 0 2 0 2
690 2 0 0 0 2
700 2 0 0 0 2
710 2 0 0 0 2
720 2 0 0 0 2
730 2 0 0 0 2
740 2 0 0 0 2
750 2 0 0 0 2
760 2 0 0 0 0
770 2 0 0 0 0
780 2 0 0 0 0
790 2 0 0 0 0
800 2 0 0 0 0
810 2 0 0 0 0
820 2 0 0 0 0
830 2 0 0 0 0
840 2 0 0 0 0
850 2 0 0 0 0
860 2 0 0 0 0
870 2 0 0 0 0
880 2 0 0 0 0
890 2 0 0 0 0
900 2 0 0 0 0
910 2 0 0 0 0
920 2 0 0 0 0
930 2 0 0 0 0
940 2 0 0 2 0
950 2 0 0 2 0
960 2 0 2 0 0
970 0 2 2 0 0
980 0 0 2 0 0
990 0 0 2 0 0
1000 0 0 2 0 0
1010 0 0 2 0 0
1020 0 0 2 0 0
1030 0 0 2 0 0
1040 0 0 2 0 1
1050 0 0 2 0 1
1060 0 0 2 0 2
1070 0 0 2 0 2
1080 0 0 2 0 2
1090 0 0 2 0 2
1100 0 0 2 0 2
1110 0 0 2 0 2
1120 0 0 2 0 2
1130 0 0 2 0 2
1140 0 0 2 0 2
1150 0 0 2 0 2
1160 0 0 2 0 2
1170 0 2 2 0 2
1180 2 0 2 0 2
1190 2 0 0 0 2
1200 2 0 0 0 2
1210 2 0 0 0 2
1220 2 0 0 0 2
1230 2 0 0 0 0
1240 2 0 0 0 0
1250 2 0 0 0 0
1260 2 0 0 0 0
1270 2 0 0 0 0
1280 2 0 0 0 0
1290 2 0 0 0 0
1300 2 0 0 0 0
1310 2 0 0 0 0
1320 2 0 0 0 0
1330 2 0 0 0 0
1340 2 0 0 0 0
1350 2 0 0 0 0
1360 2 0 0 0 0
1370 2 0 0 0 0
1380 2 0 0 0 0
1390 2 0 0 0 0
1400 2 0 0 0 0
1410 2 0 2 0 0
1420 2 0 2 0 0
1430 0 0 2 0 0
1440 0 0 2 0 0
1450 0 0 2 0 0
1460 0 0 2 0 0
1470 0 0 2 0 0
1480 0 0 2 0 0
1490 0 0 2 0 1
1500 0 0 2 0 1
1510 0 0 2 0 1
1520 0 0 2 0 1
1530 0 0 2 0 1
1540 0 0 2 0 2
1550 0 0 2 0 2
1560 0 0 2 0 2
1570 0 0 2 0 2
1580 0 0 2 0 2
1590 0 0 2 0 2
1600 0 0 2 0 2
1610 0 0 2 0 2
1620 0 0 2 0 2
1630 0 0 2 0 2
1640 0 0 2 0 2
1650 0 0 2 0 2
1660 0 0 2 0 2
1670 0 0 2 0 2
1680 0 0 2 0 2
1690 0 0 2 0 2
1700 0 0 2 0 2
1710 0 0 2 0 2
1720 0 0 2 0 2
1730 0 2 2 0 2
1740 2 0 2 0 2
1750 2 0 2 0 2
1760 2 0 0 0 2
1770 2 0 0 0 2
1780 2 0 0 0 2
1790 2 0 0 0 0
1800 2 0 0 0 0
1810 2 0 0 0 0
1820 2 0 0 0 0
1830 2 0 0 0 0
1840 2 0 0 0 0
1850 2 0 0 0 0
1860 2 0 0 0 0
1870 2 0 0 0 0
1880 2 0 0 0 0
1890 2 0 0 0 0
1900 2 0 0 0 0
1910 2 0 0 0 0
1920 2 0 0 0 0
1930 2 0 0 0 0
1940 2 0 0 0 0
1950 2 0 0 0 0
1960 2 0 0 0 0
1970 2 0 0 0 0
1980 2 0 0 2 0
1990 2 0 2 0 0
2000 2 0 2 0 0
2010 0 2 2 0 0
2020 0 0 2 0 0
2030 0 0 2 0 0
2040 0 0 2 0 0
2050 0 0 2 0 0
2060 0 0 2 0 0
2070 0 0 2 0 0
2080 0 0 2 0 0
2090 0 0 2 0 1
2100 0 0 2 0 1
2110 0 0 2 0 2
2120 0 0 2 0 2
2130 0 0 2 0 2
2140 0 0 2 0 2
2150 0 0 2 0 2
2160 0 0 2 0 2
2170 0 0 2 0 2
2180 0 0 2 0 2
2190 0 0 2 0 2
2200 0 0 2 0 2
2210 0 0 2 0 2
2220 0 0 2 0 2
2230 0 0 2 0 2
2240 0 0 2 0 2
2250 0 0 2 0 2
2260 0 0 2 0 2
2270 0 0 2 0 2
2280 0 2 2 0 2
2290 2 0 2 0 2
2300 2 0 2 0 2
2310 2 0 0 0 2
2320 2 0 0 0 2
2330 2 0 0 0 2
2340 2 0 0 0 2
2350 2 0 0 0 2
2360 2 0 0 0 2
2370 2 0 0 0 2
2380 2 0 0 0 2
2390 2 0 0 0 2
2400 2 0 0 0 0
2410 2 0 0 0 0
2420 2 0 0 0 0
2430 2 0 0 0 0
2440 2 0 0 0 0
2450 2 0 0 0 0
2460 2 0 0 0 0
2470 2 0 0 0 0
2480 2 0 0 0 0
2490 2 0 0 0 0
2500 2 0 0 0 0
2510 2 0 0 0 0
2520 0 0 0 0 0
2530 0 0 0 0 1
2540 0 0 0 0 1
2550 0 0 0 0 1
2560 0 0 0 0 1
2570 0 4 0 4 1
2580 0 4 0 4 1
2590 0 4 0 4 1
2600 0 4 0 4 1
2610 0 4 0 4 1
2620 0 4 0 4 1
2630 0 4 0 4 1
2640 0 4 0 4 1
2650 0 4 0 4 1
