0 0 4 0 4 2
10 0 4 0 4 2
20 0 4 0 4 2
30 0 4 0 4 2
40 0 4 0 4 2
50 0 4 0 0 2
60 0 0 0 0 2
70 0 0 0 0 2
80 0 0 0 2 2
90 0 0 0 2 2
100 0 0 2 0 2
110 0 0 2 0 2
120 0 0 2 0 2
130 0 0 2 0 0
140 0 0 2 0 0
150 0 0 2 0 0
160 0 0 2 0 0
170 0 0 2 0 0
180 0 2 2 0 0
190 2 0 2 0 0
200 2 0 2 0 0
210 2 0 0 2 0
220 2 0 2 0 0
230 2 0 2 0 0
240 2 0 0 2 0
250 2 0 0 2 0
260 2 0 2 0 0
270 2 0 2 0 0
280 0 0 2 0 0
290 0 0 2 0 0
300 0 0 2 0 0
310 0 0 2 0 0
320 0 0 2 0 0
330 0 0 2 0 1
340 0 0 2 0 1
350 0 0 2 0 2
360 0 0 2 0 2
370 0 0 2 0 2
380 0 0 2 0 2
390 0 0 2 0 2
400 0 0 2 0 2
410 0 0 2 0 2
420 0 0 2 0 2
430 0 0 2 0 2
440 0 0 2 0 2
450 0 0 2 0 2
460 0 2 2 0 2
470 0 2 2 0 2
480 2 0 2 0 2
490 2 0 0 2 2
500 2 0 0 0 2
510 2 0 0 0 2
520 2 0 0 0 0
530 2 0 0 0 0
540 2 0 0 0 0
550 2 0 0 3 0
560 2 0 0 3 0
570 2 0 0 3 0
580 2 0 0 3 0
590 2 0 0 3 0
600 2 0 0 3 0
610 2 0 0 3 0
620 2 0 0 3 0
630 2 0 0 3 0
640 2 0 0 3 0
650 2 0 0 3 0
660 2 0 0 0 0
670 2 0 0 0 0
680 2 0 0 0 0
690 2 0 0 0 0
700 2 0 0 0 0
710 2 0 0 0 0
720 2 0 0 0 0
730 2 0 0 2 0
740 0 0 2 0 0
750 0 0 2 0 0
760 0 0 2 0 0
770 0 0 2 0 0
780 0 0 2 0 1
790 0 0 2 0 1
800 0 0 2 0 1
810 0 0 2 0 2
820 0 0 2 0 2
830 0 0 2 0 2
840 0 0 2 0 2
850 0 0 2 0 2
860 0 0 2 0 2
870 0 0 2 0 2
880 0 0 2 0 2
890 0 0 2 0 2
900 0 0 2 0 2
910 2 0 2 0 2
920 2 0 0 2 2
930 2 0 0 0 2
940 2 0 0 0 2
950 2 0 0 0 0
960 2 0 0 0 0
970 2 0 0 0 0
980 2 0 0 0 0
990 2 0 0 0 0
1000 2 0 0 0 0
1010 2 0 0 0 0
1020 2 0 2 0 0
1030 2 0 2 0 0
1040 0 0 2 0 0
1050 0 0 2 0 0
1060 0 0 2 0 0
1070 0 0 2 0 0
1080 0 0 2 0 0
1090 0 0 2 0 0
1100 0 0 2 0 0
1110 0 0 2 0 0
1120 0 0 2 0 0
1130 0 0 2 0 0
1140 0 0 2 0 0
1150 0 3 2 0 0
1160 3 0 2 0 0
1170 3 0 2 0 0
1180 3 0 2 0 0
1190 3 0 2 0 0
1200 0 3 2 0 0
1210 0 0 2 0 0
1220 0 0 2 0 0
1230 0 0 2 0 0
1240 0 0 2 0 0
1250 0 0 2 0 0
1260 0 0 2 0 0
1270 0 0 2 0 0
1280 0 0 2 0 0
1290 0 3 2 0 0
1300 0 3 2 0 0
1310 0 3 2 0 0
1320 0 3 2 0 0
1330 0 0 2 0 0
1340 0 0 2 0 0
1350 0 0 2 0 0
1360 0 0 2 0 0
1370 0 0 2 0 0
1380 0 0 2 0 0
1390 0 0 2 0 0
1400 0 0 2 0 0
1410 0 0 2 0 0
1420 0 0 2 0 1
1430 0 0 2 0 1
1440 0 0 2 0 2
1450 0 0 2 0 2
1460 0 0 2 0 2
1470 0 0 2 0 2
1480 0 0 2 0 2
1490 0 0 2 0 2
1500 0 0 2 0 2
1510 0 0 2 0 2
1520 0 0 2 0 2
1530 0 0 2 0 2
1540 0 0 2 0 2
1550 0 0 2 0 2
1560 0 0 2 0 2
1570 0 0 2 0 2
1580 0 0 2 0 2
1590 0 2 2 0 2
1600 2 0 2 0 2
1610 2 0 0 0 2
1620 2 0 0 0 2
1630 2 0 0 0 0
1640 2 0 0 0 0
1650 2 0 0 0 0
1660 2 0 0 0 0
1670 2 0 0 0 0
1680 2 0 0 0 0
1690 2 0 0 3 0
1700 2 0 0 3 0
1710 2 0 0 3 0
1720 2 0 0 3 0
1730 2 0 3 3 0
1740 2 0 3 3 0
1750 2 0 3 3 0
1760 2 0 3 3 0
1770 2 0 3 3 0
1780 2 0 3 3 0
1790 2 0 3 3 0
1800 2 0 3 3 0
1810 2 0 3 3 0
1820 2 0 3 3 0
1830 2 0 3 3 0
1840 2 0 0 3 0
1850 2 0 0 3 0
1860 2 0 0 3 0
1870 2 0 0 3 0
1880 2 0 0 3 0
1890 2 0 0 3 0
1900 2 0 0 0 0
1910 2 0 0 0 0
1920 2 0 0 3 0
1930 2 0 0 0 0
1940 2 0 0 0 0
1950 2 0 0 0 0
1960 2 0 0 0 0
1970 2 0 0 0 0
1980 2 0 0 0 0
1990 2 0 0 3 0
2000 2 0 0 3 0
2010 2 0 0 3 0
2020 2 0 0 3 0
2030 2 0 0 3 0
2040 2 0 0 3 0
2050 2 0 0 3 0
2060 2 0 0 3 0
2070 2 0 0 3 0
2080 2 0 0 0 0
2090 2 0 0 0 0
2100 2 0 0 0 0
2110 2 0 0 0 0
2120 2 0 0 0 0
2130 2 0 0 0 0
2140 2 0 0 0 0
2150 2 0 2 0 0
2160 0 0 2 0 0
2170 0 0 2 0 0
2180 0 0 2 0 0
2190 0 0 2 0 0
2200 0 0 2 0 0
2210 3 0 2 0 0
2220 3 0 2 0 0
2230 3 0 2 0 0
2240 3 0 2 0 0
2250 3 0 2 0 0
2260 3 0 2 0 0
2270 3 0 2 0 1
2280 3 0 2 0 1
2290 3 0 2 0 2
2300 3 0 2 0 2
2310 3 0 2 0 2
2320 3 0 2 0 2
2330 3 0 2 0 2
2340 3 0 2 0 2
2350 3 0 2 0 2
2360 3 0 2 0 2
2370 3 0 2 0 2
2380 3 0 2 0 2
2390 3 0 2 0 2
2400 3 0 2 0 2
2410 0 0 2 0 2
2420 0 0 2 0 2
2430 0 0 2 0 2
2440 0 0 2 0 2
2450 0 0 2 0 2
2460 2 0 2 0 2
2470 2 0 0 0 2
2480 2 0 0 0 0
2490 2 0 0 0 0
2500 2 0 0 0 0
2510 2 0 0 3 0
2520 2 0 0 3 0
2530 2 0 0 3 0
2540 2 0 0 3 0
2550 2 0 0 3 0
2560 2 0 0 3 0
2570 2 0 0 3 1
2580 0 0 0 3 1
2590 0 0 0 3 0
2600 0 0 0 3 0
2610 0 0 0 3 1
2620 0 0 0 3 1
2630 0 4 0 4 1
2640 0 4 0 4 1
2650 0 4 0 4 1
2660 0 4 0 4 1
2670 0 4 0 4 1
2680 0 4 0 4 1
2690 0 4 0 4 1
2700 0 4 0 4 1
2710 0 4 0 4 1
2720 0 4 0 4 1
2730 0 4 0 4 1
2740 0 4 0 4 1
