0 0 0 0 0 2
10 0 0 2 0 2
20 0 0 2 0 2
30 0 0 2 0 0
40 0 0 2 0 0
50 0 0 2 0 0
60 0 0 2 0 0
70 0 0 2 0 0
80 0 0 2 0 0
90 0 0 2 0 0
100 0 0 2 0 1
110 0 0 2 0 1
120 0 0 2 0 1
130 0 0 0 2 1
140 0 0 0 2 1
150 0 0 0 0 1
160 0 0 0 2 1
170 0 0 0 2 1
180 0 0 2 0 1
190 0 0 2 0 1
200 0 0 2 0 0
210 0 0 2 0 0
220 0 0 2 0 0
230 0 0 2 0 1
240 0 0 0 0 1
250 0 0 0 0 1
260 0 0 0 0 1
270 0 0 0 0 1
280 0 0 0 2 1
290 0 0 0 2 1
300 0 0 0 2 1
310 0 0 2 0 1
320 0 0 2 0 0
330 0 0 2 0 0
340 0 0 2 0 0
350 0 0 2 0 0
360 0 0 2 0 0
370 0 0 2 0 0
380 0 2 2 0 0
390 0 2 2 0 0
400 0 2 2 0 0
410 0 2 2 0 0
420 0 2 2 0 0
430 0 2 2 0 0
440 0 2 2 0 0
450 0 2 2 0 0
460 0 0 2 0 0
470 0 0 2 0 0
480 0 0 2 0 0
490 0 0 2 0 0
500 0 0 2 0 0
510 0 0 2 0 0
520 0 0 2 0 1
530 0 0 2 0 1
540 0 0 2 0 1
550 0 0 2 0 1
560 0 0 2 0 1
570 0 0 2 0 1
580 0 0 2 0 1
590 0 0 2 0 1
600 0 0 2 0 2
610 0 0 2 0 2
620 0 0 2 0 2
630 0 0 2 0 2
640 0 0 2 0 2
650 0 0 2 0 2
660 0 0 2 0 2
670 0 0 2 0 2
680 0 0 2 0 2
690 0 0 2 0 2
700 0 0 2 0 2
710 0 0 2 0 2
720 0 0 2 0 2
730 0 0 2 0 2
740 0 0 2 0 2
750 0 0 2 0 2
760 0 0 2 0 2
770 0 0 2 0 2
780 0 0 2 0 2
790 0 0 2 0 2
800 0 0 2 0 2
810 0 0 2 0 2
820 0 0 2 0 2
830 0 0 2 0 2
840 0 0 2 0 2
850 0 2 2 0 2
860 0 2 2 0 2
870 0 2 2 0 2
880 0 0 2 0 2
890 0 0 2 0 2
900 0 0 2 0 2
910 0 0 2 0 2
920 0 0 2 0 2
930 0 0 2 0 2
940 0 0 2 0 2
950 0 0 2 0 2
960 2 0 2 0 2
970 2 0 0 2 2
980 2 0 0 0 2
990 2 0 0 0 2
1000 2 0 0 0 2
1010 2 0 0 0 2
1020 2 0 0 0 2
1030 2 0 0 0 0
1040 2 0 0 0 0
1050 2 0 0 0 0
1060 2 0 0 0 0
1070 2 0 0 0 0
1080 2 0 0 0 0
1090 2 0 0 0 0
1100 2 0 0 0 0
1110 2 0 0 0 0
1120 2 0 0 0 0
1130 2 0 0 0 0
1140 2 0 0 0 0
1150 2 0 0 0 0
1160 2 0 0 0 0
1170 2 0 0 0 0
1180 2 0 0 0 0
1190 2 0 2 0 0
1200 2 0 2 0 0
1210 0 0 2 0 0
1220 0 0 2 0 0
1230 0 0 2 0 0
1240 0 0 2 0 0
1250 0 0 2 0 0
1260 0 0 2 0 0
1270 0 0 2 0 1
1280 0 0 2 0 1
1290 0 0 2 0 1
1300 0 0 2 0 1
1310 0 0 2 0 2
1320 0 0 2 0 2
1330 0 0 2 0 2
1340 0 0 2 0 2
1350 0 0 2 0 2
1360 0 0 2 0 2
1370 0 0 2 0 2
1380 0 0 2 0 2
1390 0 0 2 0 2
1400 0 0 2 0 2
1410 0 0 2 0 2
1420 0 0 2 0 2
1430 0 0 2 0 2
1440 0 0 2 0 2
1450 0 0 2 0 2
1460 0 0 2 0 2
1470 0 0 2 0 2
1480 0 2 2 0 2
1490 2 0 2 0 2
1500 2 0 2 0 2
1510 2 0 0 2 2
1520 2 0 0 0 2
1530 2 0 0 0 2
1540 2 0 0 0 2
1550 2 0 0 0 0
1560 2 0 0 0 0
1570 2 0 0 0 0
1580 2 0 0 0 0
1590 2 0 0 0 0
1600 2 0 0 0 0
1610 2 0 0 0 0
1620 2 0 0 0 0
1630 2 0 0 0 0
1640 2 0 0 0 0
1650 2 0 0 0 0
1660 2 0 0 0 0
1670 2 0 0 0 0
1680 2 0 0 0 0
1690 2 0 0 0 0
1700 2 0 0 0 0
1710 2 0 0 0 0
1720 2 0 0 0 0
1730 2 0 0 0 0
1740 2 0 0 0 0
1750 2 0 0 0 0
1760 2 0 0 0 0
1770 2 0 0 2 0
1780 2 0 2 0 0
1790 0 0 2 0 0
1800 0 0 2 0 0
1810 0 3 2 0 0
1820 0 3 2 0 0
1830 0 3 2 0 0
1840 0 3 2 0 0
1850 0 3 2 0 1
1860 0 3 2 0 1
1870 0 3 2 0 2
1880 0 3 2 0 2
1890 0 3 2 0 2
1900 0 3 2 0 2
1910 0 3 2 0 2
1920 0 3 2 0 2
1930 0 3 2 0 2
1940 0 3 2 0 2
1950 0 3 2 0 2
1960 0 3 2 0 2
1970 0 3 2 0 2
1980 0 3 2 0 2
1990 0 0 2 0 2
2000 0 0 2 0 2
2010 0 0 2 0 2
2020 0 0 2 0 2
2030 0 0 2 0 2
2040 0 0 2 0 2
2050 0 0 2 0 2
2060 0 0 2 0 2
2070 0 0 2 0 2
2080 2 0 2 0 2
2090 2 0 2 0 2
2100 2 0 2 0 2
2110 2 0 0 2 2
2120 2 0 0 0 2
2130 2 0 0 0 2
2140 2 0 0 0 2
2150 2 0 0 0 2
2160 2 0 0 0 2
2170 2 0 0 0 2
2180 2 0 0 0 0
2190 2 0 0 0 0
2200 2 0 0 0 0
2210 2 0 0 0 0
2220 2 0 0 0 0
2230 2 0 0 0 0
2240 2 0 0 0 0
2250 2 0 0 0 0
2260 2 0 0 0 0
2270 2 0 0 0 0
2280 2 0 0 0 0
2290 2 0 0 0 0
2300 2 0 0 0 0
2310 2 0 0 0 0
2320 2 0 2 0 0
2330 0 2 2 0 0
2340 0 0 2 0 0
2350 0 0 2 0 0
2360 0 0 2 0 0
2370 0 0 2 0 0
2380 0 0 2 0 1
2390 0 0 2 0 1
2400 0 0 2 0 1
2410 0 0 2 0 2
2420 0 0 2 0 2
2430 0 0 2 0 2
2440 0 0 2 0 2
2450 0 0 2 0 2
2460 0 0 2 0 2
2470 0 0 2 0 2
2480 0 0 2 0 2
2490 0 0 2 0 2
2500 0 0 2 0 2
2510 0 0 2 0 2
2520 0 0 2 0 2
2530 0 0 2 0 2
2540 0 0 2 0 2
2550 0 0 2 0 2
2560 0 0 2 0 2
2570 0 0 2 0 2
2580 0 2 2 0 2
2590 2 0 2 0 2
2600 2 0 0 0 2
2610 2 0 0 0 2
2620 2 0 0 0 2
2630 2 0 0 0 2
2640 2 0 0 0 0
2650 2 0 0 0 0
2660 2 0 0 0 0
2670 2 0 0 0 0
2680 2 0 0 0 0
2690 2 0 0 0 0
2700 2 0 0 0 0
2710 2 0 0 0 0
2720 2 0 0 0 0
2730 0 0 0 0 1
2740 0 0 0 0 1
2750 0 0 0 0 1
2760 0 0 0 0 1
2770 0 4 0 0 1
2780 0 4 0 0 1
2790 0 4 0 4 1
2800 0 4 0 4 1
2810 0 4 0 4 1
2820 0 4 0 4 1
2830 0 4 0 4 1
2840 0 4 0 4 1
2850 0 4 0 4 1
2860 0 4 0 4 1
