0 0 0 0 0 2
10 0 0 0 0 2
20 0 0 0 0 2
30 0 0 0 0 2
40 0 0 0 0 2
50 0 0 0 0 2
60 0 0 0 2 2
70 0 0 2 0 2
80 0 0 2 0 0
90 0 0 2 0 0
100 0 0 2 0 0
110 0 0 2 0 0
120 0 0 2 0 0
130 0 0 2 0 0
140 2 0 2 0 0
150 2 0 0 0 0
160 2 0 0 0 0
170 2 0 0 0 0
180 2 0 0 0 0
190 2 0 0 0 0
200 2 0 2 0 0
210 0 0 2 0 0
220 0 0 2 0 0
230 0 0 2 0 0
240 0 0 2 0 0
250 0 0 2 0 0
260 0 0 2 0 1
270 0 0 2 0 1
280 0 0 2 0 1
290 0 0 2 0 2
300 0 0 2 0 2
310 0 0 2 0 2
320 0 0 2 0 2
330 0 0 2 0 2
340 0 0 2 0 2
350 0 0 2 0 2
360 0 0 2 0 2
370 0 0 2 0 2
380 0 0 2 0 2
390 0 0 2 0 2
400 0 0 2 0 2
410 0 0 2 0 2
420 0 0 2 0 2
430 0 2 2 0 2
440 2 0 2 0 2
450 2 0 0 2 2
460 2 0 0 0 2
470 2 0 0 0 2
480 2 0 0 0 0
490 2 0 0 0 0
500 2 0 0 0 0
510 2 0 0 0 0
520 2 0 0 0 0
530 2 0 0 0 0
540 2 0 0 0 0
550 2 0 0 0 0
560 2 0 0 0 0
570 2 0 0 0 0
580 2 0 0 0 0
590 2 0 0 2 0
600 2 0 2 0 0
610 0 0 2 0 0
620 0 0 2 0 0
630 0 0 2 0 0
640 0 0 2 0 0
650 0 0 2 0 0
660 0 0 2 0 0
670 0 0 2 0 1
680 0 0 2 0 1
690 0 0 2 0 2
700 0 0 2 0 2
710 0 0 2 0 2
720 0 0 2 0 2
730 0 0 2 0 2
740 0 0 2 0 2
750 0 0 2 0 2
760 0 0 2 0 2
770 0 0 2 0 2
780 0 0 2 0 2
790 0 0 2 0 2
800 2 0 2 0 2
810 2 0 2 0 2
820 2 0 0 0 2
830 2 0 0 0 2
840 2 0 0 0 0
850 2 0 0 0 0
860 2 0 0 0 0
870 2 0 0 0 0
880 2 0 0 0 0
890 2 0 0 0 0
900 2 0 0 0 0
910 2 0 0 0 0
920 2 0 0 0 0
930 2 0 0 0 0
940 2 0 0 0 0
950 2 0 0 2 0
960 2 0 2 0 0
970 0 0 2 0 0
980 0 0 2 0 0
990 0 0 2 0 0
1000 0 0 2 0 0
1010 0 0 2 0 0
1020 0 0 2 0 0
1030 0 0 2 0 0
1040 0 0 2 0 0
1050 0 0 2 0 0
1060 0 0 2 0 0
1070 0 0 2 0 1
1080 0 0 2 0 1
1090 0 0 2 0 1
1100 0 0 2 0 2
1110 0 0 2 0 2
1120 0 0 2 0 2
1130 0 0 2 0 2
1140 0 0 2 0 2
1150 0 0 2 0 2
1160 0 0 2 0 2
1170 0 0 2 0 2
1180 0 0 2 0 2
1190 0 0 2 0 2
1200 0 0 2 0 2
1210 0 0 2 0 2
1220 0 2 2 0 2
1230 2 0 2 0 2
1240 2 0 0 0 2
1250 2 0 0 0 2
1260 2 0 0 0 0
1270 2 0 0 0 0
1280 2 0 0 0 0
1290 2 0 0 0 0
1300 2 0 0 0 0
1310 2 0 0 0 0
1320 2 0 0 0 0
1330 2 0 0 0 0
1340 2 0 0 0 0
1350 2 0 0 0 0
1360 2 0 0 2 0
1370 2 0 2 0 0
1380 0 0 2 0 0
1390 0 0 2 0 0
1400 0 0 2 0 0
1410 0 0 2 0 0
1420 0 3 2 0 0
1430 0 3 2 0 0
1440 0 3 2 0 0
1450 0 3 2 0 0
1460 0 3 2 0 0
1470 0 3 2 0 0
1480 0 3 2 0 0
1490 0 3 2 0 0
1500 0 3 2 0 1
1510 0 3 2 0 1
1520 0 3 2 0 1
1530 0 3 2 0 2
1540 0 3 2 0 2
1550 0 3 2 0 2
1560 0 3 2 0 2
1570 0 3 2 0 2
1580 0 3 2 0 2
1590 0 3 2 0 2
1600 0 3 2 0 2
1610 0 3 2 0 2
1620 0 0 2 0 2
1630 0 0 2 0 2
1640 0 0 2 0 2
1650 0 0 2 0 2
1660 0 0 2 0 2
1670 0 2 2 0 2
1680 2 0 2 0 2
1690 2 0 0 2 2
1700 2 0 0 0 2
1710 2 0 0 0 0
1720 2 0 0 0 0
1730 2 0 0 0 0
1740 2 0 0 0 0
1750 2 0 0 0 0
1760 2 0 0 0 0
1770 2 0 0 0 0
1780 2 0 0 0 0
1790 2 0 0 2 0
1800 2 0 2 0 0
1810 0 0 2 0 0
1820 0 0 2 0 0
1830 0 0 2 0 0
1840 0 0 2 0 0
1850 0 0 2 0 0
1860 0 0 2 0 1
1870 0 0 2 0 1
1880 0 0 2 0 2
1890 0 0 0 0 2
1900 0 0 0 0 2
1910 0 0 0 0 2
1920 0 0 0 0 2
1930 0 0 0 4 2
1940 0 0 0 4 2
1950 0 4 0 4 2
1960 0 4 0 4 2
1970 0 4 0 4 2
1980 0 4 0 0 2
1990 0 0 0 0 2
2000 0 0 0 0 2
2010 0 0 0 0 2
2020 0 0 0 0 2
2030 0 0 0 0 2
2040 0 0 0 0 2
