0 0 0 0 0 2
10 0 0 0 0 2
20 0 0 0 0 2
30 0 0 0 0 2
40 0 0 0 0 2
50 0 0 0 0 2
60 0 0 0 0 2
70 0 0 0 0 2
80 0 0 0 0 2
90 0 0 0 0 2
100 0 0 0 2 2
110 0 0 2 0 2
120 0 0 2 0 2
130 0 0 2 0 2
140 0 0 2 0 2
150 0 0 2 0 2
160 0 0 2 0 0
170 0 0 2 0 0
180 0 0 2 0 0
190 0 0 2 0 0
200 0 0 2 0 0
210 0 0 2 0 0
220 0 0 2 0 0
230 0 0 2 0 0
240 0 0 2 0 0
250 0 0 2 0 0
260 0 0 2 0 1
270 0 0 2 0 1
280 0 0 2 0 1
290 0 0 2 0 2
300 0 0 2 0 2
310 0 0 2 0 2
320 0 0 2 0 2
330 0 0 2 0 2
340 0 0 2 0 2
350 0 0 2 0 2
360 0 0 2 0 2
370 0 0 2 0 2
380 0 0 2 0 2
390 0 0 2 0 2
400 0 0 2 0 2
410 0 0 2 0 2
420 0 0 2 0 2
430 0 0 2 0 2
440 0 2 2 0 2
450 2 0 2 0 2
460 2 0 0 2 2
470 2 0 0 0 2
480 2 0 0 0 2
490 2 0 0 0 2
500 2 0 0 0 2
510 2 0 0 0 0
520 2 0 0 0 0
530 2 0 0 0 0
540 2 0 0 0 0
550 2 0 0 0 0
560 2 0 0 0 0
570 2 0 0 0 0
580 2 0 0 0 0
590 2 0 0 0 0
600 2 0 0 0 0
610 2 0 0 0 0
620 2 0 0 0 0
630 2 0 0 0 0
640 2 0 0 0 0
650 2 0 0 0 0
660 2 0 0 2 0
670 2 0 0 2 0
680 2 0 0 2 0
690 0 2 2 0 0
700 0 2 2 0 0
710 0 0 2 0 0
720 0 0 2 0 0
730 0 0 2 0 0
740 0 0 2 0 1
750 0 0 2 0 1
760 0 0 2 0 2
770 0 0 2 0 2
780 0 0 2 0 2
790 0 0 2 0 2
800 0 0 2 0 2
810 0 0 2 0 2
820 0 0 2 0 2
830 0 0 2 0 2
840 0 0 2 0 2
850 0 0 2 0 2
860 0 0 2 0 2
870 0 0 2 0 2
880 0 0 2 0 2
890 0 0 2 0 2
900 0 0 2 0 2
910 0 0 2 0 2
920 0 0 2 0 2
930 0 0 2 0 2
940 0 0 2 0 2
950 0 0 2 0 2
960 0 2 2 0 2
970 2 0 2 0 2
980 2 0 0 2 2
990 2 0 0 0 2
1000 2 0 0 0 2
1010 2 0 0 0 2
1020 2 0 0 0 0
1030 2 0 0 0 0
1040 2 0 0 0 0
1050 2 0 0 0 0
1060 2 0 0 0 0
1070 2 0 0 0 0
1080 2 0 0 0 0
1090 2 0 0 0 0
1100 2 0 0 0 0
1110 2 0 0 0 0
1120 2 0 0 0 0
1130 2 0 0 0 0
1140 2 0 0 0 0
1150 2 0 0 0 0
1160 2 0 0 0 0
1170 2 0 0 0 0
1180 2 0 0 0 0
1190 2 0 0 0 0
1200 2 0 0 2 0
1210 2 0 0 2 0
1220 2 0 0 2 0
1230 2 0 0 2 0
1240 2 0 0 2 0
1250 2 0 0 2 0
1260 2 0 2 0 0
1270 0 2 2 0 0
1280 0 0 2 0 0
1290 0 0 2 0 0
1300 0 0 2 0 0
1310 0 0 2 0 0
1320 0 0 2 0 0
1330 0 0 2 0 0
1340 0 0 2 0 1
1350 0 0 2 0 1
1360 0 0 2 0 2
1370 0 0 2 0 2
1380 0 0 2 0 2
1390 0 0 2 0 2
1400 0 0 2 0 2
1410 0 0 2 0 2
1420 0 0 2 0 2
1430 0 0 2 0 2
1440 0 0 2 0 2
1450 0 0 2 0 2
1460 0 0 2 0 2
1470 0 0 2 0 2
1480 0 0 2 0 2
1490 0 0 2 0 2
1500 0 2 2 0 2
1510 2 0 2 0 2
1520 2 0 0 2 2
1530 2 0 0 3 2
1540 2 0 0 0 2
1550 2 0 0 0 2
1560 2 0 0 0 0
1570 2 0 0 0 0
1580 2 0 0 0 0
1590 2 0 0 0 0
1600 2 0 0 0 0
1610 2 0 0 0 0
1620 2 0 0 0 0
1630 2 0 0 0 0
1640 2 0 0 0 0
1650 2 0 0 0 0
1660 2 0 0 0 0
1670 2 0 0 0 0
1680 2 0 0 0 0
1690 2 0 0 0 0
1700 2 0 0 0 0
1710 2 0 0 0 0
1720 2 0 0 0 0
1730 2 0 0 2 0
1740 2 0 0 2 0
1750 2 0 0 2 0
1760 2 0 2 0 0
1770 2 0 2 0 0
1780 0 2 2 0 0
1790 0 0 2 0 0
1800 0 0 2 0 0
1810 0 0 2 0 0
1820 0 0 2 0 0
1830 0 0 2 0 0
1840 0 0 2 0 0
1850 0 0 2 0 0
1860 0 0 2 0 1
1870 0 0 2 0 1
1880 0 0 2 0 1
1890 0 0 2 0 2
1900 0 0 2 0 2
1910 0 0 2 0 2
1920 0 0 2 0 2
1930 0 0 2 0 2
1940 0 0 2 0 2
1950 0 0 2 0 2
1960 0 0 2 0 2
1970 0 0 2 0 2
1980 0 0 2 0 2
1990 0 0 2 0 2
2000 0 0 2 0 2
2010 0 0 2 0 2
2020 0 0 2 0 2
2030 0 0 2 0 2
2040 0 0 2 0 2
2050 2 0 2 0 2
2060 2 0 0 2 2
2070 2 0 0 2 2
2080 2 0 0 0 2
2090 2 0 0 0 0
2100 2 0 0 0 0
2110 2 0 0 0 0
2120 2 0 0 0 0
2130 2 0 0 0 0
2140 2 0 0 0 0
2150 2 0 0 0 0
2160 2 0 0 0 0
2170 2 0 0 0 0
2180 2 0 0 0 0
2190 2 0 0 2 0
2200 0 2 2 0 0
2210 0 0 2 0 0
2220 0 0 2 0 0
2230 0 0 2 0 0
2240 0 0 2 0 0
2250 0 0 2 0 0
2260 0 0 2 0 0
2270 2 0 2 0 0
2280 2 0 2 0 0
2290 2 0 0 2 0
2300 2 0 0 0 0
2310 2 0 0 0 0
2320 2 0 0 0 0
2330 2 0 0 0 0
2340 2 0 0 0 0
2350 2 0 0 0 0
2360 2 0 0 0 1
2370 2 0 0 0 1
2380 2 0 0 0 2
2390 2 0 0 0 2
2400 2 0 0 0 2
2410 2 0 0 0 2
2420 0 2 0 0 2
2430 0 0 0 0 2
2440 0 0 0 0 2
2450 0 0 0 0 2
2460 0 0 0 0 2
2470 0 0 0 0 2
2480 0 0 0 0 2
2490 0 0 0 0 2
2500 0 0 0 0 2
2510 0 0 0 0 2
2520 0 4 0 0 2
2530 0 4 0 0 2
2540 0 4 0 0 2
2550 0 4 0 4 2
2560 0 4 0 4 2
2570 0 4 0 4 2
2580 0 4 0 4 2
2590 0 4 0 4 2
2600 0 4 0 4 2
