0 0 0 0 0 2
10 0 0 0 0 2
20 0 0 0 0 2
30 0 0 0 0 2
40 0 0 0 0 2
50 0 0 0 0 2
60 0 0 2 0 2
70 0 0 2 0 2
80 0 0 2 0 0
90 0 0 2 0 0
100 0 0 2 0 0
110 0 0 2 0 0
120 0 0 2 0 0
130 0 0 2 0 0
140 0 0 2 0 0
150 0 0 2 0 0
160 0 0 2 0 0
170 0 0 2 0 0
180 0 0 2 0 0
190 0 2 2 0 0
200 2 0 2 0 0
210 2 0 2 0 0
220 2 0 0 2 0
230 2 0 0 0 0
240 2 0 0 0 0
250 2 0 0 0 0
260 2 0 0 0 0
270 2 0 0 0 0
280 2 0 0 0 0
290 2 0 0 0 0
300 2 0 0 0 0
310 2 0 0 0 0
320 2 0 0 0 0
330 2 0 0 0 0
340 2 0 0 0 0
350 2 0 0 0 0
360 2 0 0 0 0
370 2 0 0 2 0
380 2 0 2 0 0
390 0 2 2 0 0
400 0 2 2 0 0
410 0 0 2 0 0
420 0 0 2 0 0
430 0 0 2 0 0
440 0 0 2 0 0
450 0 0 2 0 0
460 0 0 2 0 0
470 0 0 2 0 1
480 0 0 2 0 1
490 0 0 2 0 1
500 0 0 2 0 1
510 0 0 2 0 1
520 0 0 2 0 1
530 0 0 2 0 1
540 0 0 2 0 1
550 0 0 2 0 1
560 0 0 2 0 1
570 0 0 2 0 1
580 0 0 2 0 1
590 0 0 2 0 2
600 0 0 2 0 2
610 0 0 2 0 2
620 0 0 2 0 2
630 0 0 2 0 2
640 0 0 2 0 2
650 0 0 2 0 2
660 0 0 2 0 2
670 0 0 2 0 2
680 0 0 2 0 2
690 0 0 2 0 2
700 0 0 2 0 2
710 0 0 2 0 2
720 0 0 2 0 2
730 0 0 2 0 2
740 0 0 2 0 2
750 0 0 2 0 2
760 0 0 2 0 2
770 0 0 2 0 2
780 0 0 2 0 2
790 2 0 2 0 2
800 2 0 2 0 2
810 2 0 2 0 2
820 2 0 0 2 2
830 2 0 0 0 2
840 2 0 0 0 2
850 2 0 0 0 2
860 2 0 0 0 2
870 2 0 0 0 2
880 2 0 0 0 2
890 2 0 0 0 2
900 2 0 0 0 2
910 2 0 0 0 2
920 2 0 0 0 2
930 2 0 0 0 0
940 2 0 0 0 0
950 2 0 0 0 0
960 2 0 0 0 0
970 2 0 0 0 0
980 2 0 0 0 0
990 2 0 0 0 0
1000 2 0 0 0 0
1010 2 0 0 0 0
1020 2 0 0 0 0
1030 2 0 0 0 0
1040 2 0 0 0 0
1050 2 0 0 0 0
1060 2 0 0 0 0
1070 2 0 0 0 0
1080 2 0 0 0 0
1090 2 0 0 0 0
1100 2 0 0 0 0
1110 2 0 0 0 0
1120 2 0 0 0 0
1130 2 0 0 0 0
1140 2 0 0 0 0
1150 2 0 0 0 0
1160 2 0 0 0 0
1170 2 0 0 0 0
1180 2 0 0 0 0
1190 2 0 0 0 0
1200 2 0 0 0 0
1210 2 0 0 0 0
1220 2 0 0 0 0
1230 2 0 0 0 0
1240 2 0 0 0 0
1250 2 0 0 0 0
1260 2 0 0 2 0
1270 2 0 0 2 0
1280 2 0 0 2 0
1290 2 0 2 0 0
1300 2 0 2 0 0
1310 2 0 2 0 0
1320 0 0 2 0 0
1330 0 0 2 0 0
1340 0 0 2 0 0
1350 0 0 2 0 0
1360 0 0 2 0 0
1370 0 3 2 0 0
1380 0 3 2 0 0
1390 0 3 2 0 0
1400 0 3 2 0 0
1410 0 3 2 0 0
1420 0 3 2 0 0
1430 0 0 2 0 0
1440 0 0 2 0 0
1450 0 0 2 0 0
1460 0 0 2 0 0
1470 0 0 2 0 0
1480 0 0 2 0 0
1490 0 0 2 0 0
1500 0 0 2 0 0
1510 0 0 2 0 0
1520 0 0 2 0 0
1530 0 0 2 0 1
1540 0 0 2 0 1
1550 0 0 2 0 2
1560 0 0 2 0 2
1570 0 0 2 0 2
1580 0 0 2 0 2
1590 0 0 2 0 2
1600 0 0 2 0 2
1610 0 0 2 0 2
1620 0 0 2 0 2
1630 0 0 2 0 2
1640 0 0 2 0 2
1650 0 0 2 0 2
1660 0 0 2 0 2
1670 0 0 2 0 2
1680 0 0 2 0 2
1690 0 0 2 0 2
1700 0 0 2 0 2
1710 0 0 2 0 2
1720 0 0 2 0 2
1730 0 0 2 0 2
1740 0 0 2 0 2
1750 0 0 2 0 2
1760 0 0 2 0 2
1770 0 0 2 0 2
1780 0 0 2 0 2
1790 0 0 2 0 2
1800 0 2 2 0 2
1810 0 2 2 0 2
1820 0 2 2 0 2
1830 0 2 2 0 2
1840 2 0 2 0 2
1850 2 0 2 0 2
1860 2 0 0 0 2
1870 2 0 0 0 2
1880 2 0 0 0 2
1890 2 0 0 0 2
1900 2 0 0 0 2
1910 2 0 0 0 2
1920 2 0 0 0 2
1930 2 0 0 0 2
1940 2 0 0 0 0
1950 2 0 0 0 0
1960 2 0 0 0 0
1970 2 0 0 0 0
1980 2 0 0 0 0
1990 2 0 0 0 0
2000 2 0 0 0 0
2010 2 0 0 0 0
2020 2 0 0 0 0
2030 2 0 0 0 0
2040 2 0 0 0 0
2050 2 0 0 0 0
2060 2 0 0 0 0
2070 2 0 0 0 0
2080 2 0 0 0 0
2090 2 0 0 0 0
2100 2 0 0 0 0
2110 2 0 0 0 0
2120 2 0 0 0 0
2130 2 0 0 0 0
2140 2 0 0 0 0
2150 2 0 0 2 0
2160 2 0 0 2 0
2170 2 0 0 2 0
2180 2 0 0 2 0
2190 2 0 0 2 0
2200 2 0 0 2 0
2210 2 0 2 0 0
2220 2 0 2 0 0
2230 2 0 2 0 0
2240 0 2 2 0 0
2250 0 0 2 0 0
2260 0 0 2 0 0
2270 0 0 2 0 0
2280 0 0 2 0 0
2290 0 0 2 0 0
2300 0 3 2 0 0
2310 0 3 2 0 0
2320 0 3 2 0 0
2330 0 3 2 0 0
2340 0 3 2 0 0
2350 0 3 2 0 0
2360 0 3 2 0 0
2370 0 3 2 0 0
2380 0 3 2 0 0
2390 0 3 2 0 0
2400 0 3 2 0 0
2410 0 3 2 0 0
2420 0 3 2 0 0
2430 0 3 2 0 0
2440 0 3 2 0 0
2450 0 3 2 0 0
2460 0 3 2 0 0
2470 0 3 2 0 0
2480 0 3 2 0 0
2490 0 3 2 0 1
2500 0 3 2 0 1
2510 0 3 2 0 1
2520 0 0 2 0 1
2530 0 0 2 0 1
2540 0 0 2 0 1
2550 0 0 2 0 1
2560 0 0 2 0 2
2570 0 0 2 0 2
2580 0 0 2 0 2
2590 0 0 2 0 2
2600 0 0 2 0 2
2610 0 0 2 0 2
2620 0 0 2 0 2
2630 0 0 2 0 2
2640 0 0 2 0 2
2650 0 0 2 0 2
2660 0 0 2 0 2
2670 0 0 2 0 2
2680 0 0 2 0 2
2690 0 0 2 0 2
2700 0 0 2 0 2
2710 0 0 2 0 2
2720 0 0 2 0 2
2730 0 0 2 0 2
2740 0 0 2 0 2
2750 0 0 2 0 2
2760 0 0 2 0 2
2770 0 0 2 0 2
2780 0 0 2 0 2
2790 0 0 2 0 2
2800 0 0 2 0 2
2810 0 0 2 0 2
2820 0 0 2 0 2
2830 0 2 2 0 2
2840 2 0 2 0 2
2850 2 0 2 0 2
2860 2 0 0 2 2
2870 2 0 0 0 2
2880 2 0 0 0 2
2890 2 0 0 0 2
2900 2 0 0 0 2
2910 2 0 0 0 2
2920 2 0 0 0 2
2930 2 0 0 0 2
2940 2 0 0 0 2
2950 2 0 0 0 2
2960 2 0 0 0 0
2970 2 0 0 0 0
2980 2 0 0 0 0
2990 2 0 0 0 0
3000 2 0 0 0 0
3010 2 0 0 0 0
3020 2 0 0 0 0
3030 2 0 0 0 0
3040 2 0 0 0 0
3050 2 0 0 0 0
3060 2 0 0 0 0
3070 2 0 0 0 0
3080 2 0 0 0 0
3090 2 0 0 0 0
3100 2 0 0 0 0
3110 2 0 0 0 0
3120 2 0 0 0 0
3130 2 0 0 0 0
3140 2 0 0 0 0
3150 2 0 0 0 0
3160 2 0 0 0 0
3170 2 0 0 0 0
3180 2 0 0 0 0
3190 2 0 0 0 0
3200 2 0 0 0 0
3210 2 0 0 2 0
3220 0 2 2 0 0
3230 0 2 2 0 0
3240 0 0 2 0 0
3250 0 0 2 0 0
3260 0 0 2 0 0
3270 0 0 2 0 0
3280 0 0 2 0 0
3290 0 0 2 0 0
3300 0 0 2 0 1
3310 0 0 2 0 1
3320 0 0 2 0 1
3330 0 0 2 0 1
3340 0 0 2 0 1
3350 0 0 2 0 2
3360 0 0 2 0 2
3370 0 0 2 0 2
3380 0 0 2 0 2
3390 0 0 2 0 2
3400 0 0 2 0 2
3410 0 0 2 0 2
3420 0 0 2 0 2
3430 0 0 2 0 2
3440 0 0 2 0 2
3450 0 0 2 0 2
3460 0 0 2 0 2
3470 0 0 2 0 2
3480 0 0 2 0 2
3490 0 0 2 0 2
3500 0 0 2 0 2
3510 0 0 2 0 2
3520 0 0 2 0 2
3530 0 0 2 0 2
3540 0 2 2 0 2
3550 2 0 2 0 2
3560 2 0 0 2 2
3570 2 0 0 0 2
3580 2 0 0 0 2
3590 2 0 0 0 0
3600 2 0 0 0 0
3610 2 0 0 0 0
3620 2 0 0 0 0
3630 2 0 0 0 0
3640 2 0 0 0 0
3650 0 0 0 0 0
3660 0 0 0 0 0
3670 0 0 0 0 0
3680 0 0 0 0 0
3690 0 4 0 0 0
3700 0 4 0 0 0
3710 0 4 0 0 0
3720 0 4 0 0 0
3730 0 4 0 4 0
3740 0 4 0 4 0
