0 0 0 0 2 2
10 0 0 0 2 2
20 0 0 0 2 2
30 0 0 0 2 2
40 0 0 2 0 2
50 0 0 2 0 2
60 0 0 2 0 2
70 0 0 2 0 0
80 0 0 2 0 0
90 0 0 2 0 0
100 0 0 2 0 0
110 0 0 2 0 0
120 0 0 2 0 0
130 0 0 2 0 0
140 0 0 2 0 0
150 0 0 2 0 1
160 0 0 2 0 1
170 0 0 2 0 2
180 0 0 2 0 2
190 0 0 2 0 2
200 0 0 2 0 2
210 0 0 2 0 2
220 0 0 2 0 2
230 0 0 2 0 2
240 0 0 2 0 2
250 0 0 2 0 2
260 0 0 2 0 2
270 0 0 2 0 2
280 0 0 2 0 2
290 0 0 2 0 2
300 0 0 2 0 2
310 0 0 2 0 2
320 0 0 2 0 2
330 0 0 2 0 2
340 0 0 2 0 2
350 0 2 2 0 2
360 2 0 2 0 2
370 2 0 2 0 2
380 2 0 0 2 2
390 2 0 0 2 2
400 2 0 0 0 2
410 2 0 0 0 2
420 2 0 0 0 2
430 2 0 0 0 0
440 2 0 0 0 0
450 2 0 0 0 0
460 2 0 0 0 0
470 2 0 0 0 0
480 2 0 0 0 0
490 2 0 0 0 0
500 2 0 0 0 0
510 2 0 0 0 0
520 2 0 0 0 0
530 2 0 0 0 0
540 2 0 0 0 0
550 2 0 0 0 0
560 2 0 0 0 0
570 2 0 0 0 0
580 2 0 0 0 0
590 2 0 0 0 0
600 2 0 0 2 0
610 2 0 0 2 0
620 2 0 0 2 0
630 2 0 0 2 0
640 2 0 2 0 0
650 0 0 2 0 0
660 0 0 2 0 0
670 0 0 2 0 0
680 0 0 2 0 0
690 0 0 2 0 0
700 0 0 2 0 0
710 0 0 2 0 1
720 0 0 2 0 1
730 0 0 2 0 1
740 0 0 2 0 1
750 0 0 2 0 1
760 0 0 2 0 2
770 0 0 2 0 2
780 0 0 2 0 2
790 0 0 2 0 2
800 0 0 2 0 2
810 0 0 2 0 2
820 0 0 2 0 2
830 0 0 2 0 2
840 0 0 2 0 2
850 0 0 2 0 2
860 0 0 2 0 2
870 0 0 2 0 2
880 0 0 2 0 2
890 2 0 2 0 2
900 2 0 0 2 2
910 2 0 0 0 2
920 2 0 0 0 2
930 2 0 0 0 2
940 2 0 0 0 2
950 2 0 0 0 0
960 2 0 0 0 0
970 2 0 0 0 0
980 2 0 0 0 0
990 2 0 0 0 0
1000 2 0 0 0 0
1010 2 0 0 0 0
1020 2 0 0 0 0
1030 2 0 0 0 0
1040 2 0 0 0 0
1050 2 0 0 0 0
1060 2 0 0 0 0
1070 2 0 0 0 0
1080 2 0 0 0 0
1090 2 0 0 0 0
1100 2 0 0 0 0
1110 2 0 0 0 0
1120 2 0 0 0 0
1130 2 0 0 2 0
1140 2 0 0 2 0
1150 2 0 0 2 0
1160 2 0 2 0 0
1170 2 0 2 0 0
1180 0 2 2 0 0
1190 0 0 2 0 0
1200 0 0 2 0 0
1210 0 0 2 0 0
1220 0 0 2 0 0
1230 0 0 2 0 1
1240 0 0 2 0 1
1250 0 0 2 0 2
1260 0 0 2 0 2
1270 0 0 2 0 2
1280 0 0 2 0 2
1290 0 0 2 0 2
1300 0 0 2 0 2
1310 0 0 2 0 2
1320 0 0 2 0 2
1330 0 0 2 0 2
1340 0 0 2 0 2
1350 0 0 2 0 2
1360 0 0 2 0 2
1370 0 0 2 0 2
1380 0 0 2 0 2
1390 0 0 2 0 2
1400 0 2 2 0 2
1410 2 0 2 0 2
1420 2 0 0 2 2
1430 2 0 0 2 2
1440 2 0 0 0 2
1450 2 0 0 0 2
1460 2 0 0 0 2
1470 2 0 0 0 2
1480 2 0 0 0 0
1490 2 0 0 0 0
1500 2 0 0 0 0
1510 2 0 0 0 0
1520 2 0 0 0 0
1530 2 0 0 0 0
1540 2 0 0 0 0
1550 2 0 0 0 0
1560 2 0 0 0 0
1570 2 0 0 0 0
1580 2 0 0 0 0
1590 2 0 0 0 0
1600 2 0 0 0 0
1610 2 0 0 0 0
1620 2 0 0 2 0
1630 2 0 0 2 0
1640 2 0 2 0 0
1650 0 2 2 0 0
1660 0 0 2 0 0
1670 0 0 2 0 0
1680 0 0 2 0 0
1690 0 0 2 0 0
1700 0 0 2 0 0
1710 0 0 2 0 1
1720 0 0 2 0 1
1730 0 0 2 0 2
1740 0 0 2 0 2
1750 0 0 2 0 2
1760 0 0 2 0 2
1770 0 0 2 0 2
1780 0 0 2 0 2
1790 0 0 2 0 2
1800 0 0 2 0 2
1810 0 0 2 0 2
1820 0 0 2 0 2
1830 0 0 2 0 2
1840 0 0 2 0 2
1850 0 0 2 0 2
1860 0 2 2 0 2
1870 2 0 2 0 2
1880 2 0 0 2 2
1890 2 0 0 2 2
1900 2 0 0 0 2
1910 2 0 0 0 2
1920 2 0 0 0 2
1930 2 0 0 0 0
1940 2 0 0 0 0
1950 2 0 0 0 0
1960 2 0 0 0 0
1970 2 0 0 0 0
1980 2 0 0 0 0
1990 2 0 0 0 0
2000 2 0 0 0 0
2010 2 0 0 0 0
2020 2 0 0 0 0
2030 2 0 0 0 0
2040 2 0 0 0 0
2050 2 0 0 0 0
2060 2 0 0 0 0
2070 2 0 0 0 0
2080 2 0 0 0 0
2090 2 0 0 0 0
2100 2 0 0 0 0
2110 2 0 0 0 0
2120 2 0 0 0 0
2130 2 0 2 0 0
2140 2 0 2 0 0
2150 0 0 2 0 0
2160 0 0 2 0 0
2170 0 0 2 0 0
2180 0 0 2 0 0
2190 0 0 2 0 0
2200 0 0 2 0 0
2210 0 0 2 0 0
2220 0 0 2 0 0
2230 0 0 2 0 0
2240 2 0 2 0 0
2250 2 0 0 0 0
2260 2 0 0 0 0
2270 2 0 0 0 0
2280 2 0 0 0 0
2290 2 0 0 0 0
2300 2 0 0 0 0
2310 2 0 0 0 0
2320 2 0 0 0 1
2330 2 0 0 0 1
2340 2 0 0 0 1
2350 2 0 0 0 1
2360 2 0 0 0 2
2370 2 0 0 0 2
2380 2 0 0 0 2
2390 0 2 0 0 2
2400 0 0 0 0 2
2410 0 0 0 0 2
2420 0 0 0 0 2
2430 0 0 0 0 2
2440 0 0 0 0 2
2450 0 0 0 0 2
2460 0 0 0 0 2
2470 0 0 0 4 2
2480 0 0 0 4 2
