0 0 0 0 0 2
10 0 0 0 0 2
20 0 0 0 0 2
30 0 0 2 0 2
40 0 0 2 0 0
50 0 0 2 0 0
60 0 0 2 0 0
70 0 0 2 0 0
80 0 0 2 0 0
90 0 0 2 0 0
100 0 0 2 0 0
110 0 0 2 0 0
120 0 0 2 0 0
130 0 0 2 0 0
140 0 2 2 0 0
150 0 2 2 0 0
160 0 2 2 0 0
170 2 0 2 0 0
180 2 0 2 0 0
190 2 0 0 0 0
200 2 0 0 0 0
210 2 0 0 0 0
220 2 0 0 0 0
230 2 0 0 0 0
240 2 0 0 0 0
250 2 0 0 0 0
260 2 0 0 0 0
270 2 0 0 0 0
280 2 0 0 0 0
290 2 0 0 0 0
300 2 0 0 0 0
310 2 0 0 0 0
320 2 0 0 0 0
330 2 0 0 2 0
340 2 0 0 2 0
350 2 0 2 0 0
360 0 2 2 0 0
370 0 0 2 0 0
380 0 0 2 0 0
390 0 0 2 0 0
400 0 0 2 0 0
410 0 0 2 0 0
420 0 0 2 0 0
430 0 0 2 0 0
440 0 0 2 0 0
450 0 0 2 0 0
460 0 0 2 0 0
470 0 0 2 0 0
480 0 0 2 0 0
490 0 0 2 0 1
500 0 0 2 0 1
510 0 0 2 0 2
520 0 0 2 0 2
530 0 0 2 0 2
540 0 0 2 0 2
550 0 0 2 0 2
560 0 0 2 0 2
570 0 0 2 0 2
580 0 0 2 0 2
590 0 0 2 0 2
600 0 0 2 0 2
610 0 0 2 0 2
620 0 0 2 0 2
630 0 0 2 0 2
640 0 0 2 0 2
650 0 0 2 0 2
660 0 0 2 0 2
670 0 0 2 0 2
680 0 0 2 0 2
690 0 0 2 0 2
700 0 0 2 0 2
710 0 0 2 0 2
720 0 0 2 0 2
730 0 0 2 0 2
740 0 0 2 0 2
750 0 0 2 0 2
760 0 0 2 0 2
770 0 0 2 0 2
780 0 0 2 0 2
790 0 0 2 0 2
800 0 0 2 0 2
810 0 0 2 0 2
820 0 0 2 0 2
830 0 0 2 0 2
840 0 0 2 0 2
850 0 0 2 0 2
860 0 0 2 0 2
870 0 0 2 0 2
880 2 0 2 0 2
890 2 0 2 0 2
900 2 0 0 2 2
910 2 0 0 0 2
920 2 0 0 0 2
930 2 0 0 0 2
940 2 0 0 0 2
950 2 0 0 0 2
960 2 0 0 0 2
970 2 0 0 0 2
980 2 0 0 0 2
990 2 0 0 0 0
1000 2 0 0 0 0
1010 2 0 0 0 0
1020 2 0 0 0 0
1030 2 0 0 0 0
1040 2 0 0 0 0
1050 2 0 0 0 0
1060 2 0 0 0 0
1070 2 0 0 0 0
1080 2 0 0 0 0
1090 2 0 0 0 0
1100 2 0 0 0 0
1110 2 0 0 0 0
1120 2 0 0 0 0
1130 2 0 0 0 0
1140 2 0 0 0 0
1150 2 0 0 0 0
1160 2 0 0 2 0
1170 2 0 0 2 0
1180 2 0 2 0 0
1190 2 0 2 0 0
1200 0 2 2 0 0
1210 0 0 2 0 0
1220 0 0 2 0 0
1230 0 0 2 0 0
1240 0 0 2 0 0
1250 0 0 2 0 0
1260 0 0 2 0 0
1270 0 0 2 0 0
1280 0 0 2 0 0
1290 0 0 2 0 0
1300 0 0 2 0 0
1310 0 0 2 0 0
1320 0 0 2 0 0
1330 0 0 2 0 0
1340 0 0 2 0 0
1350 0 0 2 0 0
1360 0 0 2 0 1
1370 0 0 2 0 1
1380 0 0 2 0 2
1390 0 0 2 0 2
1400 0 0 2 0 2
1410 0 0 2 0 2
1420 0 0 2 0 2
1430 0 0 2 0 2
1440 0 0 2 0 2
1450 0 0 2 0 2
1460 0 0 2 0 2
1470 0 0 2 0 2
1480 0 0 2 0 2
1490 0 0 2 0 2
1500 0 0 2 0 2
1510 0 0 2 0 2
1520 0 0 2 0 2
1530 0 0 2 0 2
1540 0 0 2 0 2
1550 0 0 2 0 2
1560 0 0 2 0 2
1570 0 0 2 0 2
1580 0 0 2 0 2
1590 0 0 2 0 2
1600 0 0 2 0 2
1610 0 0 2 0 2
1620 0 2 2 0 2
1630 2 0 2 0 2
1640 2 0 2 0 2
1650 2 0 0 2 2
1660 2 0 0 0 2
1670 2 0 0 0 2
1680 2 0 0 0 2
1690 2 0 0 0 2
1700 2 0 0 0 2
1710 2 0 0 0 2
1720 2 0 0 0 2
1730 2 0 0 0 0
1740 2 0 0 0 0
1750 2 0 0 0 0
1760 2 0 0 0 0
1770 2 0 0 0 0
1780 2 0 0 0 0
1790 2 0 0 0 0
1800 2 0 0 0 0
1810 2 0 0 0 0
1820 2 0 0 0 0
1830 2 0 0 0 0
1840 2 0 0 0 0
1850 2 0 0 0 0
1860 2 0 0 0 0
1870 2 0 0 0 0
1880 2 0 0 0 0
1890 2 0 0 0 0
1900 2 0 0 0 0
1910 2 0 0 0 0
1920 2 0 0 0 0
1930 2 0 0 0 0
1940 2 0 0 0 0
1950 2 0 0 0 0
1960 2 0 0 0 0
1970 2 0 0 0 0
1980 2 0 0 0 0
1990 2 0 0 0 0
2000 2 0 0 0 0
2010 2 0 2 0 0
2020 0 2 2 0 0
2030 0 0 2 0 0
2040 0 0 2 0 0
2050 0 0 2 0 0
2060 0 0 2 0 0
2070 0 0 2 0 0
2080 0 0 2 0 0
2090 0 0 2 0 0
2100 0 0 2 0 0
2110 0 0 2 0 0
2120 0 0 2 0 0
2130 0 0 2 0 1
2140 0 0 2 0 1
2150 0 0 2 0 1
2160 0 0 2 0 2
2170 0 0 2 0 2
2180 0 0 2 0 2
2190 0 0 2 0 2
2200 0 0 2 0 2
2210 0 0 2 0 2
2220 0 0 2 0 2
2230 0 0 2 0 2
2240 0 0 2 0 2
2250 0 0 2 0 2
2260 0 0 2 0 2
2270 0 0 2 0 2
2280 0 0 2 0 2
2290 0 0 2 0 2
2300 0 0 2 0 2
2310 0 0 2 0 2
2320 0 0 2 0 2
2330 0 0 2 0 2
2340 0 0 2 0 2
2350 0 0 2 0 2
2360 0 0 2 0 2
2370 0 0 2 0 2
2380 0 0 2 0 2
2390 0 0 2 0 2
2400 0 0 2 0 2
2410 0 0 2 0 2
2420 0 0 2 0 2
2430 0 0 2 0 2
2440 0 0 2 0 2
2450 0 0 2 0 2
2460 0 0 2 0 2
2470 0 0 2 0 2
2480 0 0 2 0 2
2490 0 2 2 0 2
2500 2 0 2 0 2
2510 2 0 2 0 2
2520 2 0 0 2 2
2530 2 0 0 0 2
2540 2 0 0 0 2
2550 2 0 0 0 2
2560 2 0 0 0 2
2570 2 0 0 0 2
2580 2 0 0 0 2
2590 2 0 0 0 2
2600 2 0 0 0 2
2610 2 0 0 0 0
2620 2 0 0 0 0
2630 2 0 0 0 0
2640 2 0 0 0 0
2650 2 0 0 0 0
2660 2 0 0 0 0
2670 2 0 0 0 0
2680 2 0 0 0 0
2690 2 0 0 0 0
2700 2 0 0 0 0
2710 2 0 0 0 0
2720 2 0 0 0 0
2730 2 0 0 0 0
2740 2 0 0 0 0
2750 2 0 0 0 0
2760 2 0 0 0 0
2770 2 0 0 2 0
2780 2 0 0 2 0
2790 2 0 0 2 0
2800 2 0 0 0 0
2810 2 0 0 0 0
2820 2 0 0 0 0
2830 2 0 0 0 0
2840 2 0 0 0 0
2850 2 0 0 0 0
2860 2 0 0 0 0
2870 2 0 0 2 0
2880 2 0 0 2 0
2890 2 0 0 2 0
2900 2 0 2 0 0
2910 0 0 2 0 0
2920 0 0 2 0 0
2930 0 0 2 0 0
2940 0 0 2 0 0
2950 0 0 2 0 0
2960 0 0 2 0 0
2970 0 0 2 0 0
2980 0 0 2 0 0
2990 0 0 2 0 0
3000 0 0 2 0 0
3010 0 0 2 0 0
3020 0 0 2 0 0
3030 0 0 2 0 0
3040 0 0 2 0 0
3050 0 0 2 0 0
3060 0 0 2 0 0
3070 0 0 2 0 0
3080 0 0 2 0 0
3090 0 0 2 0 0
3100 0 0 2 0 0
3110 0 0 2 0 0
3120 0 0 2 0 0
3130 0 0 2 0 0
3140 0 0 2 0 0
3150 0 0 2 0 0
3160 3 0 2 0 0
3170 3 0 2 0 0
3180 3 0 2 0 0
3190 3 0 2 0 0
3200 3 0 2 0 0
3210 0 0 2 0 0
3220 0 0 2 0 0
3230 0 0 2 0 0
3240 0 0 2 0 0
3250 0 0 2 0 0
3260 0 0 2 0 0
3270 3 0 2 0 0
3280 3 0 2 0 0
3290 3 0 2 0 0
3300 3 0 2 0 0
3310 3 0 2 0 0
3320 3 0 2 0 0
3330 0 0 2 0 0
3340 0 0 2 0 0
3350 0 0 2 0 0
3360 0 0 2 0 0
3370 0 0 2 0 0
3380 0 0 2 0 0
3390 0 0 2 0 0
3400 0 0 2 0 0
3410 0 0 2 0 0
3420 0 0 2 0 0
3430 0 0 2 0 0
3440 0 0 2 0 0
3450 0 0 2 0 0
3460 0 0 2 0 0
3470 0 0 2 0 0
3480 0 0 2 0 0
3490 0 0 2 0 0
3500 0 0 2 0 0
3510 0 0 2 0 1
3520 0 0 2 0 1
3530 0 0 2 0 1
3540 0 0 2 0 1
3550 0 0 2 0 1
3560 0 0 2 0 2
3570 0 0 2 0 2
3580 0 0 2 0 2
3590 0 0 2 0 2
3600 0 0 2 0 2
3610 0 0 2 0 2
3620 0 0 2 0 2
3630 0 0 2 0 2
3640 0 0 2 0 2
3650 0 0 2 0 2
3660 0 0 2 0 2
3670 0 0 2 0 2
3680 0 0 2 0 2
3690 0 0 2 0 2
3700 0 0 2 0 2
3710 0 0 2 0 2
3720 0 0 2 0 2
3730 0 0 2 0 2
3740 0 0 2 0 2
3750 0 0 2 0 2
3760 0 0 2 0 2
3770 0 0 2 0 2
3780 0 0 2 0 2
3790 0 0 2 0 2
3800 0 0 2 0 2
3810 2 0 2 0 2
3820 2 0 2 0 2
3830 2 0 0 2 2
3840 2 0 0 0 2
3850 2 0 0 0 2
3860 2 0 0 0 2
3870 2 0 0 0 2
3880 2 0 0 0 2
3890 2 0 0 0 2
3900 2 0 0 0 2
3910 2 0 0 0 2
3920 2 0 0 0 2
3930 2 0 0 0 2
3940 2 0 0 0 2
3950 2 0 0 0 0
3960 2 0 0 0 0
3970 2 0 0 0 0
3980 2 0 0 0 0
3990 2 0 0 0 0
4000 2 0 0 0 0
4010 2 0 0 0 0
4020 2 0 0 0 0
4030 2 0 0 0 0
4040 2 0 0 0 0
4050 2 0 0 0 0
4060 2 0 0 0 0
4070 2 0 0 0 0
4080 2 0 0 0 0
4090 2 0 0 0 0
4100 2 0 0 0 0
4110 2 0 0 0 0
4120 2 0 0 0 0
4130 2 0 0 0 0
4140 2 0 0 0 0
4150 2 0 0 0 0
4160 2 0 2 0 0
4170 2 0 2 0 0
4180 0 2 2 0 0
4190 0 0 0 0 1
4200 0 0 0 0 1
4210 0 0 0 0 1
4220 0 0 0 0 1
4230 0 0 0 0 1
4240 0 0 0 0 1
4250 0 0 0 0 1
4260 0 4 0 0 1
4270 0 4 0 0 1
4280 0 4 0 0 1
4290 0 4 0 4 1
4300 0 4 0 4 1
4310 0 4 0 4 1
4320 0 4 0 4 1
