0 0 0 2 0 0
10 0 0 2 0 0
20 0 0 2 0 0
30 0 0 2 0 0
40 0 0 2 0 0
50 0 0 2 0 0
60 0 0 2 0 0
70 0 0 2 0 0
80 0 0 2 0 0
90 0 0 2 0 0
100 0 0 2 0 0
110 2 0 2 0 0
120 2 0 0 0 0
130 2 0 0 0 0
140 2 0 0 0 0
150 2 0 0 0 0
160 2 0 2 0 0
170 0 2 2 0 0
180 0 0 2 0 0
190 0 0 2 0 0
200 0 0 2 0 0
210 0 0 2 0 0
220 0 0 2 0 0
230 0 0 2 0 1
240 0 0 2 0 1
250 0 0 2 0 1
260 0 0 2 0 2
270 0 0 2 0 2
280 0 0 2 0 2
290 0 0 2 0 2
300 0 0 2 0 2
310 0 0 2 0 2
320 0 0 2 0 2
330 0 0 2 0 2
340 0 0 2 0 2
350 0 0 2 0 2
360 0 0 2 0 2
370 0 0 2 0 2
380 0 2 2 0 2
390 0 2 2 0 2
400 2 0 2 0 2
410 2 0 2 0 2
420 2 0 0 0 2
430 2 0 0 0 2
440 2 0 0 0 0
450 2 0 0 0 0
460 2 0 0 0 0
470 2 0 0 0 0
480 2 0 0 0 0
490 2 0 0 0 0
500 2 0 0 0 0
510 2 0 0 0 0
520 2 0 0 0 0
530 2 0 0 0 0
540 2 0 0 0 0
550 2 0 0 2 0
560 2 0 0 2 0
570 2 0 0 2 0
580 2 0 2 0 0
590 0 2 2 0 0
600 0 0 2 0 0
610 0 0 2 0 0
620 0 0 2 0 0
630 0 0 2 0 0
640 0 0 2 0 0
650 0 0 2 0 0
660 0 0 2 0 1
670 0 0 2 0 1
680 0 0 2 0 1
690 0 0 2 0 1
700 0 0 2 0 1
710 0 0 2 0 2
720 0 0 2 0 2
730 0 0 2 0 2
740 0 0 2 0 2
750 0 0 2 0 2
760 0 0 2 0 2
770 0 0 2 0 2
780 0 0 2 0 2
790 0 0 2 0 2
800 0 0 2 0 2
810 0 0 2 0 2
820 0 0 2 0 2
830 0 0 2 0 2
840 0 0 2 0 2
850 0 0 2 0 2
860 0 0 2 0 2
870 0 2 2 0 2
880 2 0 2 0 2
890 2 0 0 2 2
900 2 0 0 0 2
910 2 0 0 0 0
920 2 0 0 0 0
930 2 0 0 0 0
940 2 0 0 0 0
950 2 0 0 0 0
960 2 0 0 0 0
970 2 0 0 0 0
980 2 0 0 0 0
990 2 0 0 0 0
1000 2 0 0 0 0
1010 2 0 0 0 0
1020 2 0 0 0 0
1030 2 0 0 0 0
1040 2 0 0 0 0
1050 2 0 0 0 0
1060 2 0 0 0 0
1070 2 0 0 0 0
1080 2 0 0 0 0
1090 2 0 0 2 0
1100 2 0 2 0 0
1110 2 0 2 0 0
1120 0 2 2 0 0
1130 0 0 2 0 0
1140 0 0 2 0 0
1150 0 0 2 0 0
1160 0 0 2 0 0
1170 0 0 2 0 0
1180 0 0 2 0 0
1190 0 0 2 0 0
1200 0 0 2 0 0
1210 0 0 2 0 1
1220 0 0 2 0 1
1230 0 0 2 0 1
1240 0 0 2 0 1
1250 0 0 2 0 2
1260 0 0 2 0 2
1270 0 0 2 0 2
1280 0 0 2 0 2
1290 0 0 2 0 2
1300 0 0 2 0 2
1310 0 0 2 0 2
1320 0 0 2 0 2
1330 0 0 2 0 2
1340 0 0 2 0 2
1350 0 0 2 0 2
1360 0 0 2 0 2
1370 0 0 2 0 2
1380 0 0 2 0 2
1390 0 2 2 0 2
1400 2 0 2 0 2
1410 2 0 2 0 2
1420 2 0 0 2 2
1430 2 0 0 0 2
1440 2 0 0 0 2
1450 2 0 0 0 0
1460 2 0 0 0 0
1470 2 0 0 0 0
1480 2 0 0 0 0
1490 2 0 0 0 0
1500 2 0 0 0 0
1510 2 0 0 0 0
1520 2 0 0 2 0
1530 2 0 0 0 0
1540 2 0 0 2 0
1550 2 0 0 2 0
1560 2 0 2 0 0
1570 0 2 2 0 0
1580 0 0 2 0 0
1590 0 0 2 0 0
1600 0 0 2 0 0
1610 0 0 2 0 0
1620 0 0 2 0 0
1630 0 0 2 0 0
1640 0 0 2 0 0
1650 0 0 2 0 0
1660 0 0 2 0 0
1670 0 0 2 0 1
1680 0 0 2 0 1
1690 0 0 2 0 1
1700 0 0 2 0 1
1710 0 0 2 0 2
1720 0 0 2 0 2
1730 0 0 2 0 2
1740 0 0 2 0 2
1750 0 0 2 0 2
1760 0 0 2 0 2
1770 0 0 2 0 2
1780 0 0 2 0 2
1790 0 0 2 0 2
1800 0 0 2 0 2
1810 0 0 2 0 2
1820 0 2 2 0 2
1830 0 2 2 0 2
1840 2 0 2 0 2
1850 2 0 2 0 2
1860 2 0 0 2 2
1870 2 0 0 0 2
1880 2 0 0 0 0
1890 2 0 0 0 0
1900 2 0 0 0 0
1910 2 0 0 0 0
1920 2 0 0 0 0
1930 2 0 0 0 0
1940 2 0 0 0 0
1950 2 0 0 0 0
1960 2 0 0 2 0
1970 2 0 2 0 0
1980 0 0 2 0 0
1990 0 0 2 0 0
2000 0 0 2 0 0
2010 0 0 2 0 0
2020 0 0 2 0 0
2030 0 0 2 0 0
2040 0 0 2 0 0
2050 0 0 2 0 1
2060 0 0 2 0 1
2070 0 0 2 0 2
2080 0 0 0 2 2
2090 0 0 0 0 2
2100 0 0 0 0 2
2110 0 0 0 0 2
2120 0 0 0 0 2
2130 0 0 0 0 2
2140 0 0 0 0 2
2150 0 0 0 0 2
2160 0 0 0 0 2
2170 0 0 0 0 2
2180 0 0 0 0 2
2190 0 0 0 0 2
2200 0 0 0 0 2
2210 0 0 0 0 2
2220 0 0 0 0 2
2230 0 0 0 0 2
2240 0 0 0 0 2
2250 0 0 0 0 2
2260 0 0 0 0 2
2270 0 0 0 0 2
