0 0 0 0 2 2
10 0 0 0 2 2
20 0 0 0 2 2
30 0 0 0 0 2
40 0 0 0 0 2
50 0 0 0 2 2
60 0 0 2 0 2
70 0 0 2 0 0
80 0 0 2 0 0
90 0 0 2 0 0
100 0 0 2 0 0
110 0 0 2 0 0
120 0 0 2 0 0
130 0 0 2 0 0
140 2 0 2 0 0
150 2 0 0 0 0
160 2 0 0 0 0
170 2 0 0 0 0
180 2 0 0 0 0
190 2 0 0 0 0
200 2 0 0 0 0
210 2 0 2 0 0
220 2 0 2 0 0
230 0 0 2 0 0
240 0 0 2 0 0
250 0 0 2 0 0
260 0 0 2 0 0
270 0 0 2 0 1
280 0 0 2 0 1
290 0 0 2 0 1
300 0 0 2 0 2
310 0 0 2 0 2
320 0 0 2 0 2
330 0 0 2 0 2
340 0 0 2 0 2
350 0 0 2 0 2
360 0 0 2 0 2
370 0 0 2 0 2
380 0 0 2 0 2
390 0 0 2 0 2
400 0 2 2 0 2
410 2 0 2 0 2
420 2 0 0 0 2
430 2 0 0 0 2
440 2 0 0 0 0
450 2 0 0 0 0
460 2 0 0 3 0
470 2 0 0 3 0
480 2 0 0 3 0
490 2 0 0 3 0
500 2 0 0 3 0
510 2 0 0 3 0
520 2 0 0 3 0
530 2 0 0 3 0
540 2 0 0 0 0
550 2 0 0 0 0
560 2 0 0 0 0
570 2 0 0 0 0
580 2 0 0 0 0
590 2 0 0 0 0
600 2 0 0 2 0
610 2 0 0 2 0
620 2 0 2 0 0
630 0 0 2 0 0
640 0 0 2 0 0
650 0 0 2 0 0
660 0 3 2 0 0
670 0 3 2 0 0
680 0 3 2 0 0
690 0 3 2 0 1
700 0 3 2 0 1
710 0 3 2 0 1
720 0 3 2 0 2
730 0 3 2 0 2
740 0 3 2 0 2
750 0 3 2 0 2
760 0 3 2 0 2
770 0 3 2 0 2
780 0 3 2 0 2
790 0 0 2 0 2
800 0 0 2 0 2
810 0 0 2 0 2
820 0 2 2 0 2
830 2 0 2 0 2
840 2 0 0 0 2
850 2 0 0 0 0
860 2 0 0 0 0
870 2 0 0 0 0
880 2 0 0 3 0
890 2 0 0 3 0
900 2 0 0 3 0
910 2 0 0 3 0
920 2 0 0 3 0
930 2 0 0 0 0
940 2 0 0 0 0
950 2 0 0 0 0
960 2 0 0 2 0
970 2 0 0 2 0
980 2 0 0 2 0
990 2 0 0 2 0
1000 2 0 2 0 0
1010 2 0 2 0 0
1020 0 0 2 0 0
1030 0 0 2 0 0
1040 0 0 2 0 0
1050 3 0 2 0 0
1060 3 0 2 0 0
1070 3 0 2 0 0
1080 3 0 2 0 0
1090 3 0 2 0 0
1100 3 0 2 0 0
1110 3 0 2 0 0
1120 3 0 2 0 1
1130 3 0 2 0 1
1140 3 0 2 0 2
1150 3 0 2 0 2
1160 3 0 2 0 2
1170 3 0 2 0 2
1180 3 0 2 0 2
1190 0 3 2 0 2
1200 0 3 2 0 2
1210 0 3 2 0 2
1220 0 0 2 0 2
1230 0 0 2 0 2
1240 0 0 2 0 2
1250 2 0 2 0 2
1260 2 0 0 2 2
1270 2 0 0 0 2
1280 2 0 0 0 0
1290 2 0 0 0 0
1300 2 0 0 3 0
1310 2 0 0 0 0
1320 2 0 0 0 0
1330 2 0 0 0 0
1340 2 0 0 3 0
1350 2 0 0 3 0
1360 2 0 0 3 0
1370 2 0 0 3 0
1380 2 0 0 0 0
1390 2 0 0 0 0
1400 2 0 0 0 0
1410 2 0 0 0 0
1420 2 0 2 0 0
1430 2 0 2 0 0
1440 0 0 2 0 0
1450 0 0 2 0 0
1460 0 0 2 0 0
1470 0 0 2 0 1
1480 0 0 2 0 1
1490 0 0 2 0 1
1500 0 0 2 0 1
1510 0 0 2 0 1
1520 0 0 2 0 2
1530 0 0 2 0 2
1540 0 0 2 0 2
1550 0 0 2 0 2
1560 0 0 2 0 2
1570 0 0 2 0 2
1580 0 0 2 0 2
1590 0 0 2 0 2
1600 0 0 2 0 2
1610 0 0 2 0 2
1620 0 2 2 0 2
1630 2 0 2 0 2
1640 2 0 0 0 2
1650 2 0 0 0 2
1660 2 0 0 0 0
1670 2 0 0 0 0
1680 2 0 0 3 0
1690 2 0 0 3 0
1700 2 0 0 3 0
1710 2 0 0 0 0
1720 0 0 0 0 1
1730 0 0 0 0 1
1740 0 0 0 0 1
1750 0 0 0 4 1
1760 0 0 0 4 1
1770 0 4 0 4 1
1780 0 4 0 4 1
1790 0 4 0 4 1
