0 0 0 2 0 0
10 0 0 2 0 0
20 0 0 2 0 0
30 0 0 2 0 0
40 0 0 2 0 0
50 0 0 2 0 0
60 0 0 2 0 0
70 0 0 2 0 0
80 0 0 2 0 0
90 0 0 2 0 0
100 0 2 2 0 0
110 2 0 2 0 0
120 2 0 0 2 0
130 2 0 0 0 0
140 2 0 0 0 0
150 2 0 0 0 0
160 2 0 0 2 0
170 2 0 2 0 0
180 2 0 2 0 0
190 0 2 2 0 0
200 0 0 2 0 0
210 0 0 2 0 0
220 0 0 2 0 0
230 0 0 2 0 0
240 0 0 2 0 0
250 0 0 2 0 1
260 0 0 2 0 1
270 0 0 2 0 1
280 0 0 2 0 1
290 0 0 2 0 1
300 0 0 2 0 1
310 0 0 2 0 1
320 0 0 2 0 1
330 0 0 2 0 2
340 0 0 2 0 2
350 0 0 2 0 2
360 0 0 2 0 2
370 0 0 2 0 2
380 0 0 2 0 2
390 0 0 2 0 2
400 0 0 2 0 2
410 0 0 2 0 2
420 0 0 2 0 2
430 0 0 2 0 2
440 0 0 2 0 2
450 0 0 2 0 2
460 0 0 2 0 2
470 0 0 2 0 2
480 0 2 2 0 2
490 2 0 2 0 2
500 0 0 2 0 2
510 0 0 2 0 2
520 0 0 2 0 2
530 0 0 2 0 2
540 2 0 2 0 2
550 2 0 2 0 2
560 2 0 0 2 2
570 2 0 0 0 2
580 2 0 0 0 2
590 2 0 0 0 2
600 2 0 0 0 2
610 2 0 0 0 2
620 2 0 0 0 2
630 2 0 0 0 0
640 2 0 0 0 0
650 2 0 0 0 0
660 2 0 0 0 0
670 2 0 0 0 0
680 2 0 0 0 0
690 2 0 0 0 0
700 2 0 0 0 0
710 2 0 0 0 0
720 2 0 0 0 0
730 2 0 0 0 0
740 2 0 0 0 0
750 2 0 0 0 0
760 2 0 0 0 0
770 2 0 0 0 0
780 2 0 0 0 0
790 2 0 0 0 0
800 2 0 2 0 0
810 2 0 2 0 0
820 0 2 2 0 0
830 0 0 2 0 0
840 0 0 2 0 0
850 0 0 2 0 0
860 0 0 2 0 0
870 0 0 2 0 0
880 0 0 2 0 0
890 0 0 2 0 0
900 0 0 2 0 0
910 0 0 2 0 1
920 0 0 2 0 1
930 0 0 2 0 2
940 0 0 2 0 2
950 0 0 2 0 2
960 0 0 2 0 2
970 0 0 2 0 2
980 0 0 2 0 2
990 0 0 2 0 2
1000 0 0 2 0 2
1010 0 0 2 0 2
1020 0 0 2 0 2
1030 0 0 2 0 2
1040 0 0 2 0 2
1050 0 0 2 0 2
1060 0 0 2 0 2
1070 0 0 2 0 2
1080 0 0 2 0 2
1090 0 0 2 0 2
1100 0 0 2 0 2
1110 0 0 2 0 2
1120 0 0 2 0 2
1130 0 0 2 0 2
1140 0 0 2 0 2
1150 0 0 2 0 2
1160 0 0 2 0 2
1170 0 0 2 0 2
1180 0 0 2 0 2
1190 0 2 2 0 2
1200 0 2 2 0 2
1210 0 2 2 0 2
1220 0 0 2 0 2
1230 0 0 2 0 2
1240 0 0 2 0 2
1250 0 0 2 0 2
1260 0 0 2 0 2
1270 0 2 2 0 2
1280 0 2 2 0 2
1290 2 0 2 0 2
1300 2 0 2 0 2
1310 2 0 0 2 2
1320 2 0 0 0 2
1330 2 0 0 0 2
1340 2 0 0 0 2
1350 2 0 0 0 2
1360 2 0 0 0 0
1370 2 0 0 0 0
1380 2 0 0 0 0
1390 2 0 0 0 0
1400 2 0 0 0 0
1410 2 0 0 0 0
1420 2 0 0 0 0
1430 2 0 0 0 0
1440 2 0 0 0 0
1450 2 0 0 0 0
1460 2 0 0 0 0
1470 2 0 0 0 0
1480 2 0 0 0 0
1490 2 0 0 0 0
1500 2 0 0 0 0
1510 2 0 0 0 0
1520 2 0 0 0 0
1530 2 0 0 0 0
1540 2 0 0 0 0
1550 2 0 0 0 0
1560 2 0 0 0 0
1570 2 0 0 2 0
1580 2 0 2 0 0
1590 0 0 2 0 0
1600 0 0 2 0 0
1610 0 0 2 0 0
1620 0 0 2 0 0
1630 0 0 2 0 0
1640 0 0 2 0 1
1650 0 0 2 0 1
1660 0 0 2 0 1
1670 0 0 2 0 1
1680 0 0 2 0 1
1690 0 0 2 0 1
1700 0 0 2 0 2
1710 0 0 2 0 2
1720 0 0 2 0 2
1730 0 0 2 0 2
1740 0 0 2 0 2
1750 0 0 2 0 2
1760 0 0 2 0 2
1770 0 0 2 0 2
1780 0 0 2 0 2
1790 0 0 2 0 2
1800 0 0 2 0 2
1810 0 0 2 0 2
1820 0 0 2 0 2
1830 0 0 2 0 2
1840 0 0 2 0 2
1850 0 0 2 0 2
1860 0 2 2 0 2
1870 0 2 2 0 2
1880 0 2 2 0 2
1890 2 0 2 0 2
1900 2 0 2 0 2
1910 2 0 0 2 2
1920 2 0 0 0 2
1930 2 0 0 0 2
1940 2 0 0 0 2
1950 2 0 0 0 0
1960 2 0 0 0 0
1970 2 0 0 0 0
1980 2 0 0 0 0
1990 2 0 0 0 0
2000 2 0 0 0 0
2010 2 0 0 0 0
2020 2 0 0 0 0
2030 2 0 0 0 0
2040 2 0 0 0 0
2050 2 0 0 0 0
2060 2 0 0 0 0
2070 2 0 0 0 0
2080 2 0 0 0 0
2090 2 0 0 0 0
2100 2 0 0 0 0
2110 2 0 0 0 0
2120 2 0 0 2 0
2130 2 0 2 0 0
2140 2 0 0 0 0
2150 2 0 0 0 0
2160 2 0 0 2 0
2170 2 0 2 0 0
2180 2 0 2 0 0
2190 0 2 2 0 0
2200 0 0 2 0 0
2210 0 0 2 0 0
2220 0 0 2 0 0
2230 0 0 2 0 0
2240 0 0 2 0 1
2250 0 0 2 0 1
2260 0 0 2 0 1
2270 0 0 2 0 1
2280 0 0 2 0 1
2290 0 0 2 0 1
2300 0 0 2 0 2
2310 0 0 2 0 2
2320 0 0 2 0 2
2330 0 0 2 0 2
2340 0 0 2 0 2
2350 0 0 2 0 2
2360 0 0 2 0 2
2370 0 0 2 0 2
2380 0 0 2 0 2
2390 0 0 2 0 2
2400 0 0 2 0 2
2410 0 0 2 0 2
2420 0 0 2 0 2
2430 0 0 2 0 2
2440 0 0 2 0 2
2450 0 0 2 0 2
2460 0 0 2 0 2
2470 0 0 2 0 2
2480 0 0 2 0 2
2490 0 2 2 0 2
2500 0 2 2 0 2
2510 0 2 2 0 2
2520 0 2 2 0 2
2530 0 2 2 0 2
2540 2 0 0 0 2
2550 2 0 0 0 2
2560 2 0 0 0 2
2570 2 0 0 0 2
2580 2 0 0 0 2
2590 2 0 0 0 2
2600 2 0 0 2 2
2610 2 0 0 0 2
2620 2 0 0 0 2
2630 2 0 0 0 2
2640 2 0 0 0 2
2650 2 0 2 0 2
2660 2 0 2 0 2
2670 0 2 2 0 2
2680 0 0 2 0 2
2690 0 0 2 0 2
2700 0 0 2 0 2
2710 0 0 2 0 2
2720 0 0 2 0 2
2730 0 0 2 0 2
2740 0 0 2 0 2
2750 0 0 2 0 2
2760 0 0 2 0 2
2770 0 0 2 0 2
2780 0 0 2 0 2
2790 0 0 2 0 2
2800 0 0 2 0 2
2810 0 0 2 0 2
2820 0 0 2 0 2
2830 0 0 2 0 2
2840 0 0 2 0 2
2850 0 0 2 0 2
2860 0 0 2 0 2
2870 0 0 2 0 2
2880 0 0 2 0 2
2890 0 3 2 0 2
2900 0 3 2 0 2
2910 0 3 2 0 2
2920 0 0 2 0 2
2930 0 0 2 0 2
2940 0 0 2 0 2
2950 0 0 2 0 2
2960 0 0 2 0 2
2970 0 2 2 0 2
2980 0 2 2 0 2
2990 0 2 2 0 2
3000 2 0 2 0 2
3010 2 0 2 0 2
3020 2 0 2 0 2
3030 2 0 0 2 2
3040 2 0 0 0 2
3050 2 0 0 0 2
3060 2 0 0 0 2
3070 2 0 0 0 2
3080 2 0 0 0 2
3090 2 0 0 0 2
3100 2 0 0 0 0
3110 2 0 0 0 0
3120 2 0 0 0 0
3130 2 0 0 0 0
3140 2 0 0 0 0
3150 2 0 0 0 0
3160 2 0 0 0 0
3170 2 0 0 0 0
3180 2 0 0 0 0
3190 2 0 0 0 0
3200 2 0 0 0 0
3210 2 0 0 0 0
3220 0 0 0 0 0
3230 0 0 0 0 0
3240 0 0 0 0 0
3250 0 0 0 0 0
3260 0 0 0 0 0
3270 0 0 0 4 0
3280 0 0 0 4 0
3290 0 0 0 4 0
3300 0 0 0 4 0
3310 0 0 0 4 0
3320 0 0 0 4 0
3330 0 0 0 4 0
3340 0 0 0 4 0
3350 0 0 0 4 0
3360 0 0 0 4 0
3370 0 0 0 4 0
3380 0 0 0 4 0
