Loading config for KT with velocity and MPbaseline...
Results will be stored in: /home/student/Documents/Sara-Joyce/COMPASS/TCN/Results/KT_velocity_MPbaseline_LOUO_12_02_2022_1646
Encoding labels...
Found 5 label classes: Grasp Pull Release Touch Untouch
Encoded labels written to /home/student/Documents/Sara-Joyce/COMPASS/TCN/KT/KT_TRANSFORM_velocity_MPbaseline.pkl
['Grasp', 'Pull', 'Release', 'Touch', 'Untouch']
Config parameters:
num_epochs: 60
learning_rate: 5e-05
batch_size: 1
weight_decay: 0.0005
Getting cross validation splits
Loading training data
All_gesture
[0 0 0 ... 2 2 2]
Normalizing training data
All_gesture
[3 3 3 ... 2 2 2]
Getting loss weights
Training model
0
[1,    10] loss: 1.606
[1,    20] loss: 0.786
[1,    30] loss: 0.515
1
[2,    10] loss: 1.492
[2,    20] loss: 0.750
[2,    30] loss: 0.496
2
[3,    10] loss: 1.425
[3,    20] loss: 0.710
[3,    30] loss: 0.482
3
[4,    10] loss: 1.404
[4,    20] loss: 0.700
[4,    30] loss: 0.453
4
[5,    10] loss: 1.341
[5,    20] loss: 0.679
[5,    30] loss: 0.450
5
[6,    10] loss: 1.314
[6,    20] loss: 0.665
[6,    30] loss: 0.432
6
[7,    10] loss: 1.268
[7,    20] loss: 0.639
[7,    30] loss: 0.424
7
[8,    10] loss: 1.229
[8,    20] loss: 0.630
[8,    30] loss: 0.403
8
[9,    10] loss: 1.201
[9,    20] loss: 0.613
[9,    30] loss: 0.394
9
[10,    10] loss: 1.170
[10,    20] loss: 0.598
[10,    30] loss: 0.374
10
[11,    10] loss: 1.152
[11,    20] loss: 0.563
[11,    30] loss: 0.370
11
[12,    10] loss: 1.065
[12,    20] loss: 0.551
[12,    30] loss: 0.364
12
[13,    10] loss: 1.037
[13,    20] loss: 0.532
[13,    30] loss: 0.345
13
[14,    10] loss: 1.053
[14,    20] loss: 0.477
[14,    30] loss: 0.335
14
[15,    10] loss: 0.915
[15,    20] loss: 0.496
[15,    30] loss: 0.325
15
[16,    10] loss: 0.919
[16,    20] loss: 0.475
[16,    30] loss: 0.305
16
[17,    10] loss: 0.925
[17,    20] loss: 0.445
[17,    30] loss: 0.290
17
[18,    10] loss: 0.861
[18,    20] loss: 0.455
[18,    30] loss: 0.269
18
[19,    10] loss: 0.797
[19,    20] loss: 0.441
[19,    30] loss: 0.253
19
[20,    10] loss: 0.771
[20,    20] loss: 0.404
[20,    30] loss: 0.273
20
[21,    10] loss: 0.760
[21,    20] loss: 0.361
[21,    30] loss: 0.257
21
[22,    10] loss: 0.716
[22,    20] loss: 0.355
[22,    30] loss: 0.243
22
[23,    10] loss: 0.656
[23,    20] loss: 0.366
[23,    30] loss: 0.225
23
[24,    10] loss: 0.700
[24,    20] loss: 0.333
[24,    30] loss: 0.214
24
[25,    10] loss: 0.599
[25,    20] loss: 0.330
[25,    30] loss: 0.208
25
[26,    10] loss: 0.602
[26,    20] loss: 0.302
[26,    30] loss: 0.196
26
[27,    10] loss: 0.595
[27,    20] loss: 0.295
[27,    30] loss: 0.190
27
[28,    10] loss: 0.544
[28,    20] loss: 0.281
[28,    30] loss: 0.182
28
[29,    10] loss: 0.557
[29,    20] loss: 0.249
[29,    30] loss: 0.176
29
[30,    10] loss: 0.499
[30,    20] loss: 0.252
[30,    30] loss: 0.165
30
[31,    10] loss: 0.521
[31,    20] loss: 0.237
[31,    30] loss: 0.142
31
[32,    10] loss: 0.459
[32,    20] loss: 0.231
[32,    30] loss: 0.141
32
[33,    10] loss: 0.421
[33,    20] loss: 0.232
[33,    30] loss: 0.142
33
[34,    10] loss: 0.422
[34,    20] loss: 0.207
[34,    30] loss: 0.159
34
[35,    10] loss: 0.416
[35,    20] loss: 0.211
[35,    30] loss: 0.142
35
[36,    10] loss: 0.416
[36,    20] loss: 0.199
[36,    30] loss: 0.128
36
[37,    10] loss: 0.401
[37,    20] loss: 0.187
[37,    30] loss: 0.124
37
[38,    10] loss: 0.387
[38,    20] loss: 0.186
[38,    30] loss: 0.114
38
[39,    10] loss: 0.325
[39,    20] loss: 0.167
[39,    30] loss: 0.119
39
[40,    10] loss: 0.299
[40,    20] loss: 0.150
[40,    30] loss: 0.124
40
[41,    10] loss: 0.285
[41,    20] loss: 0.163
[41,    30] loss: 0.102
41
[42,    10] loss: 0.266
[42,    20] loss: 0.163
[42,    30] loss: 0.092
42
[43,    10] loss: 0.271
[43,    20] loss: 0.149
[43,    30] loss: 0.091
43
[44,    10] loss: 0.238
[44,    20] loss: 0.147
[44,    30] loss: 0.092
44
[45,    10] loss: 0.278
[45,    20] loss: 0.150
[45,    30] loss: 0.085
45
[46,    10] loss: 0.259
[46,    20] loss: 0.137
[46,    30] loss: 0.090
46
[47,    10] loss: 0.259
[47,    20] loss: 0.121
[47,    30] loss: 0.094
47
[48,    10] loss: 0.230
[48,    20] loss: 0.122
[48,    30] loss: 0.072
48
[49,    10] loss: 0.238
[49,    20] loss: 0.121
[49,    30] loss: 0.067
49
[50,    10] loss: 0.192
[50,    20] loss: 0.116
[50,    30] loss: 0.072
50
[51,    10] loss: 0.212
[51,    20] loss: 0.107
[51,    30] loss: 0.068
51
[52,    10] loss: 0.214
[52,    20] loss: 0.100
[52,    30] loss: 0.078
52
[53,    10] loss: 0.218
[53,    20] loss: 0.109
[53,    30] loss: 0.065
53
[54,    10] loss: 0.200
[54,    20] loss: 0.093
[54,    30] loss: 0.068
54
[55,    10] loss: 0.210
[55,    20] loss: 0.092
[55,    30] loss: 0.060
55
[56,    10] loss: 0.166
[56,    20] loss: 0.096
[56,    30] loss: 0.065
56
[57,    10] loss: 0.185
[57,    20] loss: 0.079
[57,    30] loss: 0.060
57
[58,    10] loss: 0.192
[58,    20] loss: 0.076
[58,    30] loss: 0.056
58
[59,    10] loss: 0.172
[59,    20] loss: 0.074
[59,    30] loss: 0.053
59
[60,    10] loss: 0.160
[60,    20] loss: 0.078
[60,    30] loss: 0.049
Loading training data
All_gesture
[0 0 0 ... 2 2 2]
Normalizing training data
All_gesture
[0 0 0 ... 2 2 2]
Getting loss weights
Training model
0
[1,    10] loss: 1.606
[1,    20] loss: 0.789
[1,    30] loss: 0.513
1
[2,    10] loss: 1.524
[2,    20] loss: 0.748
[2,    30] loss: 0.486
2
[3,    10] loss: 1.427
[3,    20] loss: 0.733
[3,    30] loss: 0.480
3
[4,    10] loss: 1.380
[4,    20] loss: 0.703
[4,    30] loss: 0.463
4
[5,    10] loss: 1.352
[5,    20] loss: 0.679
[5,    30] loss: 0.450
5
[6,    10] loss: 1.342
[6,    20] loss: 0.659
[6,    30] loss: 0.424
6
[7,    10] loss: 1.272
[7,    20] loss: 0.636
[7,    30] loss: 0.423
7
[8,    10] loss: 1.251
[8,    20] loss: 0.609
[8,    30] loss: 0.403
8
[9,    10] loss: 1.186
[9,    20] loss: 0.593
[9,    30] loss: 0.404
9
[10,    10] loss: 1.171
[10,    20] loss: 0.566
[10,    30] loss: 0.386
10
[11,    10] loss: 1.164
[11,    20] loss: 0.555
[11,    30] loss: 0.364
11
[12,    10] loss: 1.069
[12,    20] loss: 0.544
[12,    30] loss: 0.355
12
[13,    10] loss: 1.071
[13,    20] loss: 0.517
[13,    30] loss: 0.345
13
[14,    10] loss: 0.979
[14,    20] loss: 0.495
[14,    30] loss: 0.346
14
[15,    10] loss: 0.987
[15,    20] loss: 0.496
[15,    30] loss: 0.313
15
[16,    10] loss: 0.923
[16,    20] loss: 0.472
[16,    30] loss: 0.300
16
[17,    10] loss: 0.868
[17,    20] loss: 0.460
[17,    30] loss: 0.285
17
[18,    10] loss: 0.861
[18,    20] loss: 0.414
[18,    30] loss: 0.285
18
[19,    10] loss: 0.789
[19,    20] loss: 0.420
[19,    30] loss: 0.275
19
[20,    10] loss: 0.815
[20,    20] loss: 0.387
[20,    30] loss: 0.265
20
[21,    10] loss: 0.728
[21,    20] loss: 0.393
[21,    30] loss: 0.264
21
[22,    10] loss: 0.717
[22,    20] loss: 0.371
[22,    30] loss: 0.252
22
[23,    10] loss: 0.720
[23,    20] loss: 0.357
[23,    30] loss: 0.239
23
[24,    10] loss: 0.686
[24,    20] loss: 0.353
[24,    30] loss: 0.219
24
[25,    10] loss: 0.651
[25,    20] loss: 0.328
[25,    30] loss: 0.216
25
[26,    10] loss: 0.627
[26,    20] loss: 0.320
[26,    30] loss: 0.196
26
[27,    10] loss: 0.581
[27,    20] loss: 0.309
[27,    30] loss: 0.196
27
[28,    10] loss: 0.617
[28,    20] loss: 0.287
[28,    30] loss: 0.173
28
[29,    10] loss: 0.572
[29,    20] loss: 0.272
[29,    30] loss: 0.184
29
[30,    10] loss: 0.539
[30,    20] loss: 0.278
[30,    30] loss: 0.159
30
[31,    10] loss: 0.483
[31,    20] loss: 0.250
[31,    30] loss: 0.165
31
[32,    10] loss: 0.446
[32,    20] loss: 0.229
[32,    30] loss: 0.164
32
[33,    10] loss: 0.486
[33,    20] loss: 0.229
[33,    30] loss: 0.144
33
[34,    10] loss: 0.440
[34,    20] loss: 0.221
[34,    30] loss: 0.143
34
[35,    10] loss: 0.434
[35,    20] loss: 0.205
[35,    30] loss: 0.130
35
[36,    10] loss: 0.424
[36,    20] loss: 0.184
[36,    30] loss: 0.125
36
[37,    10] loss: 0.424
[37,    20] loss: 0.202
[37,    30] loss: 0.115
37
[38,    10] loss: 0.361
[38,    20] loss: 0.176
[38,    30] loss: 0.125
38
[39,    10] loss: 0.361
[39,    20] loss: 0.167
[39,    30] loss: 0.114
39
[40,    10] loss: 0.338
[40,    20] loss: 0.162
[40,    30] loss: 0.102
40
[41,    10] loss: 0.309
[41,    20] loss: 0.141
[41,    30] loss: 0.110
41
[42,    10] loss: 0.300
[42,    20] loss: 0.142
[42,    30] loss: 0.108
42
[43,    10] loss: 0.287
[43,    20] loss: 0.145
[43,    30] loss: 0.106
43
[44,    10] loss: 0.326
[44,    20] loss: 0.145
[44,    30] loss: 0.102
44
[45,    10] loss: 0.290
[45,    20] loss: 0.136
[45,    30] loss: 0.090
45
[46,    10] loss: 0.263
[46,    20] loss: 0.134
[46,    30] loss: 0.076
46
[47,    10] loss: 0.255
[47,    20] loss: 0.113
[47,    30] loss: 0.078
47
[48,    10] loss: 0.224
[48,    20] loss: 0.112
[48,    30] loss: 0.078
48
[49,    10] loss: 0.234
[49,    20] loss: 0.108
[49,    30] loss: 0.074
49
[50,    10] loss: 0.216
[50,    20] loss: 0.108
[50,    30] loss: 0.072
50
[51,    10] loss: 0.209
[51,    20] loss: 0.109
[51,    30] loss: 0.069
51
[52,    10] loss: 0.220
[52,    20] loss: 0.098
[52,    30] loss: 0.070
52
[53,    10] loss: 0.241
[53,    20] loss: 0.107
[53,    30] loss: 0.070
53
[54,    10] loss: 0.209
[54,    20] loss: 0.104
[54,    30] loss: 0.074
54
[55,    10] loss: 0.179
[55,    20] loss: 0.103
[55,    30] loss: 0.066
55
[56,    10] loss: 0.177
[56,    20] loss: 0.097
[56,    30] loss: 0.063
56
[57,    10] loss: 0.180
[57,    20] loss: 0.094
[57,    30] loss: 0.062
57
[58,    10] loss: 0.196
[58,    20] loss: 0.088
[58,    30] loss: 0.057
58
[59,    10] loss: 0.168
[59,    20] loss: 0.090
[59,    30] loss: 0.048
59
[60,    10] loss: 0.150
[60,    20] loss: 0.076
[60,    30] loss: 0.053
Loading training data
All_gesture
[0 0 0 ... 2 2 2]
Normalizing training data
All_gesture
[0 0 0 ... 2 2 2]
Getting loss weights
Training model
0
[1,    10] loss: 1.599
[1,    20] loss: 0.781
[1,    30] loss: 0.515
1
[2,    10] loss: 1.504
[2,    20] loss: 0.743
[2,    30] loss: 0.489
2
[3,    10] loss: 1.451
[3,    20] loss: 0.708
[3,    30] loss: 0.472
3
[4,    10] loss: 1.407
[4,    20] loss: 0.684
[4,    30] loss: 0.453
4
[5,    10] loss: 1.393
[5,    20] loss: 0.655
[5,    30] loss: 0.437
5
[6,    10] loss: 1.288
[6,    20] loss: 0.661
[6,    30] loss: 0.425
6
[7,    10] loss: 1.265
[7,    20] loss: 0.625
[7,    30] loss: 0.416
7
[8,    10] loss: 1.215
[8,    20] loss: 0.611
[8,    30] loss: 0.406
8
[9,    10] loss: 1.217
[9,    20] loss: 0.601
[9,    30] loss: 0.381
9
[10,    10] loss: 1.178
[10,    20] loss: 0.566
[10,    30] loss: 0.388
10
[11,    10] loss: 1.150
[11,    20] loss: 0.559
[11,    30] loss: 0.367
11
[12,    10] loss: 1.115
[12,    20] loss: 0.535
[12,    30] loss: 0.362
12
[13,    10] loss: 1.065
[13,    20] loss: 0.509
[13,    30] loss: 0.353
13
[14,    10] loss: 1.002
[14,    20] loss: 0.506
[14,    30] loss: 0.340
14
[15,    10] loss: 0.980
[15,    20] loss: 0.492
[15,    30] loss: 0.321
15
[16,    10] loss: 0.955
[16,    20] loss: 0.478
[16,    30] loss: 0.299
16
[17,    10] loss: 0.935
[17,    20] loss: 0.447
[17,    30] loss: 0.309
17
[18,    10] loss: 0.851
[18,    20] loss: 0.469
[18,    30] loss: 0.284
18
[19,    10] loss: 0.829
[19,    20] loss: 0.420
[19,    30] loss: 0.279
19
[20,    10] loss: 0.814
[20,    20] loss: 0.388
[20,    30] loss: 0.276
20
[21,    10] loss: 0.787
[21,    20] loss: 0.379
[21,    30] loss: 0.260
21
[22,    10] loss: 0.729
[22,    20] loss: 0.411
[22,    30] loss: 0.249
22
[23,    10] loss: 0.741
[23,    20] loss: 0.374
[23,    30] loss: 0.240
23
[24,    10] loss: 0.729
[24,    20] loss: 0.330
[24,    30] loss: 0.215
24
[25,    10] loss: 0.647
[25,    20] loss: 0.325
[25,    30] loss: 0.202
25
[26,    10] loss: 0.642
[26,    20] loss: 0.307
[26,    30] loss: 0.185
26
[27,    10] loss: 0.562
[27,    20] loss: 0.269
[27,    30] loss: 0.205
27
[28,    10] loss: 0.551
[28,    20] loss: 0.266
[28,    30] loss: 0.187
28
[29,    10] loss: 0.535
[29,    20] loss: 0.273
[29,    30] loss: 0.167
29
[30,    10] loss: 0.535
[30,    20] loss: 0.232
[30,    30] loss: 0.179
30
[31,    10] loss: 0.526
[31,    20] loss: 0.259
[31,    30] loss: 0.158
31
[32,    10] loss: 0.522
[32,    20] loss: 0.238
[32,    30] loss: 0.161
32
[33,    10] loss: 0.478
[33,    20] loss: 0.205
[33,    30] loss: 0.165
33
[34,    10] loss: 0.421
[34,    20] loss: 0.212
[34,    30] loss: 0.143
34
[35,    10] loss: 0.385
[35,    20] loss: 0.213
[35,    30] loss: 0.123
35
[36,    10] loss: 0.422
[36,    20] loss: 0.186
[36,    30] loss: 0.113
36
[37,    10] loss: 0.346
[37,    20] loss: 0.196
[37,    30] loss: 0.122
37
[38,    10] loss: 0.341
[38,    20] loss: 0.170
[38,    30] loss: 0.119
38
[39,    10] loss: 0.321
[39,    20] loss: 0.170
[39,    30] loss: 0.099
39
[40,    10] loss: 0.308
[40,    20] loss: 0.148
[40,    30] loss: 0.099
40
[41,    10] loss: 0.268
[41,    20] loss: 0.165
[41,    30] loss: 0.090
41
[42,    10] loss: 0.295
[42,    20] loss: 0.140
[42,    30] loss: 0.091
42
[43,    10] loss: 0.282
[43,    20] loss: 0.136
[43,    30] loss: 0.096
43
[44,    10] loss: 0.309
[44,    20] loss: 0.144
[44,    30] loss: 0.094
44
[45,    10] loss: 0.307
[45,    20] loss: 0.122
[45,    30] loss: 0.083
45
[46,    10] loss: 0.238
[46,    20] loss: 0.129
[46,    30] loss: 0.077
46
[47,    10] loss: 0.242
[47,    20] loss: 0.110
[47,    30] loss: 0.074
47
[48,    10] loss: 0.220
[48,    20] loss: 0.112
[48,    30] loss: 0.071
48
[49,    10] loss: 0.196
[49,    20] loss: 0.117
[49,    30] loss: 0.071
49
[50,    10] loss: 0.203
[50,    20] loss: 0.117
[50,    30] loss: 0.058
50
[51,    10] loss: 0.206
[51,    20] loss: 0.101
[51,    30] loss: 0.069
51
[52,    10] loss: 0.188
[52,    20] loss: 0.098
[52,    30] loss: 0.069
52
[53,    10] loss: 0.199
[53,    20] loss: 0.106
[53,    30] loss: 0.059
53
[54,    10] loss: 0.187
[54,    20] loss: 0.092
[54,    30] loss: 0.064
54
[55,    10] loss: 0.199
[55,    20] loss: 0.089
[55,    30] loss: 0.060
55
[56,    10] loss: 0.185
[56,    20] loss: 0.096
[56,    30] loss: 0.054
56
[57,    10] loss: 0.170
[57,    20] loss: 0.086
[57,    30] loss: 0.054
57
[58,    10] loss: 0.166
[58,    20] loss: 0.087
[58,    30] loss: 0.051
58
[59,    10] loss: 0.154
[59,    20] loss: 0.085
[59,    30] loss: 0.058
59
[60,    10] loss: 0.147
[60,    20] loss: 0.076
[60,    30] loss: 0.057
Loading training data
All_gesture
[0 0 0 ... 2 2 2]
Normalizing training data
All_gesture
[0 0 0 ... 4 4 4]
Getting loss weights
Training model
0
[1,    10] loss: 1.612
[1,    20] loss: 0.779
[1,    30] loss: 0.511
1
[2,    10] loss: 1.532
[2,    20] loss: 0.757
[2,    30] loss: 0.483
2
[3,    10] loss: 1.466
[3,    20] loss: 0.713
[3,    30] loss: 0.489
3
[4,    10] loss: 1.371
[4,    20] loss: 0.711
[4,    30] loss: 0.469
4
[5,    10] loss: 1.377
[5,    20] loss: 0.668
[5,    30] loss: 0.455
5
[6,    10] loss: 1.343
[6,    20] loss: 0.666
[6,    30] loss: 0.438
6
[7,    10] loss: 1.308
[7,    20] loss: 0.634
[7,    30] loss: 0.436
7
[8,    10] loss: 1.259
[8,    20] loss: 0.634
[8,    30] loss: 0.415
8
[9,    10] loss: 1.286
[9,    20] loss: 0.599
[9,    30] loss: 0.388
9
[10,    10] loss: 1.204
[10,    20] loss: 0.572
[10,    30] loss: 0.399
10
[11,    10] loss: 1.107
[11,    20] loss: 0.580
[11,    30] loss: 0.387
11
[12,    10] loss: 1.155
[12,    20] loss: 0.543
[12,    30] loss: 0.370
12
[13,    10] loss: 1.098
[13,    20] loss: 0.538
[13,    30] loss: 0.351
13
[14,    10] loss: 1.045
[14,    20] loss: 0.520
[14,    30] loss: 0.342
14
[15,    10] loss: 1.053
[15,    20] loss: 0.499
[15,    30] loss: 0.329
15
[16,    10] loss: 0.994
[16,    20] loss: 0.479
[16,    30] loss: 0.320
16
[17,    10] loss: 0.958
[17,    20] loss: 0.446
[17,    30] loss: 0.318
17
[18,    10] loss: 0.880
[18,    20] loss: 0.486
[18,    30] loss: 0.292
18
[19,    10] loss: 0.870
[19,    20] loss: 0.424
[19,    30] loss: 0.301
19
[20,    10] loss: 0.781
[20,    20] loss: 0.445
[20,    30] loss: 0.290
20
[21,    10] loss: 0.796
[21,    20] loss: 0.407
[21,    30] loss: 0.268
21
[22,    10] loss: 0.773
[22,    20] loss: 0.385
[22,    30] loss: 0.263
22
[23,    10] loss: 0.779
[23,    20] loss: 0.390
[23,    30] loss: 0.228
23
[24,    10] loss: 0.742
[24,    20] loss: 0.348
[24,    30] loss: 0.229
24
[25,    10] loss: 0.651
[25,    20] loss: 0.333
[25,    30] loss: 0.234
25
[26,    10] loss: 0.662
[26,    20] loss: 0.320
[26,    30] loss: 0.208
26
[27,    10] loss: 0.614
[27,    20] loss: 0.308
[27,    30] loss: 0.207
27
[28,    10] loss: 0.648
[28,    20] loss: 0.274
[28,    30] loss: 0.198
28
[29,    10] loss: 0.570
[29,    20] loss: 0.307
[29,    30] loss: 0.193
29
[30,    10] loss: 0.587
[30,    20] loss: 0.266
[30,    30] loss: 0.187
30
[31,    10] loss: 0.526
[31,    20] loss: 0.267
[31,    30] loss: 0.177
31
[32,    10] loss: 0.476
[32,    20] loss: 0.245
[32,    30] loss: 0.176
32
[33,    10] loss: 0.498
[33,    20] loss: 0.218
[33,    30] loss: 0.160
33
[34,    10] loss: 0.468
[34,    20] loss: 0.245
[34,    30] loss: 0.151
34
[35,    10] loss: 0.493
[35,    20] loss: 0.224
[35,    30] loss: 0.138
35
[36,    10] loss: 0.426
[36,    20] loss: 0.234
[36,    30] loss: 0.141
36
[37,    10] loss: 0.412
[37,    20] loss: 0.209
[37,    30] loss: 0.146
37
[38,    10] loss: 0.440
[38,    20] loss: 0.203
[38,    30] loss: 0.128
38
[39,    10] loss: 0.417
[39,    20] loss: 0.181
[39,    30] loss: 0.126
39
[40,    10] loss: 0.353
[40,    20] loss: 0.178
[40,    30] loss: 0.129
40
[41,    10] loss: 0.349
[41,    20] loss: 0.174
[41,    30] loss: 0.119
41
[42,    10] loss: 0.343
[42,    20] loss: 0.167
[42,    30] loss: 0.113
42
[43,    10] loss: 0.319
[43,    20] loss: 0.164
[43,    30] loss: 0.130
43
[44,    10] loss: 0.289
[44,    20] loss: 0.166
[44,    30] loss: 0.125
44
[45,    10] loss: 0.328
[45,    20] loss: 0.156
[45,    30] loss: 0.109
45
[46,    10] loss: 0.292
[46,    20] loss: 0.152
[46,    30] loss: 0.108
46
[47,    10] loss: 0.278
[47,    20] loss: 0.129
[47,    30] loss: 0.100
47
[48,    10] loss: 0.270
[48,    20] loss: 0.121
[48,    30] loss: 0.095
48
[49,    10] loss: 0.299
[49,    20] loss: 0.110
[49,    30] loss: 0.083
49
[50,    10] loss: 0.268
[50,    20] loss: 0.117
[50,    30] loss: 0.079
50
[51,    10] loss: 0.241
[51,    20] loss: 0.127
[51,    30] loss: 0.073
51
[52,    10] loss: 0.212
[52,    20] loss: 0.133
[52,    30] loss: 0.074
52
[53,    10] loss: 0.213
[53,    20] loss: 0.112
[53,    30] loss: 0.076
53
[54,    10] loss: 0.233
[54,    20] loss: 0.100
[54,    30] loss: 0.066
54
[55,    10] loss: 0.201
[55,    20] loss: 0.102
[55,    30] loss: 0.066
55
[56,    10] loss: 0.206
[56,    20] loss: 0.093
[56,    30] loss: 0.063
56
[57,    10] loss: 0.170
[57,    20] loss: 0.104
[57,    30] loss: 0.063
57
[58,    10] loss: 0.187
[58,    20] loss: 0.096
[58,    30] loss: 0.054
58
[59,    10] loss: 0.162
[59,    20] loss: 0.083
[59,    30] loss: 0.059
59
[60,    10] loss: 0.171
[60,    20] loss: 0.083
[60,    30] loss: 0.056
Loading training data
All_gesture
[0 0 0 ... 4 4 4]
Normalizing training data
All_gesture
[0 0 0 ... 2 2 2]
Getting loss weights
Training model
0
[1,    10] loss: 1.596
[1,    20] loss: 0.784
[1,    30] loss: 0.516
1
[2,    10] loss: 1.499
[2,    20] loss: 0.737
[2,    30] loss: 0.495
2
[3,    10] loss: 1.420
[3,    20] loss: 0.711
[3,    30] loss: 0.471
3
[4,    10] loss: 1.385
[4,    20] loss: 0.682
[4,    30] loss: 0.459
4
[5,    10] loss: 1.354
[5,    20] loss: 0.661
[5,    30] loss: 0.446
5
[6,    10] loss: 1.338
[6,    20] loss: 0.646
[6,    30] loss: 0.426
6
[7,    10] loss: 1.288
[7,    20] loss: 0.627
[7,    30] loss: 0.413
7
[8,    10] loss: 1.217
[8,    20] loss: 0.609
[8,    30] loss: 0.406
8
[9,    10] loss: 1.195
[9,    20] loss: 0.585
[9,    30] loss: 0.388
9
[10,    10] loss: 1.155
[10,    20] loss: 0.571
[10,    30] loss: 0.386
10
[11,    10] loss: 1.105
[11,    20] loss: 0.552
[11,    30] loss: 0.372
11
[12,    10] loss: 1.060
[12,    20] loss: 0.540
[12,    30] loss: 0.360
12
[13,    10] loss: 1.065
[13,    20] loss: 0.509
[13,    30] loss: 0.341
13
[14,    10] loss: 1.016
[14,    20] loss: 0.497
[14,    30] loss: 0.338
14
[15,    10] loss: 0.959
[15,    20] loss: 0.485
[15,    30] loss: 0.323
15
[16,    10] loss: 0.926
[16,    20] loss: 0.459
[16,    30] loss: 0.310
16
[17,    10] loss: 0.875
[17,    20] loss: 0.461
[17,    30] loss: 0.304
17
[18,    10] loss: 0.884
[18,    20] loss: 0.428
[18,    30] loss: 0.279
18
[19,    10] loss: 0.860
[19,    20] loss: 0.384
[19,    30] loss: 0.283
19
[20,    10] loss: 0.764
[20,    20] loss: 0.380
[20,    30] loss: 0.272
20
[21,    10] loss: 0.776
[21,    20] loss: 0.389
[21,    30] loss: 0.252
21
[22,    10] loss: 0.702
[22,    20] loss: 0.372
[22,    30] loss: 0.243
22
[23,    10] loss: 0.702
[23,    20] loss: 0.348
[23,    30] loss: 0.225
23
[24,    10] loss: 0.745
[24,    20] loss: 0.312
[24,    30] loss: 0.216
24
[25,    10] loss: 0.650
[25,    20] loss: 0.326
[25,    30] loss: 0.210
25
[26,    10] loss: 0.626
[26,    20] loss: 0.314
[26,    30] loss: 0.203
26
[27,    10] loss: 0.631
[27,    20] loss: 0.291
[27,    30] loss: 0.195
27
[28,    10] loss: 0.547
[28,    20] loss: 0.292
[28,    30] loss: 0.192
28
[29,    10] loss: 0.586
[29,    20] loss: 0.265
[29,    30] loss: 0.165
29
[30,    10] loss: 0.538
[30,    20] loss: 0.243
[30,    30] loss: 0.165
30
[31,    10] loss: 0.517
[31,    20] loss: 0.236
[31,    30] loss: 0.162
31
[32,    10] loss: 0.479
[32,    20] loss: 0.228
[32,    30] loss: 0.149
32
[33,    10] loss: 0.432
[33,    20] loss: 0.211
[33,    30] loss: 0.151
33
[34,    10] loss: 0.395
[34,    20] loss: 0.211
[34,    30] loss: 0.146
34
[35,    10] loss: 0.411
[35,    20] loss: 0.204
[35,    30] loss: 0.125
35
[36,    10] loss: 0.381
[36,    20] loss: 0.205
[36,    30] loss: 0.129
36
[37,    10] loss: 0.378
[37,    20] loss: 0.191
[37,    30] loss: 0.124
37
[38,    10] loss: 0.378
[38,    20] loss: 0.170
[38,    30] loss: 0.117
38
[39,    10] loss: 0.337
[39,    20] loss: 0.165
[39,    30] loss: 0.111
39
[40,    10] loss: 0.319
[40,    20] loss: 0.168
[40,    30] loss: 0.102
40
[41,    10] loss: 0.309
[41,    20] loss: 0.169
[41,    30] loss: 0.098
41
[42,    10] loss: 0.293
[42,    20] loss: 0.160
[42,    30] loss: 0.098
42
[43,    10] loss: 0.310
[43,    20] loss: 0.143
[43,    30] loss: 0.090
43
[44,    10] loss: 0.291
[44,    20] loss: 0.130
[44,    30] loss: 0.088
44
[45,    10] loss: 0.255
[45,    20] loss: 0.139
[45,    30] loss: 0.095
45
[46,    10] loss: 0.281
[46,    20] loss: 0.136
[46,    30] loss: 0.082
46
[47,    10] loss: 0.261
[47,    20] loss: 0.146
[47,    30] loss: 0.083
47
[48,    10] loss: 0.267
[48,    20] loss: 0.128
[48,    30] loss: 0.089
48
[49,    10] loss: 0.251
[49,    20] loss: 0.115
[49,    30] loss: 0.081
49
[50,    10] loss: 0.240
[50,    20] loss: 0.106
[50,    30] loss: 0.074
50
[51,    10] loss: 0.232
[51,    20] loss: 0.095
[51,    30] loss: 0.077
51
[52,    10] loss: 0.222
[52,    20] loss: 0.103
[52,    30] loss: 0.076
52
[53,    10] loss: 0.207
[53,    20] loss: 0.098
[53,    30] loss: 0.070
53
[54,    10] loss: 0.209
[54,    20] loss: 0.098
[54,    30] loss: 0.059
54
[55,    10] loss: 0.190
[55,    20] loss: 0.094
[55,    30] loss: 0.065
55
[56,    10] loss: 0.180
[56,    20] loss: 0.094
[56,    30] loss: 0.058
56
[57,    10] loss: 0.194
[57,    20] loss: 0.082
[57,    30] loss: 0.056
57
[58,    10] loss: 0.171
[58,    20] loss: 0.091
[58,    30] loss: 0.053
58
[59,    10] loss: 0.171
[59,    20] loss: 0.088
[59,    30] loss: 0.059
59
[60,    10] loss: 0.191
[60,    20] loss: 0.079
[60,    30] loss: 0.066
Loading training data
All_gesture
[0 0 0 ... 2 2 2]
Normalizing training data
All_gesture
[0 0 0 ... 2 2 2]
Getting loss weights
Training model
0
[1,    10] loss: 1.597
[1,    20] loss: 0.783
[1,    30] loss: 0.517
1
[2,    10] loss: 1.496
[2,    20] loss: 0.760
[2,    30] loss: 0.487
2
[3,    10] loss: 1.424
[3,    20] loss: 0.721
[3,    30] loss: 0.474
3
[4,    10] loss: 1.388
[4,    20] loss: 0.691
[4,    30] loss: 0.456
4
[5,    10] loss: 1.352
[5,    20] loss: 0.663
[5,    30] loss: 0.440
5
[6,    10] loss: 1.282
[6,    20] loss: 0.645
[6,    30] loss: 0.428
6
[7,    10] loss: 1.251
[7,    20] loss: 0.614
[7,    30] loss: 0.417
7
[8,    10] loss: 1.208
[8,    20] loss: 0.598
[8,    30] loss: 0.402
8
[9,    10] loss: 1.172
[9,    20] loss: 0.579
[9,    30] loss: 0.388
9
[10,    10] loss: 1.142
[10,    20] loss: 0.566
[10,    30] loss: 0.370
10
[11,    10] loss: 1.089
[11,    20] loss: 0.539
[11,    30] loss: 0.363
11
[12,    10] loss: 1.070
[12,    20] loss: 0.514
[12,    30] loss: 0.347
12
[13,    10] loss: 1.024
[13,    20] loss: 0.501
[13,    30] loss: 0.332
13
[14,    10] loss: 0.980
[14,    20] loss: 0.491
[14,    30] loss: 0.313
14
[15,    10] loss: 0.960
[15,    20] loss: 0.461
[15,    30] loss: 0.311
15
[16,    10] loss: 0.914
[16,    20] loss: 0.452
[16,    30] loss: 0.299
16
[17,    10] loss: 0.877
[17,    20] loss: 0.434
[17,    30] loss: 0.283
17
[18,    10] loss: 0.816
[18,    20] loss: 0.425
[18,    30] loss: 0.266
18
[19,    10] loss: 0.792
[19,    20] loss: 0.394
[19,    30] loss: 0.259
19
[20,    10] loss: 0.755
[20,    20] loss: 0.389
[20,    30] loss: 0.244
20
[21,    10] loss: 0.717
[21,    20] loss: 0.361
[21,    30] loss: 0.239
21
[22,    10] loss: 0.698
[22,    20] loss: 0.353
[22,    30] loss: 0.217
22
[23,    10] loss: 0.649
[23,    20] loss: 0.331
[23,    30] loss: 0.219
23
[24,    10] loss: 0.636
[24,    20] loss: 0.316
[24,    30] loss: 0.217
24
[25,    10] loss: 0.628
[25,    20] loss: 0.306
[25,    30] loss: 0.193
25
[26,    10] loss: 0.561
[26,    20] loss: 0.274
[26,    30] loss: 0.198
26
[27,    10] loss: 0.553
[27,    20] loss: 0.265
[27,    30] loss: 0.184
27
[28,    10] loss: 0.529
[28,    20] loss: 0.264
[28,    30] loss: 0.171
28
[29,    10] loss: 0.481
[29,    20] loss: 0.244
[29,    30] loss: 0.161
29
[30,    10] loss: 0.470
[30,    20] loss: 0.238
[30,    30] loss: 0.147
30
[31,    10] loss: 0.451
[31,    20] loss: 0.218
[31,    30] loss: 0.150
31
[32,    10] loss: 0.426
[32,    20] loss: 0.217
[32,    30] loss: 0.139
32
[33,    10] loss: 0.413
[33,    20] loss: 0.195
[33,    30] loss: 0.129
33
[34,    10] loss: 0.372
[34,    20] loss: 0.193
[34,    30] loss: 0.124
34
[35,    10] loss: 0.364
[35,    20] loss: 0.177
[35,    30] loss: 0.122
35
[36,    10] loss: 0.345
[36,    20] loss: 0.174
[36,    30] loss: 0.115
36
[37,    10] loss: 0.340
[37,    20] loss: 0.178
[37,    30] loss: 0.109
37
[38,    10] loss: 0.358
[38,    20] loss: 0.157
[38,    30] loss: 0.104
38
[39,    10] loss: 0.342
[39,    20] loss: 0.161
[39,    30] loss: 0.103
39
[40,    10] loss: 0.310
[40,    20] loss: 0.153
[40,    30] loss: 0.096
40
[41,    10] loss: 0.292
[41,    20] loss: 0.146
[41,    30] loss: 0.090
41
[42,    10] loss: 0.262
[42,    20] loss: 0.144
[42,    30] loss: 0.091
42
[43,    10] loss: 0.256
[43,    20] loss: 0.129
[43,    30] loss: 0.082
43
[44,    10] loss: 0.246
[44,    20] loss: 0.121
[44,    30] loss: 0.081
44
[45,    10] loss: 0.235
[45,    20] loss: 0.118
[45,    30] loss: 0.077
45
[46,    10] loss: 0.243
[46,    20] loss: 0.112
[46,    30] loss: 0.081
46
[47,    10] loss: 0.226
[47,    20] loss: 0.117
[47,    30] loss: 0.076
47
[48,    10] loss: 0.219
[48,    20] loss: 0.109
[48,    30] loss: 0.076
48
[49,    10] loss: 0.211
[49,    20] loss: 0.102
[49,    30] loss: 0.073
49
[50,    10] loss: 0.195
[50,    20] loss: 0.105
[50,    30] loss: 0.072
50
[51,    10] loss: 0.194
[51,    20] loss: 0.105
[51,    30] loss: 0.062
51
[52,    10] loss: 0.191
[52,    20] loss: 0.092
[52,    30] loss: 0.065
52
[53,    10] loss: 0.180
[53,    20] loss: 0.090
[53,    30] loss: 0.058
53
[54,    10] loss: 0.172
[54,    20] loss: 0.083
[54,    30] loss: 0.058
54
[55,    10] loss: 0.156
[55,    20] loss: 0.086
[55,    30] loss: 0.053
55
[56,    10] loss: 0.157
[56,    20] loss: 0.081
[56,    30] loss: 0.053
56
[57,    10] loss: 0.155
[57,    20] loss: 0.076
[57,    30] loss: 0.053
57
[58,    10] loss: 0.153
[58,    20] loss: 0.073
[58,    30] loss: 0.051
58
[59,    10] loss: 0.147
[59,    20] loss: 0.074
[59,    30] loss: 0.046
59
[60,    10] loss: 0.135
[60,    20] loss: 0.076
[60,    30] loss: 0.047
Loading training data
All_gesture
[0 0 0 ... 2 2 2]
Normalizing training data
All_gesture
[0 0 0 ... 2 2 2]
Getting loss weights
Training model
0
[1,    10] loss: 1.618
[1,    20] loss: 0.796
[1,    30] loss: 0.525
1
[2,    10] loss: 1.549
[2,    20] loss: 0.764
[2,    30] loss: 0.502
2
[3,    10] loss: 1.512
[3,    20] loss: 0.736
[3,    30] loss: 0.490
3
[4,    10] loss: 1.465
[4,    20] loss: 0.717
[4,    30] loss: 0.481
4
[5,    10] loss: 1.432
[5,    20] loss: 0.704
[5,    30] loss: 0.476
5
[6,    10] loss: 1.366
[6,    20] loss: 0.696
[6,    30] loss: 0.458
6
[7,    10] loss: 1.338
[7,    20] loss: 0.673
[7,    30] loss: 0.451
7
[8,    10] loss: 1.334
[8,    20] loss: 0.638
[8,    30] loss: 0.426
8
[9,    10] loss: 1.265
[9,    20] loss: 0.637
[9,    30] loss: 0.415
9
[10,    10] loss: 1.186
[10,    20] loss: 0.599
[10,    30] loss: 0.416
10
[11,    10] loss: 1.167
[11,    20] loss: 0.585
[11,    30] loss: 0.388
11
[12,    10] loss: 1.113
[12,    20] loss: 0.573
[12,    30] loss: 0.386
12
[13,    10] loss: 1.124
[13,    20] loss: 0.540
[13,    30] loss: 0.367
13
[14,    10] loss: 1.036
[14,    20] loss: 0.538
[14,    30] loss: 0.346
14
[15,    10] loss: 1.054
[15,    20] loss: 0.503
[15,    30] loss: 0.343
15
[16,    10] loss: 0.969
[16,    20] loss: 0.501
[16,    30] loss: 0.330
16
[17,    10] loss: 0.962
[17,    20] loss: 0.479
[17,    30] loss: 0.312
17
[18,    10] loss: 0.976
[18,    20] loss: 0.447
[18,    30] loss: 0.293
18
[19,    10] loss: 0.886
[19,    20] loss: 0.424
[19,    30] loss: 0.302
19
[20,    10] loss: 0.857
[20,    20] loss: 0.420
[20,    30] loss: 0.286
20
[21,    10] loss: 0.809
[21,    20] loss: 0.401
[21,    30] loss: 0.273
21
[22,    10] loss: 0.806
[22,    20] loss: 0.387
[22,    30] loss: 0.249
22
[23,    10] loss: 0.791
[23,    20] loss: 0.367
[23,    30] loss: 0.242
23
[24,    10] loss: 0.697
[24,    20] loss: 0.361
[24,    30] loss: 0.238
24
[25,    10] loss: 0.706
[25,    20] loss: 0.342
[25,    30] loss: 0.228
25
[26,    10] loss: 0.646
[26,    20] loss: 0.336
[26,    30] loss: 0.220
26
[27,    10] loss: 0.617
[27,    20] loss: 0.325
[27,    30] loss: 0.208
27
[28,    10] loss: 0.625
[28,    20] loss: 0.316
[28,    30] loss: 0.199
28
[29,    10] loss: 0.568
[29,    20] loss: 0.297
[29,    30] loss: 0.191
29
[30,    10] loss: 0.565
[30,    20] loss: 0.281
[30,    30] loss: 0.173
30
[31,    10] loss: 0.522
[31,    20] loss: 0.257
[31,    30] loss: 0.180
31
[32,    10] loss: 0.491
[32,    20] loss: 0.252
[32,    30] loss: 0.174
32
[33,    10] loss: 0.471
[33,    20] loss: 0.248
[33,    30] loss: 0.158
33
[34,    10] loss: 0.467
[34,    20] loss: 0.221
[34,    30] loss: 0.147
34
[35,    10] loss: 0.419
[35,    20] loss: 0.214
[35,    30] loss: 0.146
35
[36,    10] loss: 0.427
[36,    20] loss: 0.200
[36,    30] loss: 0.135
36
[37,    10] loss: 0.378
[37,    20] loss: 0.192
[37,    30] loss: 0.126
37
[38,    10] loss: 0.374
[38,    20] loss: 0.176
[38,    30] loss: 0.119
38
[39,    10] loss: 0.359
[39,    20] loss: 0.171
[39,    30] loss: 0.117
39
[40,    10] loss: 0.351
[40,    20] loss: 0.172
[40,    30] loss: 0.106
40
[41,    10] loss: 0.321
[41,    20] loss: 0.164
[41,    30] loss: 0.111
41
[42,    10] loss: 0.331
[42,    20] loss: 0.159
[42,    30] loss: 0.105
42
[43,    10] loss: 0.293
[43,    20] loss: 0.159
[43,    30] loss: 0.104
43
[44,    10] loss: 0.312
[44,    20] loss: 0.148
[44,    30] loss: 0.105
44
[45,    10] loss: 0.312
[45,    20] loss: 0.138
[45,    30] loss: 0.099
45
[46,    10] loss: 0.268
[46,    20] loss: 0.143
[46,    30] loss: 0.085
46
[47,    10] loss: 0.261
[47,    20] loss: 0.131
[47,    30] loss: 0.083
47
[48,    10] loss: 0.236
[48,    20] loss: 0.123
[48,    30] loss: 0.084
48
[49,    10] loss: 0.232
[49,    20] loss: 0.117
[49,    30] loss: 0.076
49
[50,    10] loss: 0.222
[50,    20] loss: 0.103
[50,    30] loss: 0.073
50
[51,    10] loss: 0.227
[51,    20] loss: 0.107
[51,    30] loss: 0.068
51
[52,    10] loss: 0.202
[52,    20] loss: 0.109
[52,    30] loss: 0.064
52
[53,    10] loss: 0.182
[53,    20] loss: 0.095
[53,    30] loss: 0.068
53
[54,    10] loss: 0.175
[54,    20] loss: 0.097
[54,    30] loss: 0.057
54
[55,    10] loss: 0.177
[55,    20] loss: 0.096
[55,    30] loss: 0.055
55
[56,    10] loss: 0.164
[56,    20] loss: 0.081
[56,    30] loss: 0.061
56
[57,    10] loss: 0.167
[57,    20] loss: 0.085
[57,    30] loss: 0.057
57
[58,    10] loss: 0.161
[58,    20] loss: 0.082
[58,    30] loss: 0.058
58
[59,    10] loss: 0.163
[59,    20] loss: 0.080
[59,    30] loss: 0.052
59
[60,    10] loss: 0.163
[60,    20] loss: 0.081
[60,    30] loss: 0.050
Loading training data
All_gesture
[0 0 0 ... 2 2 2]
Normalizing training data
All_gesture
[0 0 0 ... 3 3 3]
Getting loss weights
Training model
0
[1,    10] loss: 1.597
[1,    20] loss: 0.782
[1,    30] loss: 0.519
1
[2,    10] loss: 1.478
[2,    20] loss: 0.761
[2,    30] loss: 0.492
2
[3,    10] loss: 1.455
[3,    20] loss: 0.718
[3,    30] loss: 0.475
3
[4,    10] loss: 1.365
[4,    20] loss: 0.700
[4,    30] loss: 0.475
4
[5,    10] loss: 1.363
[5,    20] loss: 0.651
[5,    30] loss: 0.461
5
[6,    10] loss: 1.327
[6,    20] loss: 0.656
[6,    30] loss: 0.431
6
[7,    10] loss: 1.285
[7,    20] loss: 0.615
[7,    30] loss: 0.420
7
[8,    10] loss: 1.219
[8,    20] loss: 0.601
[8,    30] loss: 0.420
8
[9,    10] loss: 1.207
[9,    20] loss: 0.582
[9,    30] loss: 0.389
9
[10,    10] loss: 1.165
[10,    20] loss: 0.562
[10,    30] loss: 0.365
10
[11,    10] loss: 1.111
[11,    20] loss: 0.539
[11,    30] loss: 0.362
11
[12,    10] loss: 1.057
[12,    20] loss: 0.530
[12,    30] loss: 0.332
12
[13,    10] loss: 0.962
[13,    20] loss: 0.509
[13,    30] loss: 0.336
13
[14,    10] loss: 0.907
[14,    20] loss: 0.498
[14,    30] loss: 0.320
14
[15,    10] loss: 0.905
[15,    20] loss: 0.475
[15,    30] loss: 0.299
15
[16,    10] loss: 0.865
[16,    20] loss: 0.451
[16,    30] loss: 0.302
16
[17,    10] loss: 0.829
[17,    20] loss: 0.443
[17,    30] loss: 0.281
17
[18,    10] loss: 0.840
[18,    20] loss: 0.372
[18,    30] loss: 0.277
18
[19,    10] loss: 0.776
[19,    20] loss: 0.374
[19,    30] loss: 0.265
19
[20,    10] loss: 0.732
[20,    20] loss: 0.365
[20,    30] loss: 0.241
20
[21,    10] loss: 0.704
[21,    20] loss: 0.350
[21,    30] loss: 0.230
21
[22,    10] loss: 0.687
[22,    20] loss: 0.339
[22,    30] loss: 0.214
22
[23,    10] loss: 0.681
[23,    20] loss: 0.303
[23,    30] loss: 0.217
23
[24,    10] loss: 0.638
[24,    20] loss: 0.305
[24,    30] loss: 0.194
24
[25,    10] loss: 0.609
[25,    20] loss: 0.299
[25,    30] loss: 0.191
25
[26,    10] loss: 0.601
[26,    20] loss: 0.276
[26,    30] loss: 0.184
26
[27,    10] loss: 0.554
[27,    20] loss: 0.270
[27,    30] loss: 0.174
27
[28,    10] loss: 0.509
[28,    20] loss: 0.265
[28,    30] loss: 0.165
28
[29,    10] loss: 0.503
[29,    20] loss: 0.244
[29,    30] loss: 0.145
29
[30,    10] loss: 0.445
[30,    20] loss: 0.220
[30,    30] loss: 0.149
30
[31,    10] loss: 0.409
[31,    20] loss: 0.201
[31,    30] loss: 0.140
31
[32,    10] loss: 0.389
[32,    20] loss: 0.209
[32,    30] loss: 0.132
32
[33,    10] loss: 0.356
[33,    20] loss: 0.196
[33,    30] loss: 0.149
33
[34,    10] loss: 0.416
[34,    20] loss: 0.187
[34,    30] loss: 0.121
34
[35,    10] loss: 0.356
[35,    20] loss: 0.175
[35,    30] loss: 0.129
35
[36,    10] loss: 0.381
[36,    20] loss: 0.179
[36,    30] loss: 0.122
36
[37,    10] loss: 0.356
[37,    20] loss: 0.165
[37,    30] loss: 0.112
37
[38,    10] loss: 0.311
[38,    20] loss: 0.165
[38,    30] loss: 0.103
38
[39,    10] loss: 0.307
[39,    20] loss: 0.158
[39,    30] loss: 0.091
39
[40,    10] loss: 0.288
[40,    20] loss: 0.140
[40,    30] loss: 0.097
40
[41,    10] loss: 0.268
[41,    20] loss: 0.137
[41,    30] loss: 0.092
41
[42,    10] loss: 0.254
[42,    20] loss: 0.143
[42,    30] loss: 0.094
42
[43,    10] loss: 0.263
[43,    20] loss: 0.128
[43,    30] loss: 0.078
43
[44,    10] loss: 0.218
[44,    20] loss: 0.119
[44,    30] loss: 0.082
44
[45,    10] loss: 0.210
[45,    20] loss: 0.128
[45,    30] loss: 0.076
45
[46,    10] loss: 0.247
[46,    20] loss: 0.109
[46,    30] loss: 0.072
46
[47,    10] loss: 0.241
[47,    20] loss: 0.108
[47,    30] loss: 0.063
47
[48,    10] loss: 0.209
[48,    20] loss: 0.098
[48,    30] loss: 0.066
48
[49,    10] loss: 0.182
[49,    20] loss: 0.095
[49,    30] loss: 0.062
49
[50,    10] loss: 0.174
[50,    20] loss: 0.101
[50,    30] loss: 0.069
50
[51,    10] loss: 0.171
[51,    20] loss: 0.091
[51,    30] loss: 0.073
51
[52,    10] loss: 0.184
[52,    20] loss: 0.100
[52,    30] loss: 0.062
52
[53,    10] loss: 0.176
[53,    20] loss: 0.084
[53,    30] loss: 0.064
53
[54,    10] loss: 0.193
[54,    20] loss: 0.086
[54,    30] loss: 0.060
54
[55,    10] loss: 0.165
[55,    20] loss: 0.083
[55,    30] loss: 0.058
55
[56,    10] loss: 0.151
[56,    20] loss: 0.079
[56,    30] loss: 0.054
56
[57,    10] loss: 0.149
[57,    20] loss: 0.075
[57,    30] loss: 0.050
57
[58,    10] loss: 0.142
[58,    20] loss: 0.073
[58,    30] loss: 0.047
58
[59,    10] loss: 0.148
[59,    20] loss: 0.068
[59,    30] loss: 0.048
59
[60,    10] loss: 0.155
[60,    20] loss: 0.069
[60,    30] loss: 0.043
