0 0 0 0 0 0
10 0 0 2 0 0
20 0 0 2 0 0
30 0 0 2 0 0
40 0 0 2 0 0
50 0 0 2 0 0
60 0 0 2 0 0
70 2 0 2 0 0
80 2 0 0 0 0
90 2 0 0 0 0
100 2 0 0 0 0
110 2 0 0 0 0
120 2 0 0 0 0
130 2 0 0 0 0
140 2 0 2 0 0
150 0 0 2 0 0
160 0 0 2 0 0
170 0 0 2 0 0
180 0 0 2 0 0
190 0 0 2 0 0
200 0 0 2 0 0
210 0 0 2 0 0
220 0 0 2 0 0
230 0 0 2 0 0
240 0 0 2 0 1
250 0 0 2 0 1
260 0 0 2 0 1
270 0 0 2 0 1
280 0 0 2 0 1
290 0 0 2 0 1
300 0 0 2 0 1
310 0 0 2 0 1
320 0 0 2 0 1
330 0 0 2 0 1
340 0 0 2 0 2
350 0 0 2 0 2
360 0 0 2 0 2
370 0 0 2 0 2
380 0 0 2 0 2
390 0 0 2 0 2
400 0 0 2 0 2
410 0 2 2 0 2
420 2 0 2 0 2
430 2 0 0 0 2
440 2 0 0 0 2
450 2 0 0 0 2
460 2 0 0 0 2
470 2 0 0 0 0
480 2 0 0 0 0
490 2 0 0 0 0
500 2 0 0 0 0
510 2 0 0 0 0
520 2 0 0 0 0
530 2 0 0 0 0
540 2 0 0 0 0
550 2 0 0 0 0
560 2 0 0 0 0
570 2 0 2 0 0
580 0 0 2 0 0
590 0 0 2 0 0
600 0 0 2 0 0
610 0 0 2 0 0
620 0 0 2 0 0
630 0 0 2 0 0
640 0 0 2 0 1
650 0 0 2 0 1
660 0 0 2 0 1
670 0 0 2 0 1
680 0 0 2 0 0
690 0 0 2 0 0
700 0 0 2 0 0
710 0 0 2 0 0
720 0 0 2 0 0
730 0 0 2 0 1
740 0 0 2 0 1
750 0 0 2 0 1
760 0 0 2 0 1
770 0 0 2 0 1
780 0 0 2 0 2
790 0 0 2 0 2
800 0 0 2 0 2
810 0 0 2 0 2
820 0 0 2 0 2
830 0 0 2 0 2
840 0 0 2 0 2
850 0 0 2 0 2
860 0 2 2 0 2
870 0 2 2 0 2
880 2 0 2 0 2
890 2 0 0 0 2
900 2 0 0 0 2
910 2 0 0 0 2
920 2 0 0 0 2
930 2 0 0 0 0
940 2 0 0 0 0
950 2 0 0 0 0
960 2 0 0 0 0
970 2 0 0 0 0
980 2 0 0 0 0
990 2 0 0 0 0
1000 2 0 0 0 0
1010 2 0 0 0 0
1020 2 0 0 0 0
1030 2 0 2 0 0
1040 0 0 2 0 0
1050 0 0 2 0 0
1060 0 0 2 0 0
1070 0 0 2 0 0
1080 0 0 2 0 0
1090 0 0 2 0 0
1100 0 0 2 0 0
1110 0 5 2 0 0
1120 0 5 2 0 1
1130 0 5 2 0 1
1140 0 5 2 0 1
1150 0 5 2 0 1
1160 0 5 2 0 1
1170 0 5 2 0 1
1180 0 5 2 0 2
1190 0 5 2 0 2
1200 0 5 2 0 2
1210 0 0 2 0 2
1220 0 0 2 0 2
1230 0 0 2 0 2
1240 0 2 2 0 2
1250 0 2 2 0 2
1260 0 2 2 0 2
1270 2 0 2 0 2
1280 2 0 2 0 2
1290 2 0 2 0 2
1300 2 0 2 0 2
1310 2 0 2 0 2
1320 2 0 2 0 2
1330 2 0 2 0 2
1340 2 0 0 0 2
1350 2 0 0 0 2
1360 2 0 0 0 0
1370 2 0 0 0 0
1380 2 0 0 0 0
1390 2 0 0 0 0
1400 2 0 0 0 0
1410 2 0 0 0 0
1420 2 0 0 0 0
1430 2 0 0 0 0
1440 2 0 0 0 0
1450 2 0 0 2 0
1460 2 0 2 0 0
1470 0 0 2 0 0
1480 0 0 2 0 0
1490 0 0 2 0 0
1500 0 0 2 0 1
1510 0 0 2 0 1
1520 0 5 2 0 1
1530 0 5 2 0 1
1540 0 5 2 0 1
1550 0 5 2 0 1
1560 0 5 2 0 2
1570 0 5 2 0 2
1580 0 0 2 0 2
1590 0 0 2 0 2
1600 0 0 2 0 2
1610 0 0 2 0 2
1620 0 0 2 0 2
1630 2 0 2 0 2
1640 2 0 2 0 2
1650 2 0 2 0 2
1660 2 0 0 0 2
1670 2 0 0 0 2
1680 2 0 0 0 2
1690 2 0 0 0 0
1700 2 0 0 0 0
1710 2 0 0 0 0
1720 2 0 0 0 0
1730 2 0 0 0 0
1740 2 0 0 0 0
1750 2 0 0 0 0
1760 2 0 0 0 0
1770 2 0 0 0 0
1780 0 0 0 0 0
1790 0 0 0 0 0
1800 0 0 0 0 0
1810 0 0 0 0 0
1820 0 0 0 0 0
1830 0 0 0 0 0
1840 0 0 0 0 0
1850 0 0 0 0 0
1860 0 0 0 0 0
1870 0 0 0 0 0
