0 0 0 0 0 0
10 0 0 0 0 0
20 0 0 0 0 0
30 0 0 0 0 0
40 0 0 0 0 0
50 0 0 0 0 0
60 0 0 0 0 0
70 0 0 0 0 0
80 0 0 0 0 0
90 0 0 0 0 0
100 0 0 0 0 0
110 0 0 0 0 0
120 0 0 0 0 0
130 0 0 0 0 0
140 0 0 0 0 0
150 0 0 0 0 0
160 0 0 0 0 0
170 0 0 0 0 0
180 0 0 0 0 0
190 0 0 0 0 0
200 0 0 0 0 0
210 0 0 0 0 0
220 0 0 0 0 0
230 0 0 0 0 0
240 0 0 0 0 0
250 0 0 0 0 0
260 0 0 0 0 0
270 0 0 0 0 0
280 0 0 2 0 0
290 0 0 2 0 0
300 0 0 2 0 0
310 0 0 2 0 0
320 0 0 2 0 0
330 0 0 2 0 0
340 0 0 2 0 0
350 0 0 2 0 0
360 0 0 2 0 0
370 0 0 2 0 0
380 0 0 2 0 0
390 0 0 2 0 0
400 0 0 2 0 0
410 0 2 2 0 0
420 2 0 2 0 0
430 2 0 0 2 0
440 2 0 0 2 0
450 2 0 0 0 0
460 2 0 0 0 0
470 2 0 0 0 0
480 2 0 0 0 0
490 2 0 0 0 0
500 2 0 0 0 0
510 2 0 0 0 0
520 2 0 0 0 0
530 2 0 0 0 0
540 2 0 0 0 0
550 2 0 0 0 0
560 2 0 0 0 0
570 2 0 0 0 0
580 2 0 0 0 0
590 2 0 0 0 0
600 2 0 0 2 0
610 2 0 0 2 0
620 2 0 0 2 0
630 2 0 0 2 0
640 2 0 2 0 0
650 0 2 2 0 0
660 0 2 2 0 0
670 0 2 2 0 0
680 0 0 2 0 0
690 0 0 2 0 0
700 0 0 2 0 0
710 0 0 2 0 0
720 0 0 2 0 0
730 0 0 2 0 0
740 0 0 2 0 0
750 0 0 2 0 0
760 0 0 2 0 0
770 0 2 2 0 0
780 2 0 2 0 0
790 2 0 2 0 0
800 2 0 0 2 0
810 2 0 0 0 0
820 2 0 0 0 0
830 2 0 0 0 0
840 2 0 0 0 0
850 2 0 0 0 0
860 2 0 0 0 0
870 2 0 0 0 0
880 2 0 0 0 0
890 2 0 0 0 0
900 2 0 0 0 0
910 2 0 0 0 0
920 2 0 0 0 0
930 2 0 0 2 0
940 2 0 2 0 0
950 2 0 2 0 0
960 0 2 2 0 0
970 0 2 2 0 0
980 0 2 2 0 0
990 0 2 2 0 0
1000 0 0 2 0 0
1010 0 0 2 0 0
1020 0 0 2 0 0
1030 0 0 2 0 0
1040 0 0 2 0 0
1050 0 0 2 0 0
1060 0 0 2 0 0
1070 0 0 2 0 0
1080 0 0 2 0 0
1090 0 0 2 0 0
1100 0 0 2 0 0
1110 0 0 2 0 0
1120 0 0 2 0 0
1130 0 0 2 0 0
1140 0 0 2 0 0
1150 0 0 2 0 0
1160 0 0 2 0 0
1170 0 0 2 0 0
1180 0 0 2 0 0
1190 0 0 2 0 0
1200 0 0 2 0 0
1210 0 0 2 0 1
1220 0 0 2 0 1
1230 0 0 2 0 1
1240 0 0 2 0 2
1250 0 0 2 0 2
1260 0 0 2 0 2
1270 0 0 2 0 2
1280 0 0 2 0 2
1290 0 0 2 0 2
1300 0 0 2 0 2
1310 0 0 2 0 2
1320 0 0 2 0 2
1330 0 0 2 0 2
1340 0 0 2 0 2
1350 0 0 2 0 2
1360 0 0 2 0 2
1370 0 0 2 0 2
1380 0 0 2 0 2
1390 0 0 2 0 2
1400 0 0 2 0 2
1410 0 0 2 0 2
1420 0 0 2 0 2
1430 0 0 2 0 2
1440 0 0 2 0 2
1450 0 0 2 0 2
1460 0 0 2 0 2
1470 0 0 2 0 2
1480 0 0 2 0 2
1490 0 0 2 0 2
1500 0 0 2 0 2
1510 0 0 2 0 2
1520 0 0 2 0 2
1530 0 0 2 0 2
1540 0 0 2 0 2
1550 0 0 2 0 2
1560 0 0 2 0 2
1570 0 0 2 0 2
1580 0 0 2 0 2
1590 0 0 2 0 2
1600 0 0 2 0 2
1610 0 0 2 0 2
1620 0 0 2 0 2
1630 0 0 2 0 2
1640 0 0 2 0 2
1650 0 0 2 0 2
1660 0 2 2 0 2
1670 0 2 2 0 2
1680 0 2 2 0 2
1690 0 2 2 0 2
1700 0 2 2 0 2
1710 0 2 2 0 2
1720 0 2 2 0 2
1730 0 2 2 0 2
1740 0 2 2 0 2
1750 0 2 2 0 2
1760 0 2 2 0 2
1770 0 2 2 0 2
1780 0 2 2 0 2
1790 2 0 2 0 2
1800 2 0 0 2 2
1810 2 0 0 2 2
1820 2 0 0 0 2
1830 2 0 0 0 2
1840 2 0 0 0 2
1850 2 0 0 0 2
1860 2 0 0 5 2
1870 2 0 0 5 2
1880 2 0 0 5 2
1890 2 0 0 5 2
1900 2 0 5 0 2
1910 2 0 5 0 2
1920 2 0 5 0 2
1930 2 0 5 0 2
1940 2 0 5 0 2
1950 2 0 5 0 2
1960 2 0 5 0 2
1970 2 0 5 0 2
1980 2 0 5 0 2
1990 2 0 5 0 2
2000 2 0 5 0 2
2010 2 0 5 0 2
2020 2 0 5 0 2
2030 2 0 5 0 2
2040 2 0 5 0 2
2050 2 0 5 0 2
2060 2 0 5 0 2
2070 2 0 5 0 2
2080 2 0 5 0 2
2090 2 0 5 0 2
2100 2 0 5 0 2
2110 2 0 5 0 0
2120 2 0 5 0 0
2130 2 0 0 0 0
2140 2 0 0 0 0
2150 2 0 0 0 0
2160 2 0 0 0 0
2170 2 0 0 0 0
2180 2 0 0 0 0
2190 2 0 0 0 0
2200 2 0 0 0 0
2210 2 0 0 0 0
2220 2 0 0 0 0
2230 2 0 0 0 0
2240 2 0 0 0 0
2250 2 0 0 2 0
2260 2 0 0 2 0
2270 2 0 2 0 0
2280 2 0 2 0 0
2290 2 0 2 0 0
2300 2 0 2 0 0
2310 2 0 2 0 0
2320 0 2 2 0 0
2330 0 0 2 0 0
2340 0 0 2 0 0
2350 0 0 2 0 0
2360 0 0 2 0 0
2370 0 0 2 0 0
2380 0 0 2 0 0
2390 0 0 2 0 0
2400 0 0 2 0 0
2410 0 0 2 0 0
2420 0 0 2 0 0
2430 0 0 2 0 0
2440 0 0 2 0 0
2450 0 0 2 0 0
2460 0 0 2 0 0
2470 0 0 2 0 0
2480 0 0 2 0 0
2490 0 0 2 0 0
2500 0 0 2 0 1
2510 0 0 2 0 1
2520 0 0 2 0 1
2530 0 0 2 0 1
2540 0 0 2 0 1
2550 0 0 2 0 1
2560 0 0 2 0 1
2570 0 0 2 0 2
2580 0 0 2 0 2
2590 0 0 2 0 2
2600 0 0 2 0 2
2610 0 0 2 0 2
2620 0 0 2 0 2
2630 0 0 2 0 2
2640 0 0 2 0 2
2650 0 0 2 0 2
2660 0 0 2 0 2
2670 0 0 2 0 2
2680 0 0 2 0 2
2690 0 0 2 0 2
2700 0 0 2 0 2
2710 0 0 2 0 2
2720 0 0 2 0 2
2730 0 0 2 0 2
2740 0 0 2 0 2
2750 0 2 2 0 2
2760 0 2 2 0 2
2770 2 0 2 0 2
2780 2 0 2 0 2
2790 2 0 0 2 2
2800 2 0 0 2 2
2810 2 0 0 2 2
2820 2 0 0 2 2
2830 2 0 0 2 2
2840 2 0 0 0 2
2850 2 0 0 0 2
2860 2 0 0 0 2
2870 2 0 0 0 2
2880 2 0 0 5 2
2890 2 0 0 5 2
2900 2 0 0 5 2
2910 2 0 5 0 2
2920 2 0 5 0 2
2930 2 0 5 0 2
2940 2 0 5 0 2
2950 2 0 5 0 2
2960 2 0 5 0 2
2970 2 0 5 0 2
2980 2 0 5 0 2
2990 2 0 5 0 2
3000 2 0 5 0 2
3010 2 0 5 0 2
3020 2 0 5 0 2
3030 2 0 5 0 2
3040 2 0 5 0 2
3050 2 0 5 0 2
3060 2 0 5 0 2
3070 2 0 5 0 2
3080 2 0 5 0 2
3090 2 0 5 0 2
3100 2 0 5 0 2
3110 2 0 5 0 2
3120 2 0 5 0 2
3130 2 0 5 0 2
3140 2 0 5 0 2
3150 2 0 5 0 2
3160 2 0 5 0 2
3170 2 0 5 0 0
3180 2 0 5 0 0
3190 2 0 0 5 0
3200 2 0 0 5 0
3210 2 0 0 0 0
3220 2 0 0 0 0
3230 2 0 0 0 0
3240 2 0 0 0 0
3250 2 0 0 0 0
3260 2 0 0 0 0
3270 2 0 0 0 0
3280 2 0 0 0 0
3290 2 0 0 0 0
3300 2 0 0 0 0
3310 2 0 0 0 0
3320 2 0 0 0 0
3330 2 0 0 0 0
3340 2 0 0 0 0
3350 2 0 0 0 0
3360 2 0 0 2 0
3370 2 0 0 2 0
3380 2 0 2 0 0
3390 2 0 2 0 0
3400 0 0 2 0 0
3410 0 0 2 0 0
3420 0 0 2 0 0
3430 0 0 2 0 0
3440 0 0 2 0 0
3450 0 0 2 0 0
3460 0 0 2 0 0
3470 0 0 2 0 0
3480 0 0 2 0 0
3490 0 0 2 0 0
3500 0 0 2 0 0
3510 0 0 2 0 0
3520 0 0 2 0 0
3530 0 0 2 0 0
3540 0 0 2 0 0
3550 0 0 2 0 0
3560 0 0 2 0 0
3570 0 0 2 0 0
3580 0 0 2 0 0
3590 0 5 2 0 0
3600 0 5 2 0 0
3610 5 0 2 0 0
3620 5 0 2 0 0
3630 5 0 2 0 0
3640 5 0 2 0 0
3650 5 0 2 0 0
3660 5 0 2 0 0
3670 5 0 2 0 1
3680 5 0 2 0 1
3690 5 0 2 0 1
3700 5 0 2 0 1
3710 5 0 2 0 1
3720 5 0 2 0 1
3730 5 0 2 0 1
3740 5 0 2 0 1
3750 5 0 2 0 2
3760 5 0 2 0 2
3770 5 0 2 0 2
3780 5 0 2 0 2
3790 5 0 2 0 2
3800 5 0 2 0 2
3810 5 0 2 0 2
3820 5 0 2 0 2
3830 5 0 2 0 2
3840 5 0 2 0 2
3850 0 5 2 0 2
3860 0 0 2 0 2
3870 0 0 2 0 2
3880 0 0 2 0 2
3890 0 0 2 0 2
3900 0 2 2 0 2
3910 2 0 2 0 2
3920 2 0 0 2 2
3930 2 0 0 2 2
3940 2 0 0 0 2
3950 2 0 0 0 2
3960 2 0 0 0 2
3970 2 0 0 0 2
3980 2 0 0 5 2
3990 2 0 0 5 2
4000 2 0 5 0 2
4010 2 0 5 0 2
4020 2 0 5 0 2
4030 2 0 5 0 2
4040 2 0 5 0 2
4050 2 0 5 0 0
4060 2 0 5 0 0
4070 2 0 5 0 0
4080 2 0 0 0 0
4090 2 0 0 0 0
4100 2 0 0 0 0
4110 2 0 0 0 0
4120 2 0 0 0 0
4130 2 0 0 0 0
4140 2 0 0 0 0
4150 2 0 0 0 0
4160 2 0 0 0 0
4170 2 0 0 0 0
4180 2 0 0 2 0
4190 2 0 2 0 0
4200 0 0 2 0 0
4210 0 0 2 0 0
4220 0 0 2 0 0
4230 0 0 2 0 0
4240 0 0 2 0 0
4250 0 0 2 0 0
4260 0 0 2 0 0
4270 0 5 2 0 0
4280 0 5 2 0 0
4290 5 0 2 0 0
4300 5 0 2 0 0
4310 5 0 2 0 0
4320 5 0 2 0 0
4330 5 0 2 0 0
4340 5 0 2 0 1
4350 5 0 2 0 1
4360 5 0 2 0 2
4370 5 0 2 0 2
4380 5 0 2 0 2
4390 5 0 2 0 2
4400 5 0 2 0 2
4410 5 0 2 0 2
4420 5 0 2 0 2
4430 5 0 2 0 2
4440 5 0 2 0 2
4450 0 5 2 0 2
4460 0 0 2 0 2
4470 0 0 2 0 2
4480 0 0 2 0 2
4490 0 0 2 0 2
4500 0 0 2 0 2
4510 2 0 2 0 2
4520 2 0 0 2 2
4530 2 0 0 0 2
4540 2 0 0 0 2
4550 2 0 0 0 2
4560 2 0 0 0 2
4570 2 0 0 5 2
4580 2 0 0 5 2
4590 2 0 0 5 2
4600 2 0 0 5 2
4610 2 0 0 5 2
4620 2 0 0 5 2
4630 2 0 5 0 2
4640 2 0 5 0 0
4650 2 0 5 0 0
4660 2 0 5 0 0
4670 2 0 0 0 0
4680 2 0 0 0 0
4690 0 0 0 0 0
4700 0 0 0 0 0
4710 0 0 0 0 0
4720 0 0 0 0 0
4730 0 0 0 0 0
4740 0 0 0 0 0
4750 0 0 0 0 0
4760 0 0 0 0 0
4770 0 0 0 0 0
