0 0 0 0 0 0
10 0 0 0 0 0
20 0 0 0 0 0
30 0 0 0 0 0
40 0 0 2 0 0
50 0 0 2 0 0
60 0 0 2 0 0
70 0 0 2 0 0
80 0 0 2 0 0
90 0 0 2 0 0
100 0 0 2 0 0
110 0 0 2 0 0
120 0 0 2 0 0
130 0 0 2 0 0
140 0 0 2 0 0
150 0 0 2 0 0
160 0 0 2 0 0
170 0 0 2 0 0
180 0 0 2 0 0
190 0 0 2 0 0
200 0 0 2 0 0
210 0 0 2 0 0
220 0 0 2 0 0
230 0 0 2 0 0
240 0 0 2 0 0
250 2 0 2 0 0
260 2 0 0 2 0
270 2 0 0 0 0
280 2 0 0 0 0
290 2 0 0 0 0
300 2 0 0 0 0
310 2 0 0 0 0
320 2 0 0 0 0
330 2 0 0 0 0
340 2 0 0 0 0
350 2 0 0 0 0
360 2 0 0 0 0
370 2 0 0 0 0
380 2 0 0 0 0
390 2 0 0 0 0
400 2 0 0 2 0
410 2 0 0 2 0
420 2 0 0 2 0
430 2 0 0 2 0
440 2 0 0 2 0
450 2 0 2 0 0
460 0 2 2 0 0
470 0 2 2 0 0
480 0 0 2 0 0
490 0 0 2 0 0
500 0 0 2 0 0
510 0 0 2 0 0
520 0 0 2 0 0
530 0 0 2 0 0
540 0 0 2 0 0
550 0 0 2 0 0
560 0 5 2 0 0
570 0 5 2 0 0
580 0 5 2 0 0
590 0 0 2 0 0
600 0 5 2 0 1
610 0 5 2 0 1
620 0 0 2 0 2
630 0 0 2 0 2
640 0 0 2 0 2
650 0 0 2 0 2
660 0 0 2 0 2
670 0 0 2 0 2
680 0 0 2 0 2
690 0 0 2 0 2
700 0 0 2 0 2
710 0 2 2 0 2
720 0 2 2 0 2
730 0 2 2 0 2
740 2 0 2 0 2
750 2 0 2 0 2
760 2 0 0 2 2
770 2 0 0 2 2
780 2 0 0 0 2
790 2 0 0 0 2
800 2 0 0 0 2
810 2 0 0 0 2
820 2 0 0 0 2
830 2 0 0 0 2
840 2 0 0 0 2
850 2 0 0 0 2
860 2 0 0 0 2
870 2 0 0 0 2
880 2 0 0 0 2
890 2 0 0 0 2
900 2 0 0 0 2
910 2 0 0 0 2
920 2 0 0 0 2
930 2 0 5 0 2
940 2 0 5 0 2
950 2 0 5 0 0
960 2 0 5 0 0
970 2 0 5 0 0
980 2 0 5 0 0
990 2 0 5 0 0
1000 2 0 0 0 0
1010 2 0 0 0 0
1020 2 0 0 0 0
1030 2 0 0 0 0
1040 2 0 0 0 0
1050 2 0 0 0 0
1060 2 0 0 0 0
1070 2 0 0 0 0
1080 2 0 0 0 0
1090 2 0 0 0 0
1100 2 0 2 0 0
1110 2 0 2 0 0
1120 0 0 2 0 0
1130 0 0 2 0 0
1140 0 0 2 0 0
1150 0 0 2 0 0
1160 0 0 2 0 0
1170 0 0 2 0 0
1180 0 0 2 0 0
1190 0 0 2 0 0
1200 0 0 2 0 0
1210 0 0 2 0 0
1220 0 0 2 0 0
1230 0 0 2 0 0
1240 0 0 2 0 0
1250 0 0 2 0 0
1260 0 0 2 0 0
1270 0 0 2 0 0
1280 0 0 2 0 0
1290 0 0 2 0 0
1300 0 0 2 0 0
1310 0 0 2 0 0
1320 0 0 2 0 0
1330 0 0 2 0 0
1340 0 0 2 0 0
1350 0 0 2 0 1
1360 0 0 2 0 1
1370 0 0 2 0 1
1380 0 0 2 0 1
1390 0 0 2 0 1
1400 0 0 2 0 1
1410 0 0 2 0 1
1420 0 0 2 0 1
1430 0 0 2 0 1
1440 0 0 2 0 1
1450 0 0 2 0 1
1460 0 0 2 0 1
1470 0 0 2 0 1
1480 0 0 2 0 1
1490 0 0 2 0 1
1500 0 0 2 0 2
1510 0 0 2 0 2
1520 0 0 2 0 2
1530 0 0 2 0 2
1540 0 0 2 0 2
1550 0 0 2 0 2
1560 0 0 2 0 2
1570 2 0 2 0 2
1580 2 0 2 0 2
1590 2 0 2 0 2
1600 2 0 0 0 2
1610 2 0 0 0 2
1620 2 0 0 0 2
1630 2 0 0 0 2
1640 2 0 0 0 2
1650 2 0 0 0 2
1660 2 0 0 0 2
1670 2 0 0 0 2
1680 2 0 0 0 0
1690 2 0 0 0 0
1700 2 0 0 0 0
1710 2 0 0 0 0
1720 2 0 0 0 0
1730 2 0 0 0 0
1740 2 0 0 2 0
1750 2 0 0 2 0
1760 2 0 2 0 0
1770 0 2 2 0 0
1780 0 0 2 0 0
1790 0 0 2 0 0
1800 0 0 2 0 0
1810 0 0 2 0 0
1820 0 0 2 0 0
1830 0 0 2 0 0
1840 0 0 2 0 0
1850 0 0 2 0 0
1860 0 0 2 0 0
1870 0 0 2 0 0
1880 0 0 2 0 0
1890 0 0 2 0 0
1900 0 0 2 0 0
1910 0 0 2 0 0
1920 0 0 2 0 0
1930 0 0 2 0 0
1940 0 0 2 0 1
1950 0 0 2 0 1
1960 0 0 2 0 1
1970 0 0 2 0 1
1980 0 0 2 0 1
1990 0 0 2 0 1
2000 0 0 2 0 1
2010 0 0 2 0 1
2020 0 0 2 0 1
2030 0 0 2 0 1
2040 0 0 2 0 2
2050 0 0 2 0 2
2060 0 0 2 0 2
2070 0 0 2 0 2
2080 0 5 2 0 2
2090 0 5 2 0 2
2100 0 5 2 0 2
2110 0 5 2 0 2
2120 0 5 2 0 2
2130 0 5 2 0 2
2140 0 5 2 0 2
2150 0 0 2 0 2
2160 0 0 2 0 2
2170 0 0 2 0 2
2180 0 0 2 0 2
2190 0 0 2 0 2
2200 0 2 2 0 2
2210 0 2 2 0 2
2220 0 2 2 0 2
2230 0 2 2 0 2
2240 0 2 2 0 2
2250 0 2 2 0 2
2260 0 2 2 0 2
2270 0 2 2 0 2
2280 0 2 2 0 2
2290 0 2 2 0 2
2300 2 0 2 0 2
2310 2 0 0 2 2
2320 2 0 0 2 2
2330 2 0 0 0 2
2340 2 0 0 0 2
2350 2 0 0 0 2
2360 2 0 0 0 2
2370 2 0 0 0 2
2380 2 0 0 0 2
2390 2 0 0 0 2
2400 2 0 0 0 2
2410 2 0 0 0 2
2420 2 0 0 0 2
2430 2 0 0 0 2
2440 2 0 0 0 2
2450 2 0 0 0 2
2460 2 0 0 0 2
2470 2 0 0 0 0
2480 2 0 0 0 0
2490 2 0 0 0 0
2500 2 0 0 0 0
2510 2 0 0 0 0
2520 2 0 0 0 0
2530 2 0 0 0 0
2540 2 0 0 0 0
2550 2 0 0 0 0
2560 2 0 0 0 0
2570 2 0 0 0 0
2580 2 0 0 0 0
2590 2 0 0 0 0
2600 2 0 0 0 0
2610 2 0 0 0 0
2620 2 0 0 2 0
2630 2 0 0 2 0
2640 2 0 2 0 0
2650 2 0 2 0 0
2660 0 0 2 0 0
2670 0 0 2 0 0
2680 0 0 2 0 0
2690 0 0 2 0 0
2700 0 0 2 0 0
2710 0 0 2 0 0
2720 0 0 2 0 0
2730 0 0 2 0 0
2740 0 0 2 0 0
2750 0 0 2 0 0
2760 0 0 2 0 0
2770 0 0 2 0 0
2780 0 0 2 0 1
2790 0 0 2 0 1
2800 0 0 2 0 1
2810 0 0 2 0 1
2820 0 0 2 0 1
2830 0 0 2 0 1
2840 0 0 2 0 1
2850 0 0 2 0 1
2860 0 0 2 0 1
2870 0 0 2 0 1
2880 0 0 2 0 2
2890 0 0 2 0 2
2900 0 0 2 0 2
2910 0 0 2 0 2
2920 0 0 2 0 2
2930 0 0 2 0 2
2940 0 0 2 0 2
2950 0 0 2 0 2
2960 0 0 2 0 2
2970 0 0 2 0 2
2980 0 0 2 0 2
2990 0 0 2 0 2
3000 0 2 2 0 2
3010 0 2 2 0 2
3020 0 2 2 0 2
3030 2 0 2 0 2
3040 2 0 2 0 2
3050 2 0 0 2 2
3060 2 0 0 0 2
3070 2 0 0 0 2
3080 2 0 0 0 2
3090 2 0 0 0 2
3100 2 0 0 0 2
3110 2 0 0 0 2
3120 2 0 0 0 2
3130 2 0 0 0 2
3140 2 0 0 0 2
3150 2 0 0 0 2
3160 2 0 0 0 2
3170 2 0 0 0 2
3180 2 0 0 0 2
3190 2 0 0 0 2
3200 2 0 0 0 2
3210 2 0 0 0 2
3220 2 0 0 0 2
3230 2 0 0 0 2
3240 2 0 0 0 2
3250 2 0 0 0 2
3260 2 0 0 0 0
3270 2 0 0 0 0
3280 2 0 0 0 0
3290 2 0 0 0 0
3300 2 0 0 0 0
3310 2 0 0 0 0
3320 0 0 0 0 0
3330 0 0 0 0 0
3340 0 0 0 0 0
3350 0 0 0 0 0
3360 0 0 0 0 0
3370 0 0 0 0 0
3380 0 0 0 0 0
3390 0 0 0 0 0
3400 0 0 0 0 0
3410 0 0 0 0 0
3420 0 0 0 0 0
