0 0 0 0 0 0
10 0 0 0 0 0
20 0 0 0 0 0
30 0 0 0 0 0
40 0 0 0 0 0
50 0 0 0 0 0
60 0 0 0 0 0
70 0 0 0 0 0
80 0 0 0 0 0
90 0 0 0 0 0
100 0 0 0 0 0
110 0 0 0 2 0
120 0 0 0 2 0
130 0 0 0 2 0
140 0 0 0 2 0
150 0 0 0 2 0
160 0 0 0 2 0
170 0 0 2 0 0
180 0 0 2 0 0
190 0 0 2 0 0
200 0 0 2 0 0
210 0 0 2 0 0
220 0 0 2 0 0
230 0 0 2 0 0
240 0 0 2 0 0
250 0 0 2 0 0
260 0 0 2 0 0
270 0 0 2 0 0
280 0 0 2 0 0
290 0 0 2 0 0
300 0 0 2 0 0
310 0 0 2 0 0
320 0 0 2 0 0
330 2 0 2 0 0
340 2 0 0 0 0
350 2 0 0 0 0
360 2 0 0 0 0
370 2 0 0 0 0
380 2 0 0 0 0
390 2 0 0 0 0
400 2 0 2 0 0
410 2 0 2 0 0
420 2 0 2 0 0
430 0 0 2 0 0
440 0 0 2 0 0
450 0 0 2 0 0
460 0 0 2 0 0
470 0 0 2 0 0
480 0 0 2 0 0
490 0 0 2 0 0
500 0 0 2 0 0
510 0 0 2 0 0
520 0 5 2 0 0
530 0 5 2 0 0
540 0 5 2 0 0
550 0 5 2 0 1
560 0 5 2 0 1
570 0 5 2 0 1
580 0 5 2 0 1
590 0 5 2 0 1
600 0 5 2 0 1
610 0 5 2 0 1
620 0 5 2 0 1
630 0 5 2 0 2
640 0 5 2 0 2
650 0 5 2 0 2
660 0 5 2 0 2
670 0 0 2 0 2
680 0 0 2 0 2
690 0 0 2 0 2
700 0 0 2 0 2
710 0 0 2 0 2
720 0 0 2 0 2
730 0 0 2 0 2
740 0 0 2 0 2
750 2 0 2 0 2
760 2 0 2 0 2
770 2 0 0 2 2
780 2 0 0 0 2
790 2 0 0 0 2
800 2 0 0 0 2
810 2 0 0 0 2
820 2 0 0 0 0
830 2 0 0 0 0
840 2 0 0 2 0
850 2 0 0 2 0
860 2 0 0 2 0
870 2 0 2 0 0
880 2 0 2 0 0
890 2 0 2 0 0
900 0 0 2 0 0
910 0 0 2 0 0
920 0 0 2 0 0
930 0 0 2 0 0
940 0 0 2 0 0
950 0 0 2 0 0
960 0 0 2 0 0
970 0 5 2 0 0
980 5 0 2 0 0
990 5 0 2 0 0
1000 5 0 2 0 0
1010 5 0 2 0 0
1020 5 0 2 0 0
1030 5 0 2 0 1
1040 5 0 2 0 1
1050 5 0 2 0 1
1060 5 0 2 0 1
1070 5 0 2 0 2
1080 5 0 2 0 2
1090 5 0 2 0 2
1100 0 0 2 0 2
1110 0 0 2 0 2
1120 0 0 2 0 2
1130 2 0 2 0 2
1140 2 0 2 0 2
1150 2 0 2 0 2
1160 2 0 0 0 2
1170 2 0 0 0 2
1180 2 0 0 0 2
1190 2 0 0 0 2
1200 2 0 0 5 2
1210 2 0 0 5 0
1220 2 0 0 0 0
1230 2 0 0 0 0
1240 2 0 0 0 0
1250 2 0 0 0 0
1260 2 0 0 0 0
1270 2 0 0 0 0
1280 2 0 0 0 0
1290 2 0 0 2 0
1300 2 0 0 2 0
1310 2 0 2 0 0
1320 2 0 2 0 0
1330 0 0 2 0 0
1340 0 0 2 0 0
1350 0 0 2 0 0
1360 0 0 2 0 0
1370 0 5 2 0 0
1380 0 5 2 0 0
1390 0 0 2 0 0
1400 0 0 2 0 0
1410 0 0 2 0 0
1420 5 0 2 0 0
1430 5 0 2 0 0
1440 5 0 2 0 0
1450 5 0 2 0 0
1460 5 0 2 0 0
1470 5 0 2 0 1
1480 5 0 2 0 1
1490 5 0 2 0 1
1500 5 0 2 0 1
1510 5 0 2 0 1
1520 5 0 2 0 1
1530 5 0 2 0 0
1540 5 0 2 0 0
1550 5 0 2 0 0
1560 5 0 2 0 0
1570 5 0 2 0 0
1580 5 0 2 0 0
1590 5 0 2 0 0
1600 5 0 2 0 0
1610 5 0 2 0 0
1620 5 0 2 0 0
1630 5 0 2 0 0
1640 5 0 2 0 0
1650 5 0 2 0 0
1660 5 0 2 0 0
1670 5 0 2 0 0
1680 5 0 2 0 0
1690 5 0 2 0 0
1700 5 0 2 0 0
1710 5 0 2 0 0
1720 5 0 2 0 0
1730 5 0 2 0 0
1740 5 0 2 0 0
1750 5 0 2 0 1
1760 5 0 2 0 1
1770 5 0 2 0 2
1780 5 0 2 0 2
1790 5 0 2 0 2
1800 5 0 2 0 2
1810 5 0 2 0 2
1820 0 5 2 0 2
1830 0 0 2 0 2
1840 0 2 2 0 2
1850 0 2 2 0 2
1860 0 0 2 0 2
1870 0 0 2 0 2
1880 2 0 2 0 2
1890 2 0 2 0 2
1900 2 0 0 2 2
1910 2 0 0 2 2
1920 2 0 0 0 2
1930 2 0 0 0 2
1940 2 0 0 0 2
1950 2 0 0 0 2
1960 2 0 0 5 2
1970 2 0 0 5 0
1980 2 0 0 5 0
1990 2 0 0 0 0
2000 2 0 0 0 0
2010 2 0 0 5 0
2020 2 0 0 0 0
2030 2 0 0 0 0
2040 2 0 0 0 0
2050 2 0 0 2 0
2060 2 0 0 2 0
2070 2 0 2 0 0
2080 0 2 2 0 0
2090 0 0 2 0 0
2100 0 0 2 0 0
2110 0 0 2 0 0
2120 0 0 2 0 0
2130 0 0 2 0 0
2140 0 5 2 0 0
2150 0 5 2 0 0
2160 0 5 2 0 1
2170 0 5 2 0 1
2180 0 5 2 0 1
2190 0 5 2 0 1
2200 0 5 2 0 1
2210 0 5 2 0 1
2220 5 0 2 0 1
2230 5 0 2 0 0
2240 5 0 2 0 0
2250 5 0 2 0 0
2260 5 0 2 0 0
2270 5 0 2 0 0
2280 5 0 2 0 0
2290 5 0 2 0 1
2300 5 0 2 0 1
2310 5 0 2 0 1
2320 5 0 2 0 1
2330 5 0 2 0 1
2340 5 0 2 0 1
2350 5 0 2 0 1
2360 5 0 2 0 1
2370 5 0 2 0 1
2380 5 0 2 0 1
2390 5 0 2 0 1
2400 5 0 2 0 1
2410 5 0 2 0 0
2420 5 0 2 0 0
2430 0 0 2 0 0
2440 0 0 2 0 0
2450 0 0 2 0 0
2460 0 0 2 0 0
2470 0 0 2 0 0
2480 0 0 2 0 0
2490 0 0 2 0 0
2500 0 0 2 0 0
2510 0 0 2 0 0
2520 0 0 2 0 0
2530 0 0 2 0 0
2540 0 2 2 0 0
2550 2 0 2 0 0
2560 2 0 2 0 0
2570 2 0 2 0 0
2580 2 0 2 0 0
2590 2 0 0 2 0
2600 2 0 2 0 0
2610 2 0 2 0 0
2620 0 0 2 0 0
2630 0 0 2 0 0
2640 0 0 2 0 0
2650 0 0 2 0 0
2660 0 0 2 0 0
2670 5 0 2 0 0
2680 5 0 2 0 0
2690 5 0 2 0 0
2700 5 0 2 0 0
2710 5 0 2 0 0
2720 5 0 2 0 0
2730 5 0 2 0 0
2740 5 0 2 0 1
2750 5 0 2 0 1
2760 5 0 2 0 1
2770 5 0 2 0 1
2780 5 0 2 0 1
2790 5 0 2 0 1
2800 5 0 2 0 1
2810 5 0 2 0 1
2820 5 0 2 0 2
2830 5 0 2 0 2
2840 5 0 2 0 2
2850 5 0 2 0 2
2860 0 0 2 0 2
2870 0 0 2 0 2
2880 0 0 2 0 2
2890 0 0 2 0 2
2900 0 0 2 0 2
2910 0 0 2 0 2
2920 0 0 2 0 2
2930 0 0 2 0 2
2940 0 2 2 0 2
2950 0 2 2 0 2
2960 0 2 2 0 2
2970 2 0 2 0 2
2980 2 0 2 0 2
2990 2 0 2 0 2
3000 2 0 2 0 2
3010 2 0 2 0 2
3020 2 0 0 0 2
3030 2 0 0 0 0
3040 2 0 0 0 0
3050 2 0 0 0 0
3060 2 0 0 0 0
3070 2 0 0 0 0
3080 0 0 0 0 0
3090 0 0 0 0 0
3100 0 0 0 0 0
3110 0 0 0 0 0
3120 0 0 0 0 0
3130 0 0 0 0 0
3140 0 0 0 0 0
3150 0 0 0 0 0
3160 0 0 0 0 0
3170 0 0 0 0 0
3180 0 0 0 0 0
3190 0 0 0 0 0
3200 0 0 0 0 0
3210 0 0 0 0 0
3220 0 0 0 0 0
3230 0 0 0 0 0
3240 0 0 0 0 0
3250 0 0 0 0 0
3260 0 0 0 0 0
3270 0 0 0 0 0
3280 0 0 0 0 0
