0 0 0 0 0 0
10 0 0 0 0 0
20 0 0 0 0 0
30 0 0 0 0 0
40 0 0 0 0 0
50 0 0 0 0 0
60 0 0 0 0 0
70 0 0 0 0 0
80 0 0 0 0 0
90 0 0 0 0 0
100 0 0 0 0 0
110 0 0 0 0 0
120 0 0 0 2 0
130 0 0 0 2 0
140 0 0 0 2 0
150 0 0 0 2 0
160 0 0 2 0 0
170 0 0 2 0 0
180 0 0 2 0 0
190 0 0 2 0 0
200 0 0 2 0 0
210 0 0 2 0 0
220 0 0 2 0 0
230 0 0 2 0 0
240 0 0 2 0 0
250 0 2 2 0 0
260 2 0 2 0 0
270 2 0 2 0 0
280 2 0 0 0 0
290 2 0 0 0 0
300 2 0 0 0 0
310 2 0 0 0 0
320 2 0 0 0 0
330 2 0 0 0 0
340 2 0 0 0 0
350 2 0 0 0 0
360 2 0 0 0 0
370 2 0 0 0 0
380 2 0 0 0 0
390 2 0 0 2 0
400 2 0 2 0 0
410 0 0 2 0 0
420 0 0 2 0 0
430 0 0 2 0 0
440 0 0 2 0 0
450 0 0 2 0 0
460 0 0 2 0 1
470 0 0 2 0 1
480 0 0 2 0 1
490 0 0 2 0 1
500 0 0 2 0 1
510 0 0 2 0 1
520 0 0 2 0 1
530 0 0 2 0 1
540 0 0 2 0 1
550 0 0 2 0 1
560 0 0 2 0 1
570 0 0 2 0 1
580 0 0 2 0 1
590 0 0 2 0 2
600 0 0 2 0 2
610 0 0 2 0 2
620 0 0 2 0 2
630 0 0 2 0 2
640 0 0 2 0 2
650 0 0 2 0 2
660 0 0 2 0 2
670 0 2 2 0 2
680 2 0 2 0 2
690 2 0 0 2 2
700 2 0 0 2 2
710 2 0 0 2 2
720 2 0 0 0 2
730 2 0 0 0 2
740 2 0 0 0 2
750 2 0 0 0 2
760 2 0 0 0 2
770 2 0 0 0 2
780 2 0 0 0 2
790 2 0 0 0 2
800 2 0 0 0 2
810 2 0 0 0 2
820 2 0 0 0 2
830 2 0 0 0 2
840 2 0 0 0 2
850 2 0 0 0 2
860 2 0 0 0 0
870 2 0 0 0 0
880 2 0 0 0 0
890 2 0 0 0 0
900 2 0 0 0 0
910 2 0 0 0 0
920 2 0 0 0 0
930 2 0 2 0 0
940 2 0 2 0 0
950 2 0 2 0 0
960 2 0 2 0 0
970 2 0 0 0 0
980 2 0 0 0 0
990 2 0 0 0 0
1000 2 0 0 2 0
1010 2 0 0 2 0
1020 2 0 2 0 0
1030 2 0 2 0 0
1040 0 0 2 0 0
1050 0 0 2 0 0
1060 0 0 2 0 0
1070 0 0 2 0 0
1080 0 5 2 0 0
1090 0 5 2 0 1
1100 5 0 2 0 1
1110 5 0 2 0 1
1120 5 0 2 0 1
1130 5 0 2 0 1
1140 5 0 2 0 1
1150 5 0 2 0 1
1160 5 0 2 0 1
1170 5 0 2 0 1
1180 5 0 2 0 1
1190 5 0 2 0 1
1200 5 0 2 0 1
1210 5 0 2 0 0
1220 5 0 2 0 0
1230 5 0 2 0 0
1240 5 0 2 0 0
1250 5 0 2 0 1
1260 5 0 2 0 1
1270 5 0 2 0 1
1280 5 0 2 0 1
1290 5 0 2 0 2
1300 5 0 2 0 2
1310 5 0 2 0 2
1320 0 5 2 0 2
1330 0 0 2 0 2
1340 0 0 2 0 2
1350 0 0 2 0 2
1360 0 2 2 0 2
1370 2 0 2 0 2
1380 2 0 0 2 2
1390 2 0 0 0 2
1400 2 0 0 0 2
1410 2 0 0 0 0
1420 2 0 0 0 0
1430 2 0 0 0 0
1440 2 0 0 0 0
1450 2 0 0 0 0
1460 2 0 0 0 0
1470 2 0 0 0 0
1480 2 0 0 0 0
1490 2 0 2 0 0
1500 0 2 2 0 0
1510 0 0 2 0 0
1520 0 0 2 0 0
1530 0 0 2 0 0
1540 0 0 2 0 0
1550 0 0 2 0 1
1560 0 5 2 0 1
1570 5 0 2 0 1
1580 5 0 2 0 1
1590 5 0 2 0 1
1600 5 0 2 0 1
1610 5 0 2 0 1
1620 5 0 2 0 2
1630 5 0 2 0 2
1640 5 0 2 0 2
1650 5 0 2 0 2
1660 0 0 2 0 2
1670 0 0 2 0 2
1680 0 0 2 0 2
1690 0 0 2 0 2
1700 0 0 2 0 2
1710 0 2 2 0 2
1720 2 0 2 0 2
1730 2 0 0 0 2
1740 2 0 0 0 2
1750 2 0 0 0 2
1760 2 0 0 0 0
1770 2 0 0 5 0
1780 2 0 0 5 0
1790 2 0 0 0 0
1800 2 0 0 0 0
1810 2 0 0 0 0
1820 2 0 0 0 0
1830 2 0 0 0 0
1840 2 0 0 2 0
1850 2 0 2 0 0
1860 0 0 2 0 0
1870 0 0 2 0 0
1880 0 0 2 0 0
1890 0 0 2 0 0
1900 0 0 2 0 0
1910 0 0 2 0 0
1920 0 0 2 0 0
1930 0 0 2 0 1
1940 0 0 2 0 1
1950 0 0 2 0 1
1960 0 0 2 0 1
1970 0 0 2 0 2
1980 0 0 2 0 2
1990 0 0 2 0 2
2000 0 2 2 0 2
2010 0 2 2 0 2
2020 0 2 2 0 2
2030 2 0 2 0 2
2040 2 0 0 2 2
2050 2 0 0 0 0
2060 2 0 0 0 0
2070 2 0 0 0 0
2080 2 0 0 0 0
2090 2 0 0 0 0
2100 2 0 0 0 0
2110 2 0 0 0 0
2120 2 0 0 0 0
2130 2 0 0 0 0
2140 2 0 0 0 0
2150 2 0 0 0 0
2160 2 0 0 0 0
2170 2 0 0 0 0
2180 2 0 0 0 0
2190 2 0 0 2 0
2200 2 0 2 0 0
2210 0 0 2 0 0
2220 0 0 2 0 0
2230 0 0 2 0 0
2240 0 0 2 0 0
2250 0 0 2 0 0
2260 0 0 2 0 0
2270 0 0 2 0 1
2280 0 0 2 0 1
2290 0 0 2 0 1
2300 0 0 2 0 1
2310 0 0 2 0 2
2320 0 0 2 0 2
2330 0 0 2 0 2
2340 0 0 2 0 2
2350 0 0 2 0 2
2360 0 0 2 0 2
2370 0 0 2 0 2
2380 0 0 2 0 2
2390 0 0 2 0 2
2400 0 0 2 0 2
2410 0 0 2 0 2
2420 0 0 2 0 2
2430 0 0 2 0 2
2440 0 0 2 0 2
2450 2 0 2 0 2
2460 2 0 2 0 2
2470 2 0 0 0 2
2480 2 0 0 0 2
2490 2 0 0 0 2
2500 2 0 0 0 2
2510 2 0 0 0 2
2520 2 0 0 0 2
2530 2 0 0 0 2
2540 2 0 0 0 2
2550 2 0 0 0 2
2560 2 0 0 0 0
2570 2 0 0 0 0
2580 2 0 0 0 0
2590 2 0 0 0 0
2600 2 0 0 0 0
2610 2 0 0 0 0
2620 2 0 0 0 0
2630 2 0 0 0 0
2640 2 0 0 0 0
2650 2 0 0 0 0
2660 2 0 0 0 0
2670 2 0 0 0 0
2680 2 0 0 0 0
2690 2 0 0 0 0
2700 0 2 0 0 0
2710 0 2 0 0 0
