0 0 0 0 0 0
10 0 0 0 0 0
20 0 0 0 0 0
30 0 0 0 0 0
40 0 0 0 0 0
50 0 0 0 0 0
60 0 0 0 0 0
70 0 0 0 0 0
80 0 0 0 0 0
90 0 0 0 0 0
100 0 0 0 0 0
110 0 0 0 0 0
120 0 0 0 0 0
130 0 0 0 0 0
140 0 0 0 0 0
150 0 0 0 2 0
160 0 0 0 2 0
170 0 0 2 0 0
180 0 0 2 0 0
190 0 0 2 0 0
200 0 0 2 0 0
210 0 0 2 0 0
220 0 0 2 0 0
230 0 0 2 0 0
240 0 0 2 0 0
250 0 0 2 0 0
260 0 0 2 0 0
270 0 0 2 0 0
280 0 0 2 0 0
290 0 0 2 0 0
300 0 0 2 0 0
310 0 0 2 0 0
320 0 0 2 0 0
330 0 0 2 0 0
340 0 0 2 0 0
350 0 2 2 0 0
360 0 2 2 0 0
370 2 0 2 0 0
380 2 0 2 0 0
390 2 0 2 0 0
400 2 0 0 2 0
410 2 0 0 0 0
420 2 0 0 0 0
430 2 0 0 0 0
440 2 0 0 0 0
450 2 0 0 0 0
460 2 0 0 0 0
470 2 0 0 0 0
480 2 0 0 0 0
490 2 0 0 0 0
500 2 0 0 0 0
510 2 0 0 0 0
520 2 0 0 0 0
530 2 0 0 2 0
540 2 0 2 0 0
550 2 0 2 0 0
560 0 0 2 0 0
570 0 0 2 0 0
580 0 0 2 0 0
590 0 0 2 0 0
600 0 0 2 0 0
610 0 0 2 0 0
620 0 0 2 0 0
630 0 0 2 0 0
640 0 0 2 0 0
650 0 0 2 0 0
660 0 0 2 0 0
670 0 0 2 0 0
680 0 0 2 0 1
690 0 0 2 0 1
700 0 0 2 0 1
710 0 0 2 0 1
720 0 0 2 0 2
730 0 0 2 0 2
740 0 0 2 0 2
750 0 0 2 0 2
760 0 0 2 0 2
770 0 0 2 0 2
780 0 0 2 0 2
790 0 0 2 0 2
800 0 0 2 0 2
810 0 0 2 0 2
820 0 0 2 0 2
830 0 0 2 0 2
840 0 2 2 0 2
850 2 0 2 0 2
860 2 0 2 0 2
870 2 0 2 0 2
880 2 0 0 0 2
890 2 0 0 0 2
900 2 0 0 0 2
910 2 0 0 0 2
920 2 0 0 0 2
930 2 0 0 0 2
940 2 0 0 0 2
950 2 0 0 0 2
960 2 0 0 0 0
970 2 0 0 0 0
980 2 0 0 0 0
990 2 0 0 0 0
1000 2 0 0 0 0
1010 2 0 0 0 0
1020 2 0 0 0 0
1030 2 0 0 0 0
1040 2 0 0 0 0
1050 2 0 0 0 0
1060 2 0 0 0 0
1070 2 0 0 0 0
1080 2 0 0 0 0
1090 2 0 0 2 0
1100 2 0 0 2 0
1110 2 0 2 0 0
1120 2 0 2 0 0
1130 2 0 2 0 0
1140 0 0 2 0 0
1150 0 0 2 0 0
1160 0 0 2 0 0
1170 0 0 2 0 0
1180 0 0 2 0 0
1190 0 0 2 0 0
1200 0 0 2 0 0
1210 0 0 2 0 0
1220 0 0 2 0 1
1230 0 0 2 0 1
1240 0 0 2 0 1
1250 0 0 2 0 1
1260 0 0 2 0 1
1270 0 0 2 0 1
1280 0 0 2 0 1
1290 0 0 2 0 0
1300 0 0 2 0 0
1310 0 0 2 0 0
1320 0 0 2 0 0
1330 0 0 2 0 0
1340 0 0 2 0 0
1350 0 0 2 0 1
1360 0 0 2 0 1
1370 0 0 2 0 1
1380 0 0 2 0 2
1390 0 0 2 0 2
1400 0 0 2 0 2
1410 0 0 2 0 2
1420 0 0 2 0 2
1430 0 2 2 0 2
1440 0 2 2 0 2
1450 2 0 2 0 2
1460 2 0 2 0 2
1470 2 0 2 0 2
1480 2 0 0 0 2
1490 2 0 0 0 2
1500 2 0 0 0 2
1510 2 0 0 0 2
1520 2 0 0 0 2
1530 2 0 0 0 2
1540 2 0 0 0 2
1550 2 0 0 0 2
1560 2 0 0 0 0
1570 2 0 0 0 0
1580 2 0 0 0 0
1590 2 0 0 0 0
1600 2 0 0 0 0
1610 2 0 0 0 0
1620 2 0 0 0 0
1630 2 0 0 0 0
1640 2 0 0 0 0
1650 2 0 0 0 0
1660 2 0 0 0 0
1670 2 0 0 0 0
1680 2 0 0 0 0
1690 2 0 0 0 0
1700 2 0 0 0 0
1710 2 0 0 0 0
1720 2 0 2 0 0
1730 2 0 2 0 0
1740 2 0 2 0 0
1750 0 0 2 0 0
1760 0 0 2 0 0
1770 0 0 2 0 0
1780 0 0 2 0 0
1790 0 0 2 0 0
1800 0 0 2 0 0
1810 0 0 2 0 0
1820 0 0 2 0 1
1830 0 0 2 0 1
1840 0 0 2 0 1
1850 0 0 2 0 1
1860 0 0 2 0 2
1870 0 0 2 0 2
1880 0 0 2 0 2
1890 0 0 2 0 2
1900 0 0 2 0 2
1910 0 0 2 0 2
1920 0 0 2 0 2
1930 0 0 2 0 2
1940 0 0 2 0 2
1950 0 0 2 0 2
1960 0 0 2 0 2
1970 0 0 2 0 2
1980 0 0 2 0 2
1990 0 0 2 0 2
2000 0 0 2 0 2
2010 0 0 2 0 2
2020 0 0 2 0 2
2030 0 0 2 0 2
2040 0 0 2 0 2
2050 0 0 2 0 2
2060 0 0 2 0 2
2070 0 0 2 0 2
2080 0 0 2 0 2
2090 0 0 2 0 2
2100 0 0 2 0 2
2110 0 0 2 0 2
2120 0 0 2 0 2
2130 0 0 2 0 2
2140 0 0 2 0 2
2150 0 2 2 0 2
2160 0 2 2 0 2
2170 2 0 2 0 2
2180 0 0 2 0 2
2190 0 0 2 0 2
2200 0 0 2 0 2
2210 0 0 2 0 2
2220 0 0 2 0 2
2230 0 0 2 0 2
2240 0 0 2 0 2
2250 0 0 0 0 2
2260 0 0 0 0 2
2270 0 0 0 2 2
2280 0 0 0 2 2
2290 0 0 0 2 2
2300 0 0 0 2 2
2310 0 0 2 0 2
2320 0 0 2 0 2
2330 0 0 2 0 2
2340 0 0 2 0 2
2350 0 0 2 0 2
2360 0 2 2 0 2
2370 0 2 2 0 2
2380 0 2 2 0 2
2390 0 2 2 0 2
2400 2 0 2 0 2
2410 2 0 2 0 2
2420 2 0 2 0 2
2430 2 0 0 0 2
2440 2 0 0 0 2
2450 2 0 0 0 2
2460 2 0 0 0 2
2470 2 0 0 0 2
2480 2 0 0 0 2
2490 2 0 0 0 0
2500 2 0 0 0 0
2510 2 0 0 0 0
2520 2 0 0 0 0
2530 2 0 0 0 0
2540 2 0 0 0 0
2550 2 0 0 0 0
2560 2 0 0 0 0
2570 2 0 0 0 0
2580 2 0 0 0 0
2590 2 0 0 0 0
2600 2 0 0 0 0
2610 2 0 0 0 0
2620 2 0 0 2 0
2630 2 0 0 2 0
2640 2 0 2 0 0
2650 0 0 2 0 0
2660 0 0 2 0 0
2670 0 0 2 0 0
2680 0 0 2 0 0
2690 0 0 2 0 0
2700 0 0 2 0 0
2710 0 0 2 0 0
2720 0 0 2 0 0
2730 0 0 2 0 1
2740 0 0 2 0 1
2750 0 0 2 0 1
2760 0 0 2 0 1
2770 0 0 2 0 1
2780 0 0 2 0 1
2790 0 0 2 0 1
2800 0 0 2 0 1
2810 0 0 2 0 1
2820 0 0 2 0 1
2830 0 0 2 0 1
2840 0 0 2 0 1
2850 0 0 2 0 1
2860 0 0 2 0 1
2870 0 0 2 0 1
2880 0 0 2 0 1
2890 0 0 2 0 1
2900 0 0 2 0 1
2910 0 0 2 0 1
2920 0 0 2 0 1
2930 0 0 2 0 1
2940 0 0 2 0 1
2950 0 0 2 0 1
2960 0 0 2 0 1
2970 0 0 2 0 2
2980 0 0 2 0 2
2990 0 0 2 0 2
3000 0 0 2 0 2
3010 0 0 2 0 2
3020 0 0 2 0 2
3030 0 2 2 0 2
3040 2 0 2 0 2
3050 2 0 2 0 2
3060 2 0 0 2 2
3070 2 0 0 0 2
3080 2 0 0 0 2
3090 2 0 0 0 2
3100 2 0 0 0 2
3110 2 0 0 0 0
3120 2 0 0 0 0
3130 2 0 0 0 0
3140 2 0 0 0 0
3150 2 0 0 0 0
3160 2 0 0 0 0
3170 2 0 0 0 0
3180 2 0 0 0 0
3190 0 2 0 0 0
3200 0 2 0 0 0
3210 0 2 0 0 0
3220 0 2 0 0 0
3230 0 2 0 0 0
3240 0 2 0 0 0
3250 0 0 0 0 0
3260 0 0 0 0 0
3270 0 0 0 0 0
3280 0 0 0 0 0
3290 0 0 0 0 0
3300 0 0 0 0 0
3310 0 0 0 0 0
3320 0 0 0 0 0
3330 0 0 0 0 0
