0 0 0 0 0 0
10 0 0 0 0 0
20 0 0 0 0 0
30 0 0 0 0 0
40 0 0 0 0 0
50 0 0 0 0 0
60 0 0 0 0 0
70 0 0 0 0 0
80 0 0 0 0 0
90 0 0 0 0 0
100 0 0 0 0 0
110 0 0 0 0 0
120 0 0 0 0 0
130 0 0 0 0 0
140 0 0 0 0 0
150 0 0 0 0 0
160 0 0 0 0 0
170 0 0 0 0 0
180 0 0 0 0 0
190 0 0 0 0 0
200 0 0 0 0 0
210 0 0 0 0 0
220 0 0 0 0 0
230 0 0 0 0 0
240 0 0 0 0 0
250 0 0 0 0 0
260 0 0 0 0 0
270 0 0 0 0 0
280 0 0 2 0 0
290 0 0 2 0 0
300 0 0 2 0 0
310 0 0 2 0 0
320 0 0 2 0 0
330 0 0 2 0 0
340 0 0 2 0 0
350 0 0 2 0 0
360 0 0 2 0 0
370 0 0 2 0 0
380 2 0 2 0 0
390 2 0 2 0 0
400 2 0 0 2 0
410 2 0 0 0 0
420 2 0 0 0 0
430 2 0 0 0 0
440 2 0 0 0 0
450 2 0 0 0 0
460 2 0 0 0 0
470 2 0 0 0 0
480 2 0 0 0 0
490 2 0 2 0 0
500 2 0 2 0 0
510 0 2 2 0 0
520 0 0 2 0 0
530 0 0 2 0 0
540 0 0 2 0 0
550 0 0 2 0 0
560 0 0 2 0 0
570 0 0 2 0 0
580 0 0 2 0 0
590 0 0 2 0 0
600 0 0 2 0 0
610 0 0 2 0 0
620 0 0 2 0 0
630 0 2 2 0 0
640 0 2 2 0 0
650 2 0 2 0 0
660 2 0 2 0 0
670 2 0 0 0 0
680 2 0 0 0 0
690 2 0 0 0 0
700 2 0 0 0 0
710 2 0 0 0 0
720 2 0 0 0 0
730 2 0 0 0 0
740 2 0 0 0 0
750 2 0 0 0 0
760 2 0 0 0 0
770 2 0 0 2 0
780 2 0 2 0 0
790 0 0 2 0 0
800 0 0 2 0 0
810 0 0 2 0 0
820 0 0 2 0 0
830 0 0 2 0 0
840 0 0 2 0 0
850 0 0 2 0 0
860 0 0 2 0 0
870 0 0 2 0 0
880 0 0 2 0 0
890 0 0 2 0 0
900 0 0 2 0 0
910 0 0 2 0 0
920 0 0 2 0 0
930 0 0 2 0 1
940 0 0 2 0 1
950 0 0 2 0 2
960 0 0 2 0 2
970 0 0 2 0 2
980 0 0 2 0 2
990 0 0 2 0 2
1000 0 0 2 0 2
1010 0 0 2 0 2
1020 0 0 2 0 2
1030 0 0 2 0 2
1040 0 0 2 0 2
1050 0 0 2 0 2
1060 0 2 2 0 2
1070 0 2 2 0 2
1080 0 2 2 0 2
1090 2 0 2 0 2
1100 2 0 2 0 2
1110 2 0 0 2 2
1120 2 0 0 0 2
1130 2 0 0 0 2
1140 2 0 0 0 2
1150 2 0 0 0 2
1160 2 0 0 0 2
1170 2 0 0 0 2
1180 2 0 0 0 2
1190 2 0 0 0 2
1200 2 0 0 0 0
1210 2 0 0 0 0
1220 2 0 0 0 0
1230 2 0 0 0 0
1240 2 0 0 0 0
1250 2 0 0 0 0
1260 2 0 0 0 0
1270 2 0 0 0 0
1280 2 0 0 0 0
1290 2 0 0 0 0
1300 2 0 0 0 0
1310 2 0 2 0 0
1320 2 0 2 0 0
1330 0 0 2 0 0
1340 0 0 2 0 0
1350 0 0 2 0 0
1360 0 0 2 0 0
1370 0 0 2 0 0
1380 0 0 2 0 0
1390 0 0 2 0 0
1400 0 0 2 0 1
1410 0 0 2 0 1
1420 0 0 2 0 1
1430 0 0 2 0 1
1440 0 0 2 0 1
1450 0 0 2 0 2
1460 0 0 2 0 2
1470 0 0 2 0 2
1480 0 0 2 0 2
1490 0 0 2 0 2
1500 0 2 2 0 2
1510 0 2 2 0 2
1520 0 2 2 0 2
1530 2 0 2 0 2
1540 2 0 2 0 2
1550 2 0 0 2 2
1560 2 0 0 2 2
1570 2 0 0 0 2
1580 2 0 0 0 2
1590 2 0 0 0 2
1600 2 0 0 0 2
1610 2 0 0 0 2
1620 2 0 0 0 2
1630 2 0 0 0 2
1640 2 0 0 0 2
1650 2 0 0 0 2
1660 2 0 0 0 0
1670 2 0 0 0 0
1680 2 0 0 0 0
1690 2 0 0 0 0
1700 2 0 0 0 0
1710 2 0 0 0 0
1720 2 0 0 0 0
1730 2 0 0 0 0
1740 2 0 0 0 0
1750 2 0 0 0 0
1760 2 0 0 0 0
1770 2 0 0 0 0
1780 2 0 0 0 0
1790 2 0 0 0 0
1800 2 0 0 0 0
1810 2 0 0 2 0
1820 2 0 2 0 0
1830 0 2 2 0 0
1840 0 2 2 0 0
1850 0 0 2 0 0
1860 0 0 2 0 0
1870 0 0 2 0 0
1880 0 0 2 0 0
1890 0 0 2 0 0
1900 0 0 2 0 0
1910 0 0 2 0 0
1920 0 0 2 0 0
1930 0 0 2 0 0
1940 0 0 2 0 0
1950 0 0 2 0 1
1960 0 0 2 0 1
1970 0 0 2 0 1
1980 0 0 2 0 2
1990 0 0 2 0 2
2000 0 0 2 0 2
2010 0 0 2 0 2
2020 0 0 2 0 2
2030 0 0 2 0 2
2040 0 0 2 0 2
2050 0 2 2 0 2
2060 0 2 2 0 2
2070 2 0 2 0 2
2080 2 0 2 0 2
2090 2 0 0 0 2
2100 2 0 0 0 2
2110 2 0 0 0 2
2120 2 0 0 0 2
2130 2 0 0 0 2
2140 2 0 0 0 2
2150 2 0 0 0 2
2160 2 0 0 0 2
2170 2 0 0 0 2
2180 2 0 0 2 2
2190 2 0 0 2 2
2200 2 0 2 0 2
2210 2 0 2 0 0
2220 2 0 2 0 0
2230 2 0 0 0 0
2240 2 0 0 0 0
2250 2 0 0 0 0
2260 2 0 0 0 0
2270 2 0 0 0 0
2280 2 0 0 0 0
2290 2 0 0 0 0
2300 2 0 0 0 0
2310 2 0 0 0 0
2320 2 0 0 0 0
2330 2 0 0 0 0
2340 2 0 0 0 0
2350 2 0 0 2 0
2360 2 0 2 0 0
2370 0 2 2 0 0
2380 0 0 2 0 0
2390 0 0 2 0 0
2400 0 0 2 0 0
2410 0 0 2 0 0
2420 0 0 2 0 0
2430 0 0 2 0 0
2440 0 0 2 0 0
2450 0 0 2 0 0
2460 0 0 2 0 1
2470 0 0 2 0 1
2480 0 0 2 0 1
2490 0 0 2 0 1
2500 0 0 2 0 1
2510 0 0 2 0 1
2520 0 0 2 0 1
2530 0 0 2 0 1
2540 0 0 2 0 1
2550 0 0 2 0 0
2560 0 0 2 0 0
2570 0 0 2 0 0
2580 0 0 2 0 0
2590 0 0 2 0 0
2600 0 0 2 0 1
2610 0 0 2 0 1
2620 0 0 2 0 1
2630 0 0 2 0 0
2640 0 0 2 0 0
2650 0 0 2 0 0
2660 0 0 2 0 0
2670 0 0 2 0 1
2680 0 0 2 0 1
2690 0 0 2 0 1
2700 0 0 2 0 2
2710 0 0 2 0 2
2720 0 0 2 0 0
2730 0 0 2 0 0
2740 0 0 2 0 0
2750 0 0 2 0 0
2760 0 0 2 0 0
2770 0 0 2 0 0
2780 0 0 2 0 0
2790 0 0 2 0 1
2800 0 0 2 0 1
2810 0 0 2 0 1
2820 0 0 2 0 1
2830 0 0 2 0 1
2840 0 0 2 0 1
2850 0 0 2 0 1
2860 0 0 2 0 1
2870 0 0 2 0 1
2880 0 0 2 0 1
2890 0 0 2 0 2
2900 0 0 2 0 2
2910 0 0 2 0 2
2920 0 0 2 0 2
2930 0 0 2 0 2
2940 0 0 2 0 2
2950 0 0 2 0 2
2960 0 0 2 0 2
2970 0 2 2 0 2
2980 0 2 2 0 2
2990 0 2 2 0 2
3000 0 2 2 0 2
3010 2 0 2 0 2
3020 2 0 2 0 2
3030 2 0 2 0 2
3040 2 0 0 0 2
3050 2 0 0 0 2
3060 2 0 0 0 2
3070 2 0 0 0 2
3080 2 0 0 0 2
3090 2 0 0 0 2
3100 2 0 0 0 2
3110 2 0 0 0 2
3120 2 0 0 0 0
3130 2 0 0 0 0
3140 2 0 0 0 0
3150 2 0 0 0 0
3160 2 0 0 0 0
3170 2 0 0 0 0
3180 2 0 0 0 0
3190 0 0 0 0 0
3200 0 0 0 0 0
3210 0 0 0 0 0
3220 0 0 0 0 0
3230 0 0 0 0 0
3240 0 0 0 0 0
3250 0 0 0 0 0
3260 0 0 0 0 0
3270 0 0 0 0 0
3280 0 0 0 0 0
3290 0 0 0 0 0
3300 0 0 0 0 0
3310 0 0 0 0 0
3320 0 0 0 0 0
3330 0 0 0 0 0
3340 0 0 0 0 0
3350 0 0 0 0 0
3360 0 0 0 0 0
3370 0 0 0 0 0
3380 0 0 0 0 0
