0 0 0 0 0 0
10 0 0 0 0 0
20 0 0 0 0 0
30 0 0 0 0 0
40 0 0 0 0 0
50 0 0 0 0 0
60 0 0 0 0 0
70 0 0 0 2 0
80 0 0 0 2 0
90 0 0 2 0 0
100 0 0 2 0 0
110 0 0 2 0 0
120 0 0 2 0 0
130 0 0 2 0 0
140 0 0 2 0 0
150 0 0 2 0 0
160 0 0 2 0 0
170 0 0 2 0 0
180 0 0 2 0 0
190 0 0 2 0 0
200 0 0 2 0 0
210 0 2 2 0 0
220 0 2 2 0 0
230 2 0 2 0 0
240 2 0 0 0 0
250 2 0 0 0 0
260 2 0 0 0 0
270 2 0 0 0 0
280 2 0 0 0 0
290 2 0 0 0 0
300 2 0 0 0 0
310 2 0 0 0 0
320 2 0 0 0 0
330 2 0 0 2 0
340 2 0 0 2 0
350 2 0 2 0 0
360 2 0 2 0 0
370 0 0 2 0 0
380 0 0 2 0 0
390 0 0 2 0 0
400 0 0 2 0 0
410 0 0 2 0 0
420 0 0 2 0 0
430 0 0 2 0 1
440 0 5 2 0 1
450 0 5 2 0 1
460 0 5 2 0 1
470 0 5 2 0 2
480 0 5 2 0 2
490 0 5 2 0 2
500 0 0 2 0 2
510 0 0 2 0 2
520 0 0 2 0 2
530 0 0 2 0 2
540 0 0 2 0 2
550 0 2 2 0 2
560 2 0 2 0 2
570 2 0 0 2 2
580 2 0 0 0 2
590 2 0 0 0 2
600 2 0 0 0 2
610 2 0 0 0 0
620 2 0 0 0 0
630 2 0 0 0 0
640 2 0 0 0 0
650 2 0 0 0 0
660 2 0 0 0 0
670 2 0 0 0 0
680 2 0 0 0 0
690 2 0 0 2 0
700 2 0 2 0 0
710 0 0 2 0 0
720 0 0 2 0 0
730 0 0 2 0 0
740 0 0 2 0 0
750 0 0 2 0 0
760 0 0 2 0 0
770 0 0 2 0 0
780 0 0 2 0 0
790 0 0 2 0 0
800 0 5 2 0 0
810 0 5 2 0 0
820 0 5 2 0 0
830 0 5 2 0 0
840 0 5 2 0 0
850 0 5 2 0 0
860 0 5 2 0 0
870 0 5 2 0 0
880 0 5 2 0 0
890 0 5 2 0 1
900 0 5 2 0 1
910 0 5 2 0 0
920 0 5 2 0 0
930 0 5 2 0 0
940 0 5 2 0 0
950 0 5 2 0 0
960 0 5 2 0 0
970 0 5 2 0 0
980 0 5 2 0 0
990 0 5 2 0 0
1000 0 5 2 0 1
1010 0 5 2 0 1
1020 0 5 2 0 1
1030 0 5 2 0 1
1040 0 5 2 0 1
1050 0 5 2 0 1
1060 0 5 2 0 1
1070 0 5 2 0 1
1080 0 5 2 0 1
1090 0 5 2 0 1
1100 0 5 2 0 1
1110 0 5 2 0 1
1120 0 5 2 0 1
1130 0 5 2 0 1
1140 0 5 2 0 1
1150 0 5 2 0 1
1160 0 5 2 0 1
1170 0 5 2 0 1
1180 0 5 2 0 1
1190 0 5 2 0 1
1200 0 5 2 0 1
1210 0 5 2 0 1
1220 0 5 2 0 1
1230 0 5 2 0 1
1240 0 5 2 0 1
1250 0 5 2 0 1
1260 0 5 2 0 1
1270 0 5 2 0 0
1280 0 0 2 0 0
1290 0 0 2 0 0
1300 0 0 2 0 0
1310 0 0 2 0 0
1320 0 0 2 0 0
1330 0 0 2 0 0
1340 0 0 2 0 0
1350 0 0 2 0 1
1360 0 0 2 0 1
1370 0 0 2 0 1
1380 0 0 2 0 1
1390 0 0 2 0 1
1400 0 0 2 0 1
1410 0 0 2 0 1
1420 0 0 2 0 1
1430 0 0 2 0 1
1440 0 0 2 0 1
1450 0 0 2 0 1
1460 0 0 2 0 1
1470 0 0 2 0 1
1480 0 0 2 0 1
1490 0 0 2 0 1
1500 0 0 2 0 1
1510 0 0 2 0 1
1520 0 0 2 0 1
1530 0 0 2 0 1
1540 0 0 2 0 1
1550 0 0 2 0 1
1560 0 0 2 0 1
1570 0 0 2 0 1
1580 0 0 2 0 1
1590 0 0 2 0 1
1600 0 0 2 0 1
1610 0 0 2 0 1
1620 0 0 2 0 1
1630 0 0 2 0 1
1640 0 0 2 0 1
1650 0 0 2 0 1
1660 0 0 2 0 1
1670 0 0 2 0 1
1680 0 0 2 0 1
1690 0 0 2 0 1
1700 0 0 2 0 1
1710 0 0 2 0 1
1720 0 0 2 0 1
1730 0 0 2 0 1
1740 0 0 2 0 1
1750 0 0 2 0 1
1760 0 0 2 0 1
1770 0 0 2 0 1
1780 0 0 2 0 1
1790 0 0 2 0 1
1800 0 0 2 0 1
1810 0 0 2 0 2
1820 0 0 2 0 2
1830 0 0 2 0 2
1840 0 0 2 0 2
1850 0 0 2 0 2
1860 0 0 2 0 2
1870 0 0 2 0 2
1880 0 2 2 0 2
1890 0 2 2 0 2
1900 2 0 2 0 2
1910 2 0 2 0 2
1920 2 0 2 0 2
1930 2 0 2 0 2
1940 2 0 0 0 2
1950 2 0 0 0 2
1960 2 0 0 0 2
1970 2 0 0 0 2
1980 2 0 0 0 2
1990 2 0 0 0 2
2000 2 0 0 0 2
2010 2 0 0 0 2
2020 2 0 0 0 2
2030 2 0 0 0 2
2040 2 0 0 0 2
2050 2 0 0 0 2
2060 2 0 0 0 2
2070 2 0 0 5 2
2080 2 0 0 5 2
2090 2 0 0 0 2
2100 2 0 0 0 2
2110 2 0 0 0 0
2120 2 0 0 0 0
2130 2 0 0 0 0
2140 2 0 0 0 0
2150 2 0 0 0 0
2160 2 0 0 0 0
2170 2 0 0 0 0
2180 2 0 0 0 0
2190 2 0 0 0 0
2200 2 0 0 0 0
2210 2 0 0 0 0
2220 2 0 0 2 0
2230 2 0 2 0 0
2240 0 2 2 0 0
2250 0 0 2 0 0
2260 0 0 2 0 0
2270 0 0 2 0 0
2280 0 0 2 0 0
2290 0 0 2 0 0
2300 0 0 2 0 0
2310 0 0 2 0 0
2320 0 0 2 0 0
2330 0 0 2 0 0
2340 0 0 2 0 0
2350 0 0 2 0 0
2360 0 0 2 0 0
2370 0 0 2 0 0
2380 0 0 2 0 0
2390 0 0 2 0 1
2400 0 0 2 0 1
2410 0 5 2 0 1
2420 0 5 2 0 2
2430 0 0 2 0 2
2440 0 0 2 0 2
2450 0 0 2 0 2
2460 0 0 2 0 2
2470 0 0 2 0 2
2480 0 2 2 0 2
2490 0 2 2 0 2
2500 2 0 2 0 2
2510 2 0 2 0 2
2520 2 0 0 0 2
2530 2 0 0 0 2
2540 2 0 0 0 2
2550 2 0 0 0 2
2560 2 0 0 0 0
2570 2 0 0 0 0
2580 2 0 0 0 0
2590 2 0 0 0 0
2600 2 0 0 0 0
2610 2 0 0 0 0
2620 2 0 0 0 0
2630 2 0 0 0 0
2640 2 0 0 0 0
2650 2 0 0 0 0
2660 2 0 0 0 0
2670 2 0 0 2 0
2680 2 0 2 0 0
2690 0 0 2 0 0
2700 0 0 2 0 0
2710 0 5 2 0 0
2720 0 5 2 0 0
2730 0 5 2 0 0
2740 0 5 2 0 1
2750 0 5 2 0 1
2760 0 5 2 0 1
2770 0 5 2 0 1
2780 0 5 2 0 1
2790 5 0 2 0 1
2800 5 0 2 0 0
2810 5 0 2 0 0
2820 5 0 2 0 0
2830 5 0 2 0 1
2840 5 0 2 0 1
2850 5 0 2 0 1
2860 5 0 2 0 1
2870 5 0 2 0 0
2880 5 0 2 0 0
2890 5 0 2 0 0
2900 5 0 2 0 0
2910 5 0 2 0 1
2920 5 0 2 0 1
2930 5 0 2 0 1
2940 5 0 2 0 1
2950 5 0 2 0 1
2960 5 0 2 0 1
2970 5 0 2 0 1
2980 5 0 2 0 1
2990 5 0 2 0 1
3000 5 0 2 0 1
3010 5 0 2 0 1
3020 5 0 2 0 1
3030 5 0 2 0 1
3040 5 0 2 0 2
3050 5 0 2 0 2
3060 5 0 2 0 2
3070 5 0 2 0 2
3080 0 5 2 0 2
3090 0 0 2 0 2
3100 0 0 2 0 2
3110 0 0 2 0 2
3120 0 0 2 0 2
3130 0 0 2 0 2
3140 0 0 2 0 2
3150 0 0 2 0 2
3160 0 0 2 0 2
3170 0 2 2 0 2
3180 2 0 2 0 2
3190 2 0 2 0 2
3200 2 0 0 2 2
3210 2 0 0 2 2
3220 2 0 0 2 2
3230 2 0 0 2 2
3240 2 0 0 2 2
3250 2 0 0 2 2
3260 2 0 0 0 2
3270 2 0 0 0 2
3280 2 0 0 0 2
3290 2 0 0 5 2
3300 2 0 0 5 2
3310 2 0 0 5 2
3320 2 0 0 5 2
3330 2 0 0 5 2
3340 2 0 0 5 0
3350 2 0 0 5 0
3360 2 0 0 0 0
3370 2 0 0 0 0
3380 2 0 0 0 0
3390 2 0 0 0 0
3400 2 0 0 0 0
3410 2 0 0 0 0
3420 2 0 0 0 0
3430 2 0 0 0 0
3440 2 0 0 0 0
3450 2 0 0 0 0
3460 2 0 0 0 0
3470 2 0 0 0 0
3480 2 0 0 0 0
3490 2 0 0 0 0
3500 2 0 0 0 0
3510 2 0 0 0 0
3520 2 0 0 0 0
3530 2 0 0 0 0
3540 2 0 0 2 0
3550 2 0 0 2 0
3560 2 0 2 0 0
3570 0 2 2 0 0
3580 0 0 2 0 0
3590 0 0 2 0 0
3600 0 0 2 0 0
3610 0 0 2 0 0
3620 0 0 2 0 0
3630 0 0 2 0 0
3640 0 0 2 0 0
3650 0 0 2 0 0
3660 0 5 2 0 0
3670 5 0 2 0 0
3680 5 0 2 0 0
3690 5 0 2 0 0
3700 5 0 2 0 0
3710 5 0 2 0 0
3720 5 0 2 0 0
3730 5 0 2 0 0
3740 5 0 2 0 0
3750 5 0 2 0 0
3760 5 0 2 0 0
3770 5 0 2 0 0
3780 5 0 2 0 1
3790 5 0 2 0 1
3800 5 0 2 0 1
3810 5 0 2 0 1
3820 5 0 2 0 1
3830 5 0 2 0 1
3840 5 0 2 0 1
3850 5 0 2 0 1
3860 5 0 2 0 1
3870 5 0 2 0 2
3880 5 0 2 0 2
3890 5 0 2 0 2
3900 5 0 2 0 2
3910 5 0 2 0 2
3920 0 0 2 0 2
3930 0 0 2 0 2
3940 0 0 2 0 2
3950 0 0 2 0 2
3960 0 0 2 0 2
3970 0 0 2 0 2
3980 0 0 2 0 2
3990 0 0 2 0 2
4000 0 0 2 0 2
4010 0 2 2 0 2
4020 0 2 2 0 2
4030 2 0 2 0 2
4040 2 0 0 0 2
4050 2 0 0 0 2
4060 2 0 0 0 2
4070 2 0 0 0 2
4080 2 0 0 0 2
4090 2 0 5 0 2
4100 2 0 5 0 2
4110 2 0 5 0 2
4120 2 0 5 0 2
4130 2 0 5 0 2
4140 2 0 5 0 2
4150 2 0 5 0 2
4160 2 0 5 0 0
4170 2 0 5 0 0
4180 2 0 5 0 0
4190 2 0 5 0 0
4200 2 0 0 0 0
4210 2 0 0 0 0
4220 2 0 0 0 0
4230 0 0 0 0 0
4240 0 0 0 0 0
4250 0 0 0 0 0
4260 0 0 0 0 0
4270 0 0 0 0 0
4280 0 0 0 0 0
4290 0 0 0 0 0
4300 0 0 0 0 0
4310 0 0 0 0 0
4320 0 0 0 0 0
