0 0 0 0 0 0
10 0 0 0 0 0
20 0 0 0 0 0
30 0 0 0 0 0
40 0 0 0 0 0
50 0 0 0 0 0
60 0 0 0 0 0
70 0 0 0 0 0
80 0 0 0 0 0
90 0 0 2 0 0
100 0 0 2 0 0
110 0 0 2 0 0
120 0 0 2 0 0
130 0 0 2 0 0
140 0 0 2 0 0
150 0 0 2 0 0
160 0 0 0 0 0
170 0 0 0 0 0
180 0 0 0 0 0
190 0 0 0 0 0
200 0 0 0 2 0
210 0 0 2 0 0
220 0 0 2 0 0
230 0 0 2 0 0
240 0 0 2 0 0
250 0 0 2 0 0
260 0 0 2 0 0
270 0 0 2 0 0
280 0 0 2 0 0
290 0 0 2 0 0
300 0 0 2 0 0
310 0 0 2 0 0
320 0 0 2 0 0
330 0 0 2 0 0
340 0 2 2 0 0
350 0 2 2 0 0
360 0 2 2 0 0
370 0 2 2 0 0
380 0 2 2 0 0
390 2 0 2 0 0
400 2 0 2 0 0
410 2 0 0 2 0
420 2 0 0 0 0
430 2 0 0 0 0
440 2 0 0 0 0
450 2 0 0 0 0
460 2 0 0 0 0
470 2 0 0 0 0
480 2 0 0 0 0
490 2 0 0 0 0
500 2 0 0 0 0
510 2 0 0 0 0
520 2 0 0 0 0
530 2 0 0 0 0
540 2 0 2 0 0
550 2 0 2 0 0
560 2 0 2 0 0
570 0 0 2 0 0
580 0 0 2 0 0
590 0 0 2 0 0
600 0 0 2 0 0
610 0 0 2 0 1
620 0 0 2 0 1
630 0 0 2 0 1
640 0 0 2 0 1
650 0 0 2 0 1
660 0 0 2 0 1
670 0 0 2 0 2
680 0 0 2 0 2
690 0 0 2 0 2
700 0 0 2 0 2
710 0 0 2 0 2
720 2 0 2 0 2
730 2 0 0 2 2
740 2 0 0 0 2
750 2 0 0 0 2
760 2 0 0 0 2
770 2 0 0 0 2
780 2 0 0 0 0
790 2 0 0 0 0
800 2 0 0 0 0
810 2 0 0 0 0
820 2 0 0 0 0
830 2 0 0 0 0
840 2 0 0 0 0
850 2 0 0 2 0
860 2 0 0 2 0
870 2 0 2 0 0
880 0 0 2 0 0
890 0 0 2 0 0
900 0 0 2 0 0
910 0 0 2 0 0
920 0 0 2 0 0
930 0 0 2 0 0
940 0 0 2 0 0
950 0 0 2 0 0
960 0 0 2 0 0
970 0 5 2 0 0
980 5 0 2 0 0
990 5 0 2 0 0
1000 5 0 2 0 0
1010 5 0 2 0 0
1020 5 0 2 0 0
1030 5 0 2 0 1
1040 5 0 2 0 1
1050 5 0 2 0 1
1060 5 0 2 0 1
1070 5 0 2 0 1
1080 5 0 2 0 2
1090 5 0 2 0 2
1100 5 0 2 0 2
1110 5 0 2 0 2
1120 0 0 2 0 2
1130 0 0 2 0 2
1140 0 0 2 0 2
1150 0 2 2 0 2
1160 2 0 2 0 2
1170 2 0 0 2 2
1180 2 0 0 0 2
1190 2 0 0 0 0
1200 2 0 0 0 0
1210 2 0 0 0 0
1220 2 0 0 0 0
1230 2 0 0 0 0
1240 2 0 0 0 0
1250 2 0 0 0 0
1260 2 0 2 0 0
1270 2 0 2 0 0
1280 0 0 2 0 0
1290 0 0 2 0 0
1300 0 0 2 0 0
1310 0 0 2 0 0
1320 0 5 2 0 0
1330 0 5 2 0 0
1340 5 0 2 0 0
1350 5 0 2 0 0
1360 5 0 2 0 0
1370 5 0 2 0 0
1380 5 0 2 0 1
1390 5 0 2 0 1
1400 5 0 2 0 1
1410 5 0 2 0 1
1420 5 0 2 0 1
1430 5 0 2 0 1
1440 5 0 2 0 1
1450 5 0 2 0 2
1460 5 0 2 0 2
1470 0 5 2 0 2
1480 0 0 2 0 2
1490 0 0 2 0 2
1500 0 0 2 0 2
1510 0 0 2 0 2
1520 0 0 2 0 2
1530 0 2 2 0 2
1540 2 0 2 0 2
1550 2 0 0 0 2
1560 2 0 0 0 2
1570 2 0 0 0 0
1580 2 0 0 0 0
1590 2 0 0 0 0
1600 2 0 0 2 0
1610 2 0 0 2 0
1620 2 0 2 0 0
1630 0 0 2 0 0
1640 0 0 2 0 0
1650 0 0 2 0 0
1660 0 0 2 0 0
1670 0 0 2 0 0
1680 0 0 2 0 0
1690 0 0 2 0 0
1700 0 0 2 0 1
1710 0 0 2 0 1
1720 0 0 2 0 2
1730 0 0 2 0 2
1740 0 0 2 0 2
1750 0 0 2 0 2
1760 0 0 2 0 2
1770 0 0 2 0 2
1780 2 0 2 0 2
1790 2 0 2 0 2
1800 2 0 0 2 2
1810 2 0 0 0 2
1820 2 0 0 0 0
1830 2 0 0 0 0
1840 2 0 0 0 0
1850 2 0 0 0 0
1860 2 0 0 0 0
1870 2 0 0 0 0
1880 2 0 0 0 0
1890 2 0 0 0 0
1900 2 0 0 0 0
1910 2 0 0 0 0
1920 2 0 0 0 0
1930 2 0 0 0 0
1940 0 2 0 0 0
1950 0 2 0 0 0
1960 0 2 0 0 0
1970 0 2 0 0 0
1980 0 2 0 0 0
1990 0 2 0 0 0
2000 0 2 0 0 0
2010 0 2 0 0 0
2020 0 2 0 0 0
2030 0 2 0 0 0
2040 0 2 0 0 0
2050 0 2 0 0 0
2060 0 2 0 0 0
2070 0 2 0 0 0
2080 0 2 0 0 0
2090 0 2 0 0 0
2100 0 2 0 0 0
2110 0 2 0 0 0
2120 0 2 0 0 0
2130 0 2 0 0 0
