0 0 0 0 0 0
10 0 0 0 0 0
20 0 0 0 0 0
30 0 0 0 0 0
40 0 0 0 0 0
50 0 0 0 0 0
60 0 0 0 0 0
70 0 0 0 0 0
80 0 0 0 0 0
90 0 0 0 0 0
100 0 0 0 0 0
110 0 0 0 0 0
120 0 0 0 0 0
130 0 0 0 0 0
140 0 0 0 0 0
150 0 0 0 0 0
160 0 0 0 0 0
170 0 0 0 0 0
180 0 0 0 0 0
190 0 0 0 0 0
200 0 0 0 0 0
210 0 0 2 0 0
220 0 0 2 0 0
230 0 0 2 0 0
240 0 0 2 0 0
250 0 0 2 0 0
260 0 0 2 0 0
270 0 0 2 0 0
280 0 0 2 0 0
290 0 0 2 0 0
300 0 0 2 0 0
310 0 0 2 0 0
320 0 0 2 0 0
330 0 0 2 0 0
340 0 0 2 0 0
350 0 0 2 0 0
360 0 0 2 0 0
370 0 0 2 0 1
380 0 0 2 0 1
390 0 0 2 0 1
400 0 0 2 0 1
410 0 0 2 0 1
420 0 0 2 0 1
430 0 0 2 0 2
440 0 0 2 0 0
450 0 0 2 0 0
460 0 0 2 0 0
470 0 0 2 0 0
480 0 0 2 0 0
490 0 0 2 0 0
500 0 0 2 0 0
510 0 2 2 0 0
520 0 2 2 0 0
530 2 0 2 0 0
540 2 0 0 2 0
550 2 0 0 0 0
560 2 0 0 0 0
570 2 0 0 0 0
580 2 0 0 0 0
590 2 0 0 0 0
600 2 0 0 0 0
610 2 0 0 0 0
620 2 0 0 2 0
630 2 0 2 0 0
640 0 2 2 0 0
650 0 0 2 0 0
660 0 0 2 0 0
670 0 0 2 0 0
680 0 0 2 0 0
690 0 0 2 0 0
700 0 0 2 0 0
710 0 0 2 0 0
720 0 0 2 0 0
730 0 0 2 0 1
740 0 0 2 0 1
750 0 0 2 0 0
760 0 0 2 0 0
770 0 0 2 0 1
780 0 0 2 0 1
790 0 0 2 0 0
800 0 0 2 0 0
810 0 0 2 0 0
820 0 0 2 0 1
830 0 0 2 0 1
840 0 0 2 0 2
850 0 0 2 0 2
860 0 0 2 0 2
870 0 0 2 0 2
880 0 0 2 0 2
890 0 0 2 0 2
900 0 0 2 0 2
910 0 0 2 0 2
920 0 2 2 0 2
930 0 2 2 0 2
940 0 2 2 0 2
950 2 0 2 0 2
960 2 0 2 0 2
970 2 0 2 0 2
980 2 0 0 0 2
990 2 0 0 0 2
1000 2 0 0 0 2
1010 2 0 0 0 2
1020 2 0 0 0 2
1030 2 0 0 0 2
1040 2 0 0 0 2
1050 2 0 0 0 2
1060 2 0 0 0 2
1070 2 0 0 0 2
1080 2 0 0 0 2
1090 2 0 0 0 2
1100 2 0 0 0 2
1110 2 0 0 0 2
1120 2 0 0 0 2
1130 2 0 0 0 2
1140 2 0 0 0 2
1150 2 0 0 0 2
1160 2 0 0 0 2
1170 2 0 0 0 2
1180 2 0 0 0 2
1190 2 0 0 0 2
1200 2 0 0 0 2
1210 2 0 2 0 2
1220 2 0 2 0 2
1230 0 2 2 0 2
1240 0 0 2 0 2
1250 0 0 2 0 2
1260 0 0 2 0 2
1270 0 0 2 0 2
1280 0 0 2 0 2
1290 0 0 2 0 2
1300 2 0 2 0 2
1310 2 0 2 0 2
1320 2 0 0 0 2
1330 2 0 0 0 2
1340 2 0 0 0 2
1350 2 0 0 0 2
1360 2 0 0 0 2
1370 2 0 0 0 2
1380 2 0 0 0 2
1390 2 0 0 0 2
1400 2 0 0 0 2
1410 2 0 0 0 2
1420 2 0 0 0 0
1430 2 0 0 0 0
1440 2 0 0 0 0
1450 2 0 0 0 0
1460 2 0 0 0 0
1470 2 0 0 0 0
1480 2 0 0 0 0
1490 2 0 0 0 0
1500 2 0 0 0 0
1510 2 0 0 0 0
1520 2 0 0 0 0
1530 2 0 0 0 0
1540 2 0 2 0 0
1550 2 0 2 0 0
1560 0 2 2 0 0
1570 0 0 2 0 0
1580 0 0 2 0 0
1590 0 0 2 0 0
1600 0 0 2 0 0
1610 0 0 2 0 0
1620 0 0 2 0 0
1630 0 0 2 0 0
1640 0 0 2 0 0
1650 0 0 2 0 0
1660 0 0 2 0 0
1670 0 5 2 0 0
1680 5 0 2 0 0
1690 5 0 2 0 0
1700 5 0 2 0 0
1710 5 0 2 0 0
1720 5 0 2 0 0
1730 5 0 2 0 0
1740 5 0 2 0 0
1750 5 0 2 0 0
1760 5 0 2 0 0
1770 5 0 2 0 0
1780 5 0 2 0 1
1790 5 0 2 0 1
1800 5 0 2 0 1
1810 5 0 2 0 1
1820 5 0 2 0 1
1830 5 0 2 0 1
1840 5 0 2 0 1
1850 5 0 2 0 1
1860 5 0 2 0 1
1870 5 0 2 0 1
1880 5 0 2 0 0
1890 5 0 2 0 0
1900 5 0 2 0 0
1910 5 0 2 0 1
1920 5 0 2 0 1
1930 5 0 2 0 1
1940 5 0 2 0 2
1950 5 0 2 0 2
1960 0 5 2 0 2
1970 0 0 2 0 2
1980 0 0 2 0 2
1990 0 0 2 0 2
2000 0 0 2 0 2
2010 0 0 2 0 2
2020 0 0 2 0 2
2030 0 0 2 0 2
2040 0 0 2 0 2
2050 2 0 2 0 2
2060 2 0 2 0 2
2070 2 0 0 0 2
2080 2 0 0 0 2
2090 2 0 0 0 2
2100 2 0 0 0 2
2110 2 0 0 0 2
2120 2 0 0 0 2
2130 2 0 0 0 2
2140 2 0 0 0 2
2150 2 0 0 0 2
2160 2 0 0 0 2
2170 2 0 0 0 2
2180 2 0 0 0 2
2190 2 0 0 0 2
2200 2 0 0 0 2
2210 2 0 0 0 0
2220 2 0 0 0 0
2230 2 0 0 0 0
2240 2 0 0 0 0
2250 2 0 0 0 0
2260 2 0 0 0 0
2270 2 0 0 0 0
2280 2 0 0 0 0
2290 2 0 0 0 0
2300 2 0 0 2 0
2310 2 0 0 2 0
2320 2 0 0 2 0
2330 2 0 0 2 0
2340 2 0 0 2 0
2350 2 0 0 2 0
2360 2 0 0 0 0
2370 2 0 0 0 0
2380 2 0 0 0 0
2390 2 0 0 2 0
2400 2 0 0 2 0
2410 2 0 2 0 0
2420 0 2 2 0 0
2430 0 0 2 0 0
2440 0 0 2 0 0
2450 0 0 2 0 0
2460 0 0 2 0 0
2470 0 0 2 0 0
2480 0 0 2 0 0
2490 0 0 2 0 0
2500 0 0 2 0 0
2510 0 0 2 0 0
2520 0 0 2 0 0
2530 0 0 2 0 0
2540 5 0 2 0 0
2550 0 5 2 0 0
2560 0 5 2 0 0
2570 5 0 2 0 0
2580 5 0 2 0 0
2590 5 0 2 0 0
2600 5 0 2 0 0
2610 5 0 2 0 0
2620 5 0 2 0 1
2630 5 0 2 0 1
2640 5 0 2 0 1
2650 5 0 2 0 1
2660 5 0 2 0 1
2670 5 0 2 0 2
2680 5 0 2 0 2
2690 5 0 2 0 2
2700 0 0 2 0 2
2710 0 0 2 0 2
2720 0 0 2 0 2
2730 0 0 2 0 2
2740 0 0 2 0 2
2750 0 0 2 0 2
2760 0 0 2 0 2
2770 2 0 2 0 2
2780 2 0 0 2 2
2790 2 0 0 0 2
2800 2 0 0 0 2
2810 2 0 0 0 2
2820 2 0 0 0 2
2830 2 0 0 0 2
2840 2 0 0 0 2
2850 2 0 0 0 2
2860 2 0 0 0 0
2870 2 0 0 0 0
2880 2 0 0 0 0
2890 2 0 0 0 0
2900 2 0 0 0 0
2910 2 0 0 0 0
2920 2 0 0 2 0
2930 2 0 2 0 0
2940 2 0 2 0 0
2950 0 2 2 0 0
2960 0 0 2 0 0
2970 0 0 2 0 0
2980 0 0 2 0 0
2990 0 0 2 0 0
3000 0 0 2 0 0
3010 0 0 2 0 0
3020 0 0 2 0 0
3030 0 5 2 0 0
3040 0 5 2 0 0
3050 5 0 2 0 1
3060 5 0 2 0 1
3070 5 0 2 0 1
3080 5 0 2 0 1
3090 5 0 2 0 1
3100 5 0 2 0 1
3110 5 0 2 0 1
3120 5 0 2 0 1
3130 5 0 2 0 1
3140 5 0 2 0 1
3150 5 0 2 0 1
3160 5 0 2 0 1
3170 5 0 2 0 1
3180 5 0 2 0 1
3190 5 0 2 0 1
3200 5 0 2 0 1
3210 5 0 2 0 1
3220 5 0 2 0 1
3230 5 0 2 0 1
3240 5 0 2 0 2
3250 5 0 2 0 2
3260 0 0 2 0 2
3270 0 0 2 0 2
3280 0 0 2 0 2
3290 0 0 2 0 2
3300 0 0 2 0 2
3310 0 0 2 0 2
3320 0 0 2 0 2
3330 2 0 2 0 2
3340 2 0 2 0 2
3350 2 0 2 0 2
3360 2 0 2 0 2
3370 2 0 2 0 2
3380 2 0 0 2 2
3390 2 0 0 0 2
3400 2 0 0 0 2
3410 2 0 0 0 2
3420 2 0 0 0 2
3430 2 0 0 0 2
3440 2 0 0 0 2
3450 2 0 0 0 2
3460 2 0 0 0 2
3470 2 0 0 0 2
3480 2 0 0 0 0
3490 2 0 0 0 0
3500 2 0 0 0 0
3510 2 0 0 0 0
3520 2 0 0 0 0
3530 2 0 0 0 0
3540 2 0 0 0 0
3550 2 0 0 0 0
3560 0 0 0 0 0
3570 0 0 0 0 0
3580 0 0 0 0 0
3590 0 0 0 0 0
3600 0 0 0 0 0
3610 0 0 0 0 0
3620 0 0 0 0 0
3630 0 0 0 0 0
3640 0 0 0 0 0
3650 0 0 0 0 0
3660 0 0 0 0 0
3670 0 0 0 0 0
3680 0 0 0 0 0
3690 0 0 0 0 0
3700 0 0 0 0 0
3710 0 0 0 0 0
