0 0 0 0 0 0
10 0 0 0 0 0
20 0 0 0 0 0
30 0 0 0 0 0
40 0 0 0 0 0
50 0 0 0 0 0
60 0 0 0 0 0
70 0 0 0 0 0
80 0 0 0 0 0
90 0 0 0 0 0
100 0 0 0 0 0
110 0 0 0 0 0
120 0 0 0 0 0
130 0 0 0 0 0
140 0 0 0 0 0
150 0 0 0 0 0
160 0 0 0 0 0
170 0 0 0 0 0
180 0 0 2 0 0
190 0 0 2 0 0
200 0 0 2 0 0
210 0 0 2 0 0
220 0 0 2 0 0
230 0 0 2 0 0
240 0 0 2 0 0
250 0 0 2 0 0
260 0 0 2 0 0
270 0 0 2 0 0
280 0 0 2 0 0
290 0 0 2 0 0
300 0 0 2 0 0
310 0 2 2 0 0
320 2 0 2 0 0
330 2 0 0 0 0
340 2 0 0 0 0
350 2 0 0 0 0
360 2 0 0 0 0
370 2 0 0 0 0
380 2 0 0 0 0
390 2 0 0 0 0
400 2 0 0 0 0
410 2 0 0 0 0
420 2 0 0 0 0
430 2 0 0 0 0
440 2 0 0 0 0
450 2 0 0 0 0
460 2 0 0 0 0
470 2 0 0 2 0
480 2 0 0 2 0
490 2 0 0 2 0
500 2 0 2 0 0
510 0 2 2 0 0
520 0 0 2 0 0
530 0 0 2 0 0
540 0 0 2 0 0
550 0 0 2 0 0
560 0 0 2 0 0
570 0 0 2 0 0
580 0 0 2 0 0
590 0 0 2 0 0
600 0 0 2 0 0
610 0 0 2 0 0
620 0 0 2 0 0
630 0 0 2 0 0
640 0 0 2 0 1
650 0 0 2 0 1
660 0 0 2 0 1
670 0 0 2 0 1
680 0 0 2 0 1
690 0 0 2 0 1
700 0 0 2 0 1
710 0 0 2 0 2
720 0 0 2 0 2
730 0 0 2 0 2
740 0 0 2 0 2
750 0 0 2 0 2
760 0 0 2 0 2
770 0 0 2 0 2
780 0 0 2 0 2
790 0 0 2 0 2
800 0 0 2 0 2
810 0 0 2 0 2
820 0 0 2 0 2
830 0 2 2 0 2
840 2 0 2 0 2
850 2 0 0 2 2
860 2 0 0 2 2
870 2 0 0 0 2
880 2 0 0 0 2
890 2 0 0 0 2
900 2 0 0 0 2
910 2 0 0 0 2
920 2 0 0 0 2
930 2 0 0 0 2
940 2 0 0 0 2
950 2 0 0 0 2
960 2 0 0 0 2
970 2 0 0 0 0
980 2 0 0 0 0
990 2 0 0 0 0
1000 2 0 0 0 0
1010 2 0 0 0 0
1020 2 0 0 0 0
1030 2 0 0 0 0
1040 2 0 0 0 0
1050 2 0 0 0 0
1060 2 0 0 2 0
1070 2 0 2 0 0
1080 2 0 2 0 0
1090 0 2 2 0 0
1100 0 0 2 0 0
1110 0 0 2 0 0
1120 0 0 2 0 0
1130 0 0 2 0 0
1140 0 0 2 0 0
1150 0 0 2 0 0
1160 0 0 2 0 0
1170 0 0 2 0 0
1180 0 0 2 0 0
1190 0 0 2 0 0
1200 0 0 2 0 0
1210 0 0 2 0 0
1220 0 0 2 0 0
1230 5 0 2 0 0
1240 5 0 2 0 0
1250 5 0 2 0 0
1260 5 0 2 0 0
1270 5 0 2 0 0
1280 5 0 2 0 0
1290 5 0 2 0 0
1300 5 0 2 0 0
1310 5 0 2 0 0
1320 5 0 2 0 0
1330 5 0 2 0 0
1340 5 0 2 0 1
1350 5 0 2 0 2
1360 5 0 2 0 2
1370 5 0 2 0 2
1380 5 0 2 0 2
1390 5 0 2 0 2
1400 5 0 2 0 2
1410 0 5 2 0 2
1420 0 0 2 0 2
1430 0 0 2 0 2
1440 0 0 2 0 2
1450 0 0 2 0 2
1460 0 0 2 0 2
1470 0 0 2 0 2
1480 0 0 2 0 2
1490 0 2 2 0 2
1500 0 2 2 0 2
1510 2 0 2 0 2
1520 2 0 2 0 2
1530 2 0 2 0 2
1540 2 0 0 2 2
1550 2 0 0 0 2
1560 2 0 0 0 2
1570 2 0 0 0 2
1580 2 0 0 0 2
1590 2 0 0 0 2
1600 2 0 0 0 2
1610 2 0 0 0 2
1620 2 0 0 0 2
1630 2 0 0 0 2
1640 2 0 0 0 2
1650 2 0 0 0 2
1660 2 0 0 0 2
1670 2 0 0 0 2
1680 2 0 0 0 2
1690 2 0 0 0 2
1700 2 0 0 0 2
1710 2 0 0 0 2
1720 2 0 0 0 2
1730 2 0 0 0 2
1740 2 0 0 0 2
1750 2 0 0 0 2
1760 2 0 0 0 2
1770 2 0 0 0 2
1780 2 0 0 0 0
1790 2 0 0 0 0
1800 2 0 0 0 0
1810 2 0 0 0 0
1820 2 0 0 0 0
1830 2 0 0 0 0
1840 2 0 0 0 0
1850 2 0 0 0 0
1860 2 0 0 0 0
1870 2 0 0 0 0
1880 2 0 0 0 0
1890 2 0 0 0 0
1900 2 0 0 0 0
1910 2 0 0 2 0
1920 2 0 0 2 0
1930 2 0 0 2 0
1940 2 0 0 2 0
1950 2 0 0 2 0
1960 2 0 2 0 0
1970 0 0 2 0 0
1980 0 0 2 0 0
1990 0 0 2 0 0
2000 0 0 2 0 0
2010 0 0 2 0 0
2020 0 0 2 0 0
2030 0 0 2 0 0
2040 0 0 2 0 0
2050 0 0 2 0 0
2060 0 0 2 0 0
2070 0 0 2 0 0
2080 0 0 2 0 0
2090 0 0 2 0 0
2100 0 0 2 0 0
2110 0 0 2 0 0
2120 0 0 2 0 0
2130 0 5 2 0 0
2140 0 5 2 0 0
2150 5 0 2 0 0
2160 5 0 2 0 0
2170 5 0 2 0 0
2180 5 0 2 0 0
2190 5 0 2 0 0
2200 5 0 2 0 0
2210 5 0 2 0 1
2220 5 0 2 0 1
2230 5 0 2 0 1
2240 5 0 2 0 1
2250 5 0 2 0 1
2260 5 0 2 0 2
2270 5 0 2 0 2
2280 5 0 2 0 2
2290 5 0 2 0 2
2300 5 0 2 0 2
2310 5 0 2 0 2
2320 5 0 2 0 2
2330 5 0 2 0 2
2340 0 5 2 0 2
2350 0 0 2 0 2
2360 0 0 2 0 2
2370 0 0 2 0 2
2380 0 2 2 0 2
2390 0 2 2 0 2
2400 2 0 2 0 2
2410 2 0 2 0 2
2420 2 0 0 0 2
2430 2 0 0 0 2
2440 2 0 0 0 2
2450 2 0 0 0 2
2460 2 0 0 0 2
2470 2 0 0 0 2
2480 2 0 0 0 2
2490 2 0 0 0 2
2500 2 0 0 0 2
2510 2 0 0 0 2
2520 2 0 0 0 2
2530 2 0 0 5 2
2540 2 0 5 0 2
2550 2 0 5 0 2
2560 2 0 5 0 2
2570 2 0 5 0 2
2580 2 0 5 0 2
2590 2 0 5 0 2
2600 2 0 5 0 2
2610 2 0 5 0 0
2620 2 0 5 0 0
2630 2 0 5 0 0
2640 2 0 5 0 0
2650 2 0 5 0 0
2660 2 0 0 0 0
2670 2 0 0 0 0
2680 2 0 0 0 0
2690 2 0 0 0 0
2700 2 0 0 0 0
2710 2 0 0 0 0
2720 2 0 0 2 0
2730 2 0 0 2 0
2740 2 0 2 0 0
2750 0 2 2 0 0
2760 0 0 2 0 0
2770 0 0 2 0 0
2780 0 0 2 0 0
2790 0 0 2 0 0
2800 0 0 2 0 0
2810 0 0 2 0 0
2820 0 0 2 0 0
2830 0 0 2 0 0
2840 0 0 2 0 0
2850 0 0 2 0 0
2860 0 0 2 0 0
2870 0 0 2 0 0
2880 0 0 2 0 0
2890 0 0 2 0 1
2900 0 0 2 0 1
2910 0 0 2 0 1
2920 0 0 2 0 1
2930 0 0 2 0 2
2940 0 0 2 0 2
2950 0 5 2 0 2
2960 0 5 2 0 2
2970 0 5 2 0 2
2980 0 5 2 0 2
2990 0 5 2 0 2
3000 0 5 2 0 2
3010 0 5 2 0 2
3020 0 0 2 0 2
3030 0 0 2 0 2
3040 0 0 2 0 2
3050 0 0 2 0 2
3060 0 0 2 0 2
3070 5 0 2 0 2
3080 5 0 2 0 2
3090 5 0 2 0 2
3100 5 0 2 0 2
3110 5 0 2 0 2
3120 5 0 2 0 2
3130 5 0 2 0 2
3140 0 5 2 0 2
3150 0 0 2 0 2
3160 0 0 2 0 2
3170 0 0 2 0 2
3180 0 2 2 0 2
3190 2 0 2 0 2
3200 2 0 2 0 2
3210 2 0 2 0 2
3220 2 0 0 2 2
3230 2 0 0 2 2
3240 2 0 0 0 2
3250 2 0 0 0 2
3260 2 0 0 0 2
3270 2 0 0 0 2
3280 2 0 5 0 2
3290 2 0 5 0 2
3300 2 0 5 0 2
3310 2 0 5 0 2
3320 2 0 5 0 0
3330 2 0 5 0 0
3340 2 0 5 0 0
3350 2 0 5 0 0
3360 0 0 0 0 0
3370 0 0 0 0 0
3380 0 0 0 0 0
3390 0 0 0 0 0
3400 0 0 0 0 0
3410 0 0 0 0 0
3420 0 0 0 0 0
3430 0 0 0 0 0
3440 0 0 0 0 0
