0 0 0 0 0 0
10 0 0 0 0 0
20 0 0 0 0 0
30 0 0 0 0 0
40 0 0 0 0 0
50 0 0 0 0 0
60 0 0 0 0 0
70 0 0 0 0 0
80 0 0 0 0 0
90 0 0 0 0 0
100 0 0 0 0 0
110 0 0 0 0 0
120 0 0 0 0 0
130 0 0 0 2 0
140 0 0 0 0 0
150 0 0 0 0 0
160 0 0 0 0 0
170 0 0 0 2 0
180 0 0 0 2 0
190 0 0 0 2 0
200 0 0 0 2 0
210 0 0 0 2 0
220 0 0 2 0 0
230 0 0 2 0 0
240 0 0 2 0 0
250 0 0 2 0 0
260 0 0 2 0 0
270 0 0 2 0 0
280 0 0 2 0 0
290 0 0 2 0 0
300 0 0 2 0 0
310 0 0 2 0 0
320 0 2 2 0 0
330 2 0 2 0 0
340 2 0 0 0 0
350 2 0 0 0 0
360 2 0 0 0 0
370 2 0 0 0 0
380 2 0 0 0 0
390 2 0 0 0 0
400 2 0 2 0 0
410 0 0 2 0 0
420 0 0 2 0 0
430 0 0 2 0 0
440 0 0 2 0 0
450 5 0 2 0 0
460 5 0 2 0 0
470 5 0 2 0 0
480 5 0 2 0 0
490 5 0 2 0 0
500 5 0 2 0 0
510 5 0 2 0 0
520 5 0 2 0 0
530 5 0 2 0 0
540 5 0 2 0 0
550 5 0 2 0 0
560 5 0 2 0 0
570 5 0 2 0 0
580 5 0 2 0 0
590 5 0 2 0 0
600 5 0 2 0 1
610 5 0 2 0 1
620 5 0 2 0 2
630 0 5 2 0 2
640 0 0 2 0 2
650 0 0 2 0 2
660 0 0 2 0 2
670 0 5 2 0 2
680 0 5 2 0 2
690 0 5 2 0 2
700 0 5 2 0 2
710 0 0 2 0 2
720 0 0 2 0 2
730 0 0 2 0 2
740 0 0 2 0 2
750 2 0 2 0 2
760 2 0 0 2 2
770 2 0 0 0 2
780 2 0 0 0 2
790 2 0 0 0 2
800 2 0 0 0 2
810 2 0 0 0 0
820 0 0 0 0 0
830 0 0 0 0 0
840 0 0 0 0 0
850 0 0 0 0 0
860 0 0 0 0 0
870 0 0 0 0 0
880 0 0 0 2 0
890 0 0 0 2 0
900 0 0 0 2 0
910 0 0 0 3 0
920 0 0 0 3 0
930 0 0 0 3 0
940 0 0 0 3 0
950 0 0 0 0 0
960 0 0 0 0 0
970 0 0 0 0 0
980 0 0 0 0 0
990 0 2 0 0 0
1000 2 0 0 0 0
1010 2 0 0 0 0
1020 2 0 0 0 0
1030 2 0 0 0 0
1040 2 0 0 0 0
1050 2 0 0 0 0
1060 2 0 0 0 0
1070 2 0 0 0 0
1080 2 0 0 0 0
1090 2 0 0 0 0
1100 2 0 2 0 0
1110 2 0 2 0 0
1120 0 0 2 0 0
1130 0 0 2 0 0
1140 0 0 2 0 1
1150 0 0 2 0 1
1160 0 0 2 0 1
1170 0 0 2 0 1
1180 0 0 2 0 1
1190 0 0 2 0 1
1200 0 0 2 0 1
1210 0 0 2 0 1
1220 0 0 2 0 2
1230 0 0 2 0 2
1240 0 0 2 0 2
1250 0 0 2 0 2
1260 0 0 2 0 2
1270 0 2 2 0 2
1280 0 2 2 0 2
1290 0 2 2 0 2
1300 2 0 2 0 2
1310 2 0 0 0 2
1320 2 0 0 0 2
1330 2 0 0 0 2
1340 2 0 0 0 0
1350 2 0 0 0 0
1360 2 0 0 0 0
1370 2 0 0 0 0
1380 2 0 0 2 0
1390 2 0 0 2 0
1400 2 0 2 0 0
1410 0 0 2 0 0
1420 0 0 2 0 0
1430 0 0 2 0 0
1440 0 5 2 0 0
1450 0 5 2 0 0
1460 0 5 2 0 0
1470 0 5 2 0 0
1480 0 5 2 0 1
1490 0 5 2 0 1
1500 0 5 2 0 1
1510 0 5 2 0 1
1520 0 5 2 0 1
1530 0 5 2 0 2
1540 0 0 2 0 2
1550 0 0 2 0 2
1560 0 0 2 0 2
1570 0 0 2 0 2
1580 0 2 2 0 2
1590 2 0 2 0 2
1600 2 0 0 2 2
1610 2 0 0 0 2
1620 2 0 0 0 0
1630 2 0 0 0 0
1640 2 0 0 0 0
1650 2 0 0 0 0
1660 2 0 0 0 0
1670 2 0 0 2 0
1680 2 0 2 0 0
1690 0 0 2 0 0
1700 0 0 2 0 0
1710 0 0 2 0 0
1720 0 0 2 0 0
1730 0 0 2 0 0
1740 0 5 2 0 0
1750 0 5 2 0 0
1760 5 0 2 0 0
1770 5 0 2 0 0
1780 5 0 2 0 0
1790 5 0 2 0 0
1800 5 0 2 0 0
1810 5 0 2 0 0
1820 5 0 2 0 0
1830 5 0 2 0 0
1840 5 0 2 0 0
1850 5 0 2 0 0
1860 5 0 2 0 0
1870 5 0 2 0 0
1880 5 0 2 0 0
1890 5 0 2 0 0
1900 5 0 2 0 0
1910 5 0 2 0 0
1920 5 0 2 0 0
1930 5 0 2 0 1
1940 5 0 2 0 1
1950 5 0 2 0 1
1960 5 0 2 0 1
1970 5 0 2 0 1
1980 5 0 2 0 1
1990 5 0 2 0 1
2000 5 0 2 0 2
2010 5 0 2 0 2
2020 0 5 2 0 2
2030 0 0 2 0 2
2040 0 0 2 0 2
2050 0 0 2 0 2
2060 0 0 2 0 2
2070 0 0 2 0 2
2080 0 0 2 0 2
2090 0 0 2 0 2
2100 0 2 2 0 2
2110 2 0 2 0 2
2120 2 0 2 0 2
2130 2 0 2 0 2
2140 2 0 0 2 2
2150 2 0 0 2 2
2160 2 0 0 2 2
2170 2 0 0 0 2
2180 2 0 0 0 2
2190 2 0 0 0 2
2200 2 0 0 0 2
2210 2 0 0 0 2
2220 2 0 0 0 2
2230 2 0 0 0 2
2240 2 0 0 0 2
2250 2 0 0 0 2
2260 2 0 0 0 2
2270 2 0 0 0 2
2280 2 0 0 0 2
2290 2 0 0 0 2
2300 2 0 0 0 2
2310 2 0 0 0 2
2320 2 0 0 0 2
2330 2 0 0 0 2
2340 2 0 0 0 2
2350 2 0 0 5 2
2360 2 0 0 5 2
2370 2 0 0 5 2
2380 2 0 0 5 2
2390 2 0 0 5 2
2400 2 0 0 5 2
2410 2 0 0 5 2
2420 2 0 5 0 2
2430 2 0 5 0 2
2440 2 0 5 0 2
2450 2 0 5 0 0
2460 0 0 5 0 0
2470 0 0 0 0 0
2480 0 0 0 0 0
2490 0 0 0 0 0
2500 0 0 0 0 0
2510 0 0 0 0 0
2520 0 0 0 0 0
2530 0 0 0 0 0
2540 0 0 0 0 0
2550 0 0 0 0 0
2560 0 0 0 0 0
