0 0 0 0 0 0
10 0 0 0 0 0
20 0 0 0 0 0
30 0 0 0 0 0
40 0 0 0 0 0
50 0 0 0 0 0
60 0 0 0 0 0
70 0 0 0 0 0
80 0 0 0 2 0
90 0 0 0 0 0
100 0 0 0 0 0
110 0 0 0 0 0
120 0 0 0 0 0
130 0 0 0 2 0
140 0 0 0 2 0
150 0 0 0 2 0
160 0 0 0 2 0
170 0 0 2 0 0
180 0 0 2 0 0
190 0 0 2 0 0
200 0 0 2 0 0
210 0 0 2 0 0
220 0 0 2 0 0
230 0 0 2 0 0
240 0 0 2 0 0
250 0 0 2 0 0
260 0 0 2 0 0
270 0 0 2 0 0
280 0 0 2 0 0
290 2 0 2 0 0
300 2 0 2 0 0
310 2 0 0 0 0
320 2 0 0 0 0
330 2 0 0 0 0
340 2 0 0 0 0
350 2 0 0 0 0
360 2 0 0 2 0
370 2 0 2 0 0
380 0 2 2 0 0
390 0 0 2 0 0
400 0 0 2 0 0
410 0 0 2 0 0
420 0 5 2 0 0
430 5 0 2 0 0
440 5 0 2 0 0
450 5 0 2 0 0
460 5 0 2 0 0
470 5 0 2 0 0
480 5 0 2 0 0
490 5 0 2 0 0
500 5 0 2 0 0
510 5 0 2 0 0
520 5 0 2 0 0
530 5 0 2 0 0
540 5 0 2 0 1
550 5 0 2 0 1
560 5 0 2 0 1
570 5 0 2 0 1
580 5 0 2 0 1
590 5 0 2 0 1
600 5 0 2 0 1
610 5 0 2 0 2
620 5 0 2 0 2
630 5 0 2 0 2
640 5 0 2 0 2
650 0 0 2 0 2
660 0 0 2 0 2
670 0 0 2 0 2
680 0 2 2 0 2
690 0 2 2 0 2
700 0 2 2 0 2
710 2 0 2 0 2
720 2 0 0 2 2
730 2 0 0 0 2
740 2 0 0 0 2
750 2 0 0 0 2
760 2 0 0 0 2
770 2 0 0 0 2
780 2 0 0 0 2
790 2 0 0 0 0
800 2 0 0 0 0
810 2 0 0 0 0
820 2 0 0 0 0
830 2 0 0 2 0
840 2 0 0 2 0
850 2 0 0 2 0
860 2 0 2 0 0
870 2 0 2 0 0
880 0 0 2 0 0
890 0 0 2 0 0
900 0 0 2 0 0
910 0 0 2 0 0
920 0 5 2 0 0
930 0 5 2 0 0
940 0 5 2 0 0
950 0 0 2 0 0
960 0 0 2 0 0
970 0 5 2 0 0
980 5 0 2 0 0
990 5 0 2 0 0
1000 5 0 2 0 0
1010 5 0 2 0 0
1020 5 0 2 0 0
1030 5 0 2 0 0
1040 5 0 2 0 0
1050 5 0 2 0 1
1060 5 0 2 0 2
1070 5 0 2 0 2
1080 5 0 2 0 2
1090 0 5 2 0 2
1100 0 0 2 0 2
1110 0 0 2 0 2
1120 0 0 2 0 2
1130 0 0 2 0 2
1140 0 2 2 0 2
1150 2 0 2 0 2
1160 2 0 0 2 2
1170 2 0 0 0 2
1180 2 0 0 0 2
1190 2 0 0 0 0
1200 2 0 0 0 0
1210 2 0 0 0 0
1220 2 0 0 0 0
1230 2 0 0 0 0
1240 2 0 0 0 0
1250 2 0 0 0 0
1260 2 0 0 0 0
1270 2 0 0 0 0
1280 2 0 0 0 0
1290 2 0 0 2 0
1300 2 0 0 2 0
1310 2 0 2 0 0
1320 0 0 2 0 0
1330 0 0 2 0 0
1340 0 0 2 0 0
1350 0 0 2 0 0
1360 0 0 2 0 0
1370 0 0 2 0 0
1380 0 0 2 0 0
1390 5 0 2 0 0
1400 5 0 2 0 0
1410 5 0 2 0 0
1420 5 0 2 0 0
1430 5 0 2 0 0
1440 5 0 2 0 1
1450 5 0 2 0 1
1460 5 0 2 0 1
1470 5 0 2 0 1
1480 5 0 2 0 1
1490 5 0 2 0 1
1500 5 0 2 0 1
1510 5 0 2 0 1
1520 5 0 2 0 2
1530 5 0 2 0 2
1540 5 0 2 0 2
1550 5 0 2 0 2
1560 5 0 2 0 2
1570 5 0 2 0 2
1580 5 0 2 0 2
1590 5 0 2 0 2
1600 5 0 2 0 2
1610 0 5 2 0 2
1620 0 0 2 0 2
1630 0 0 2 0 2
1640 0 0 2 0 2
1650 0 0 2 0 2
1660 0 2 2 0 2
1670 2 0 2 0 2
1680 2 0 0 2 2
1690 2 0 0 2 2
1700 2 0 0 2 2
1710 2 0 0 2 2
1720 2 0 0 2 2
1730 2 0 0 0 2
1740 2 0 0 0 2
1750 2 0 0 0 2
1760 2 0 0 0 2
1770 2 0 0 0 2
1780 2 0 0 0 2
1790 2 0 0 0 0
1800 2 0 0 0 0
1810 2 0 0 0 0
1820 2 0 0 0 0
1830 2 0 0 0 0
1840 2 0 0 0 0
1850 2 0 0 0 0
1860 2 0 0 0 0
1870 2 0 0 0 0
1880 2 0 0 0 0
1890 2 0 0 0 0
1900 2 0 0 2 0
1910 2 0 0 2 0
1920 2 0 2 0 0
1930 0 0 2 0 0
1940 0 0 2 0 0
1950 0 0 2 0 0
1960 0 0 2 0 0
1970 0 0 2 0 0
1980 0 0 2 0 0
1990 5 0 2 0 0
2000 5 0 2 0 0
2010 5 0 2 0 0
2020 5 0 2 0 0
2030 5 0 2 0 0
2040 5 0 2 0 0
2050 5 0 2 0 0
2060 5 0 2 0 0
2070 5 0 2 0 1
2080 5 0 2 0 2
2090 5 0 2 0 2
2100 5 0 2 0 2
2110 5 0 2 0 2
2120 5 0 2 0 2
2130 0 5 2 0 2
2140 0 0 2 0 2
2150 0 0 2 0 2
2160 0 0 2 0 2
2170 0 0 2 0 2
2180 0 0 2 0 2
2190 0 0 2 0 2
2200 0 0 2 0 2
2210 0 0 2 0 2
2220 2 0 2 0 2
2230 2 0 2 0 2
2240 2 0 0 2 2
2250 2 0 0 2 2
2260 2 0 0 2 2
2270 2 0 0 2 2
2280 2 0 0 0 2
2290 2 0 0 0 2
2300 2 0 0 0 0
2310 2 0 0 0 0
2320 0 0 0 0 0
2330 0 0 0 0 0
2340 0 0 0 0 0
2350 0 0 0 0 0
2360 0 0 0 0 0
2370 0 0 0 0 0
2380 0 0 0 0 0
2390 0 0 0 0 0
2400 0 0 0 0 0
2410 0 0 0 0 0
2420 0 0 0 0 0
2430 0 0 0 0 0
2440 0 0 0 0 0
