0 0 0 0 0 0
10 0 0 0 0 0
20 0 0 2 0 0
30 0 0 2 0 0
40 0 0 2 0 0
50 0 0 2 0 0
60 0 0 2 0 0
70 0 0 2 0 0
80 0 0 2 0 0
90 0 0 2 0 0
100 0 0 2 0 0
110 0 0 2 0 0
120 0 0 2 0 0
130 0 0 2 0 0
140 0 0 2 0 0
150 0 0 2 0 0
160 0 0 2 0 0
170 0 0 2 0 0
180 0 0 2 0 0
190 0 2 2 0 0
200 2 0 2 0 0
210 2 0 0 2 0
220 2 0 0 0 0
230 2 0 0 0 0
240 2 0 0 0 0
250 2 0 0 0 0
260 2 0 0 0 0
270 2 0 0 2 0
280 2 0 0 2 0
290 2 0 2 0 0
300 0 0 2 0 0
310 0 0 2 0 0
320 0 0 2 0 0
330 0 0 2 0 0
340 0 0 2 0 0
350 0 0 2 0 0
360 0 0 2 0 0
370 0 0 2 0 0
380 0 0 2 0 0
390 0 0 2 0 0
400 0 0 2 0 1
410 0 0 2 0 1
420 0 0 2 0 1
430 0 0 2 0 1
440 0 0 2 0 0
450 0 0 2 0 0
460 0 0 2 0 0
470 0 0 2 0 0
480 0 0 2 0 0
490 0 0 2 0 1
500 0 0 2 0 1
510 0 0 2 0 1
520 0 0 2 0 1
530 0 0 2 0 1
540 0 0 2 0 1
550 0 0 2 0 1
560 0 0 2 0 1
570 0 0 2 0 1
580 0 0 2 0 1
590 0 0 2 0 1
600 0 0 2 0 1
610 0 0 2 0 1
620 0 0 2 0 1
630 0 0 2 0 1
640 0 0 2 0 1
650 0 0 2 0 1
660 0 0 2 0 1
670 0 0 2 0 1
680 0 0 2 0 1
690 0 0 2 0 1
700 0 0 2 0 0
710 0 0 2 0 0
720 0 0 2 0 0
730 0 0 2 0 0
740 0 0 2 0 0
750 0 0 2 0 1
760 0 0 2 0 1
770 0 0 2 0 1
780 0 0 2 0 1
790 0 0 2 0 2
800 0 0 2 0 2
810 0 0 2 0 2
820 0 0 2 0 2
830 0 0 2 0 2
840 0 2 2 0 2
850 0 2 2 0 2
860 0 2 2 0 2
870 0 2 2 0 2
880 0 0 2 0 2
890 0 0 2 0 2
900 0 2 2 0 2
910 2 0 2 0 2
920 2 0 2 0 2
930 2 0 0 0 2
940 2 0 0 0 2
950 2 0 0 0 2
960 2 0 0 0 0
970 2 0 0 0 0
980 2 0 0 0 0
990 2 0 0 0 0
1000 2 0 0 0 0
1010 2 0 0 0 0
1020 2 0 0 0 0
1030 2 0 0 0 0
1040 2 0 0 0 0
1050 2 0 0 0 0
1060 2 0 2 0 0
1070 0 0 2 0 0
1080 0 0 2 0 0
1090 0 5 2 0 0
1100 0 5 2 0 1
1110 0 5 2 0 1
1120 0 5 2 0 1
1130 0 5 2 0 1
1140 0 5 2 0 1
1150 0 5 2 0 1
1160 0 5 2 0 1
1170 0 5 2 0 1
1180 0 5 2 0 2
1190 0 0 2 0 2
1200 0 0 2 0 2
1210 0 0 2 0 2
1220 0 0 2 0 2
1230 0 0 2 0 2
1240 0 2 2 0 2
1250 0 2 2 0 2
1260 2 0 2 0 2
1270 2 0 2 0 2
1280 2 0 0 0 2
1290 2 0 0 0 2
1300 2 0 0 0 2
1310 2 0 0 0 0
1320 2 0 0 0 0
1330 2 0 0 0 0
1340 2 0 0 0 0
1350 2 0 0 0 0
1360 2 0 0 0 0
1370 2 0 0 0 0
1380 2 0 0 0 0
1390 2 0 0 0 0
1400 2 0 0 0 0
1410 2 0 0 0 0
1420 2 0 0 2 0
1430 2 0 2 0 0
1440 0 0 2 0 0
1450 0 0 2 0 0
1460 0 0 2 0 0
1470 0 0 2 0 0
1480 0 0 2 0 0
1490 0 0 2 0 0
1500 0 0 2 0 0
1510 0 0 2 0 0
1520 0 0 2 0 0
1530 0 0 2 0 0
1540 0 0 2 0 0
1550 0 0 2 0 0
1560 0 0 2 0 0
1570 0 0 2 0 0
1580 0 5 2 0 0
1590 0 5 2 0 0
1600 0 5 2 0 0
1610 0 5 2 0 1
1620 0 5 2 0 1
1630 0 5 2 0 1
1640 0 5 2 0 1
1650 0 5 2 0 2
1660 0 5 2 0 2
1670 0 0 2 0 2
1680 0 0 2 0 2
1690 0 0 2 0 2
1700 0 0 2 0 2
1710 0 2 2 0 2
1720 0 2 2 0 2
1730 2 0 2 0 2
1740 2 0 0 0 2
1750 2 0 0 0 0
1760 2 0 0 0 0
1770 2 0 0 0 0
1780 2 0 0 0 0
1790 2 0 0 0 0
1800 2 0 0 0 0
1810 2 0 0 0 0
1820 2 0 0 2 0
1830 2 0 2 0 0
1840 0 0 2 0 0
1850 0 0 2 0 0
1860 0 0 2 0 0
1870 0 0 2 0 0
1880 0 0 2 0 1
1890 0 5 2 0 1
1900 0 5 2 0 1
1910 0 5 2 0 1
1920 0 5 2 0 1
1930 0 5 2 0 0
1940 0 5 2 0 0
1950 0 5 2 0 1
1960 0 5 2 0 1
1970 0 5 2 0 1
1980 0 5 2 0 1
1990 0 5 2 0 1
2000 0 5 2 0 1
2010 0 5 2 0 1
2020 0 5 2 0 1
2030 0 5 2 0 1
2040 0 5 2 0 1
2050 0 5 2 0 1
2060 0 5 2 0 1
2070 0 5 2 0 1
2080 0 5 2 0 1
2090 0 5 2 0 1
2100 0 5 2 0 2
2110 0 0 2 0 2
2120 0 0 2 0 2
2130 0 0 2 0 2
2140 0 0 2 0 2
2150 0 2 2 0 2
2160 2 0 2 0 2
2170 2 0 2 0 2
2180 2 0 0 0 2
2190 2 0 0 0 0
2200 2 0 0 0 0
2210 2 0 0 0 0
2220 2 0 0 0 0
2230 2 0 0 0 0
2240 2 0 0 0 0
2250 2 0 0 0 0
2260 2 0 0 0 0
2270 2 0 0 0 0
2280 2 0 0 0 0
2290 2 0 0 0 0
2300 2 0 0 0 0
2310 2 0 0 0 0
2320 2 0 0 0 0
