0 0 0 0 0 0
10 0 0 0 0 0
20 0 0 0 0 0
30 0 0 0 0 0
40 0 0 0 0 0
50 0 0 0 0 0
60 0 0 0 0 0
70 0 0 0 0 0
80 0 0 0 0 0
90 0 0 0 0 0
100 0 0 0 0 0
110 0 0 0 0 0
120 0 0 0 0 0
130 0 0 0 0 0
140 0 0 0 0 0
150 0 0 0 0 0
160 0 0 0 0 0
170 0 0 2 0 0
180 0 0 2 0 0
190 0 0 2 0 0
200 0 0 2 0 0
210 0 0 2 0 0
220 0 0 2 0 0
230 0 0 2 0 0
240 0 0 2 0 0
250 0 0 2 0 0
260 0 0 2 0 0
270 0 0 2 0 0
280 0 0 2 0 0
290 0 0 2 0 0
300 0 0 2 0 0
310 0 0 2 0 0
320 0 0 2 0 0
330 0 0 2 0 0
340 0 0 2 0 0
350 0 0 2 0 1
360 0 0 2 0 1
370 0 0 2 0 1
380 0 0 2 0 1
390 0 0 2 0 1
400 0 0 2 0 1
410 0 0 2 0 1
420 0 0 2 0 1
430 0 0 2 0 1
440 0 0 2 0 1
450 0 0 2 0 1
460 0 0 2 0 1
470 0 0 2 0 1
480 0 0 2 0 1
490 0 0 2 0 1
500 0 0 2 0 1
510 0 0 2 0 1
520 0 0 2 0 1
530 0 0 2 0 1
540 0 0 2 0 1
550 0 0 2 0 2
560 0 0 2 0 2
570 0 0 2 0 2
580 0 0 2 0 2
590 0 0 2 0 2
600 0 0 2 0 2
610 0 0 2 0 2
620 0 0 2 0 2
630 0 0 2 0 2
640 0 0 2 0 2
650 0 0 2 0 2
660 0 0 2 0 2
670 0 0 2 0 2
680 0 0 2 0 2
690 0 2 2 0 2
700 2 0 2 0 2
710 2 0 2 0 2
720 2 0 2 0 2
730 2 0 0 2 2
740 2 0 0 2 2
750 2 0 0 2 2
760 2 0 0 2 2
770 2 0 0 2 2
780 2 0 0 0 2
790 2 0 0 0 2
800 2 0 0 0 2
810 2 0 0 0 0
820 2 0 0 0 0
830 2 0 0 0 0
840 2 0 0 0 0
850 2 0 0 0 0
860 2 0 0 0 0
870 2 0 0 0 0
880 2 0 0 0 0
890 2 0 0 0 0
900 2 0 0 0 0
910 2 0 0 0 0
920 2 0 0 0 0
930 2 0 0 0 0
940 2 0 0 2 0
950 2 0 2 0 0
960 2 0 2 0 0
970 0 2 2 0 0
980 0 0 2 0 0
990 0 0 2 0 0
1000 0 0 2 0 0
1010 0 0 2 0 0
1020 0 0 2 0 0
1030 0 0 2 0 0
1040 0 0 2 0 0
1050 0 0 2 0 0
1060 0 0 2 0 0
1070 0 0 2 0 0
1080 0 0 2 0 0
1090 0 0 2 0 0
1100 0 0 2 0 1
1110 0 0 2 0 1
1120 0 0 2 0 1
1130 0 0 2 0 1
1140 0 0 2 0 0
1150 0 0 2 0 0
1160 0 0 2 0 0
1170 0 0 2 0 0
1180 0 0 2 0 2
1190 0 0 2 0 2
1200 0 0 2 0 2
1210 0 0 2 0 2
1220 0 0 2 0 2
1230 0 0 2 0 2
1240 0 0 2 0 2
1250 0 0 2 0 2
1260 0 0 2 0 2
1270 0 0 2 0 2
1280 0 0 2 0 2
1290 0 0 2 0 2
1300 0 0 2 0 2
1310 0 0 2 0 2
1320 0 0 2 0 2
1330 0 0 2 0 2
1340 0 0 2 0 2
1350 0 0 2 0 2
1360 0 0 2 0 2
1370 0 0 2 0 2
1380 0 0 2 0 2
1390 0 0 2 0 2
1400 0 0 2 0 2
1410 0 0 2 0 2
1420 0 0 2 0 2
1430 0 0 2 0 2
1440 0 0 2 0 2
1450 0 0 2 0 2
1460 0 0 2 0 2
1470 0 0 2 0 2
1480 0 0 2 0 2
1490 0 0 2 0 2
1500 0 0 2 0 2
1510 0 0 2 0 2
1520 0 2 2 0 2
1530 0 2 2 0 2
1540 2 0 2 0 2
1550 2 0 2 0 2
1560 2 0 2 0 2
1570 2 0 2 0 2
1580 2 0 2 0 2
1590 2 0 2 0 2
1600 2 0 0 0 2
1610 2 0 0 0 2
1620 2 0 0 0 2
1630 2 0 0 0 2
1640 2 0 0 0 2
1650 2 0 0 0 2
1660 2 0 0 0 2
1670 2 0 0 0 2
1680 2 0 0 0 2
1690 2 0 0 0 2
1700 2 0 0 0 2
1710 2 0 0 0 2
1720 2 0 0 0 2
1730 2 0 0 0 2
1740 2 0 0 0 0
1750 2 0 0 0 0
1760 2 0 0 0 0
1770 2 0 0 0 0
1780 2 0 0 0 0
1790 2 0 0 0 0
1800 2 0 0 0 0
1810 2 0 0 0 0
1820 2 0 0 0 0
1830 2 0 0 0 0
1840 2 0 0 0 0
1850 2 0 0 0 0
1860 2 0 0 0 0
1870 2 0 0 0 0
1880 2 0 0 0 0
1890 2 0 0 0 0
1900 2 0 0 0 0
1910 2 0 0 0 0
1920 2 0 0 0 0
1930 2 0 0 0 0
1940 2 0 0 0 0
1950 2 0 0 0 0
1960 2 0 0 0 0
1970 2 0 0 0 0
1980 2 0 0 0 0
1990 2 0 0 0 0
2000 2 0 2 0 0
2010 2 0 2 0 0
2020 0 2 2 0 0
2030 0 2 2 0 0
2040 0 0 2 0 0
2050 0 0 2 0 0
2060 0 0 2 0 0
2070 0 0 2 0 0
2080 0 0 2 0 0
2090 0 0 2 0 0
2100 0 0 2 0 1
2110 0 0 2 0 1
2120 0 0 2 0 1
2130 0 0 2 0 1
2140 0 0 2 0 1
2150 0 0 2 0 1
2160 0 0 2 0 2
2170 0 0 2 0 2
2180 0 0 2 0 2
2190 0 0 2 0 2
2200 0 0 2 0 2
2210 0 0 2 0 2
2220 0 0 2 0 2
2230 0 0 2 0 2
2240 0 0 2 0 2
2250 0 0 2 0 2
2260 0 0 2 0 2
2270 0 0 2 0 2
2280 0 2 2 0 2
2290 0 2 2 0 2
2300 2 0 2 0 2
2310 2 0 2 0 2
2320 2 0 0 2 2
2330 2 0 0 2 2
2340 2 0 0 0 2
2350 2 0 0 0 2
2360 2 0 0 0 2
2370 2 0 0 0 2
2380 2 0 0 0 0
2390 2 0 0 0 0
2400 2 0 0 0 0
2410 2 0 0 0 0
2420 2 0 0 0 0
2430 2 0 0 0 0
2440 2 0 0 0 0
2450 2 0 0 0 0
2460 2 0 0 0 0
2470 2 0 0 0 0
2480 2 0 0 0 0
2490 2 0 0 0 0
2500 2 0 0 0 0
2510 2 0 0 2 0
2520 2 0 0 2 0
2530 2 0 2 0 0
2540 2 0 2 0 0
2550 2 0 2 0 0
2560 2 0 2 0 0
2570 0 2 2 0 0
2580 0 2 2 0 0
2590 0 0 2 0 0
2600 0 0 2 0 0
2610 0 0 2 0 0
2620 0 0 2 0 0
2630 0 0 2 0 0
2640 0 0 2 0 0
2650 0 0 2 0 1
2660 0 0 2 0 1
2670 0 0 2 0 1
2680 0 0 2 0 1
2690 0 0 2 0 1
2700 0 0 2 0 2
2710 0 0 2 0 2
2720 0 0 2 0 2
2730 0 0 2 0 2
2740 0 0 2 0 2
2750 0 0 2 0 2
2760 0 0 2 0 2
2770 0 0 2 0 2
2780 0 0 2 0 2
2790 0 0 2 0 2
2800 0 0 2 0 2
2810 0 0 2 0 2
2820 0 0 2 0 2
2830 0 0 2 0 2
2840 2 0 2 0 2
2850 2 0 2 0 2
2860 2 0 2 0 2
2870 2 0 0 2 2
2880 2 0 0 0 2
2890 2 0 0 0 2
2900 2 0 0 0 2
2910 2 0 0 0 2
2920 2 0 0 0 0
2930 2 0 0 0 0
2940 2 0 0 0 0
2950 2 0 0 0 0
2960 2 0 0 0 0
2970 2 0 0 0 0
2980 2 0 0 0 0
2990 2 0 0 0 0
3000 2 0 0 0 0
3010 2 0 0 0 0
3020 2 0 0 0 0
3030 2 0 0 0 0
3040 2 0 0 0 0
3050 2 0 0 0 0
3060 2 0 0 0 0
3070 2 0 0 0 0
3080 2 0 0 0 0
3090 2 0 0 0 0
3100 2 0 0 0 0
3110 2 0 0 0 0
3120 2 0 0 0 0
3130 2 0 0 0 0
3140 2 0 0 0 0
3150 2 0 0 0 0
3160 2 0 0 0 0
3170 2 0 0 0 0
3180 2 0 0 0 0
3190 2 0 0 0 0
3200 2 0 0 0 0
3210 2 0 0 0 0
3220 2 0 0 0 0
3230 2 0 0 0 0
3240 2 0 0 0 0
