0 0 0 0 0 0
10 0 0 0 0 0
20 0 0 0 0 0
30 0 0 0 0 0
40 0 0 0 0 0
50 0 0 0 0 0
60 0 0 0 0 0
70 0 0 0 0 0
80 0 0 0 0 0
90 0 0 0 0 0
100 0 0 0 0 0
110 0 0 0 0 0
120 0 0 0 0 0
130 0 0 0 0 0
140 0 0 0 0 0
150 0 0 0 0 0
160 0 0 0 0 0
170 0 0 0 0 0
180 0 0 0 0 0
190 0 0 0 0 0
200 0 0 0 0 0
210 0 0 0 0 0
220 0 0 0 0 0
230 0 0 0 0 0
240 0 0 0 0 0
250 0 0 0 0 0
260 0 0 0 0 0
270 0 0 0 0 0
280 0 0 0 0 0
290 0 0 0 0 0
300 0 0 0 0 0
310 0 0 0 0 0
320 0 0 0 0 0
330 0 0 2 0 0
340 0 0 2 0 0
350 0 0 2 0 0
360 0 0 2 0 0
370 0 0 2 0 0
380 0 0 2 0 0
390 0 0 2 0 1
400 0 0 2 0 1
410 0 0 2 0 1
420 0 0 2 0 1
430 0 0 2 0 0
440 0 0 2 0 0
450 0 0 2 0 1
460 0 0 2 0 1
470 0 0 2 0 1
480 0 0 2 0 1
490 0 0 2 0 2
500 0 0 2 0 2
510 0 0 2 0 2
520 0 0 2 0 2
530 0 0 2 0 2
540 0 0 2 0 2
550 0 0 2 0 2
560 0 0 2 0 2
570 0 0 2 0 2
580 0 0 2 0 2
590 0 0 2 0 2
600 0 0 2 0 2
610 0 0 2 0 2
620 0 0 2 0 2
630 0 2 2 0 2
640 2 0 2 0 2
650 2 0 2 0 2
660 2 0 2 0 2
670 2 0 2 0 2
680 2 0 2 0 2
690 2 0 0 2 2
700 2 0 0 2 2
710 2 0 0 0 2
720 2 0 0 0 2
730 2 0 0 0 2
740 2 0 0 0 2
750 2 0 0 0 2
760 2 0 0 0 2
770 2 0 0 0 2
780 2 0 0 0 2
790 2 0 0 0 0
800 2 0 0 0 0
810 2 0 0 0 0
820 2 0 0 0 0
830 2 0 0 0 0
840 2 0 0 0 0
850 2 0 0 0 0
860 2 0 0 0 0
870 2 0 0 0 0
880 2 0 0 0 0
890 2 0 0 0 0
900 2 0 0 0 0
910 2 0 0 0 0
920 2 0 0 0 0
930 2 0 0 0 0
940 2 0 0 0 0
950 2 0 0 0 0
960 2 0 0 2 0
970 2 0 2 0 0
980 2 0 2 0 0
990 0 0 2 0 0
1000 0 0 2 0 0
1010 0 0 2 0 0
1020 0 0 2 0 0
1030 0 0 2 0 0
1040 0 0 2 0 0
1050 0 0 2 0 0
1060 0 0 2 0 0
1070 0 0 2 0 0
1080 0 0 2 0 0
1090 0 0 2 0 0
1100 0 0 2 0 0
1110 0 0 2 0 0
1120 0 0 2 0 1
1130 0 0 2 0 1
1140 0 0 2 0 1
1150 0 0 2 0 2
1160 0 0 2 0 2
1170 0 0 2 0 2
1180 0 0 2 0 2
1190 0 0 2 0 2
1200 0 0 2 0 2
1210 0 0 2 0 2
1220 0 0 2 0 2
1230 0 0 2 0 2
1240 0 0 2 0 2
1250 0 0 2 0 2
1260 0 0 2 0 2
1270 0 0 2 0 2
1280 0 2 2 0 2
1290 2 0 2 0 2
1300 2 0 0 2 2
1310 2 0 0 2 2
1320 2 0 0 0 2
1330 2 0 0 0 2
1340 2 0 0 0 2
1350 2 0 0 0 2
1360 2 0 0 0 2
1370 2 0 0 0 2
1380 2 0 0 0 0
1390 2 0 0 0 0
1400 2 0 0 0 0
1410 2 0 0 0 0
1420 2 0 0 0 0
1430 2 0 0 0 0
1440 2 0 0 0 0
1450 2 0 0 0 0
1460 2 0 0 0 0
1470 2 0 0 2 0
1480 2 0 2 0 0
1490 0 2 2 0 0
1500 0 2 2 0 0
1510 0 0 2 0 0
1520 0 0 2 0 0
1530 0 0 2 0 1
1540 0 0 2 0 1
1550 0 0 2 0 0
1560 0 0 2 0 0
1570 0 0 2 0 0
1580 0 0 2 0 0
1590 0 0 2 0 0
1600 0 0 2 0 1
1610 0 0 2 0 2
1620 0 0 2 0 2
1630 0 0 2 0 2
1640 0 0 2 0 2
1650 0 0 2 0 2
1660 0 0 2 0 2
1670 0 0 2 0 2
1680 0 0 2 0 2
1690 0 0 2 0 2
1700 0 0 2 0 2
1710 0 0 2 0 2
1720 0 0 2 0 2
1730 0 2 2 0 2
1740 2 0 2 0 2
1750 2 0 2 0 2
1760 2 0 0 2 2
1770 2 0 0 0 2
1780 2 0 0 0 2
1790 2 0 0 0 2
1800 2 0 0 0 2
1810 2 0 0 0 2
1820 2 0 0 0 2
1830 2 0 0 0 2
1840 2 0 0 0 0
1850 2 0 0 0 0
1860 2 0 0 0 0
1870 2 0 0 0 0
1880 2 0 0 0 0
1890 2 0 0 0 0
1900 2 0 0 0 0
1910 2 0 0 0 0
1920 2 0 0 0 0
1930 2 0 0 0 0
1940 2 0 0 0 0
1950 2 0 2 0 0
1960 2 0 2 0 0
1970 2 0 2 0 0
1980 2 0 2 0 0
1990 2 0 2 0 0
2000 2 0 2 0 0
2010 2 0 2 0 0
2020 0 0 2 0 0
2030 0 0 2 0 0
2040 0 0 2 0 0
2050 0 0 2 0 0
2060 0 0 2 0 0
2070 0 0 2 0 1
2080 0 0 2 0 1
2090 0 0 2 0 1
2100 0 0 2 0 1
2110 0 0 2 0 1
2120 0 0 2 0 1
2130 0 0 2 0 1
2140 0 0 2 0 1
2150 0 0 2 0 1
2160 0 0 2 0 1
2170 0 0 2 0 1
2180 0 0 2 0 1
2190 0 0 2 0 1
2200 0 0 2 0 1
2210 0 0 2 0 1
2220 0 0 2 0 1
2230 0 0 2 0 1
2240 0 0 2 0 1
2250 0 0 2 0 1
2260 0 0 2 0 1
2270 0 0 2 0 1
2280 0 0 2 0 1
2290 0 0 2 0 1
2300 0 0 2 0 2
2310 0 0 2 0 2
2320 0 0 2 0 2
2330 0 0 2 0 2
2340 0 0 2 0 2
2350 0 0 2 0 2
2360 0 2 2 0 2
2370 2 0 2 0 2
2380 2 0 2 0 2
2390 2 0 2 0 2
2400 2 0 2 0 2
2410 2 0 2 0 2
2420 2 0 2 0 2
2430 2 0 0 2 2
2440 2 0 0 2 2
2450 2 0 0 0 2
2460 2 0 0 0 2
2470 2 0 0 0 2
2480 2 0 0 0 2
2490 2 0 0 0 2
2500 2 0 0 0 2
2510 2 0 0 0 2
2520 2 0 0 0 2
2530 2 0 0 0 2
2540 2 0 0 0 0
2550 2 0 0 0 0
2560 2 0 0 0 0
2570 2 0 0 0 0
2580 2 0 0 0 0
2590 2 0 0 0 0
2600 2 0 0 0 0
2610 2 0 0 0 0
2620 2 0 0 0 0
2630 2 0 0 0 0
2640 2 0 0 0 0
2650 2 0 0 0 0
2660 2 0 0 0 0
2670 2 0 0 0 0
2680 2 0 0 0 0
2690 2 0 0 0 0
2700 2 0 0 0 0
2710 2 0 0 0 0
2720 2 0 0 0 0
2730 2 0 0 0 0
2740 2 0 0 0 0
2750 2 0 0 0 0
2760 2 0 0 0 0
2770 2 0 0 0 0
2780 2 0 0 0 0
2790 2 0 0 0 0
2800 2 0 0 0 0
2810 2 0 0 0 0
2820 2 0 0 0 0
2830 2 0 0 0 0
2840 2 0 0 0 0
2850 2 0 0 0 0
2860 2 0 0 0 0
2870 2 0 0 0 0
2880 2 0 0 0 0
2890 2 0 0 0 0
