0 0 0 0 0 0
10 0 0 0 0 0
20 0 0 0 0 0
30 0 0 0 0 0
40 0 0 0 0 0
50 0 0 0 0 0
60 0 0 0 0 0
70 0 0 0 0 0
80 0 0 0 0 0
90 0 0 0 0 0
100 0 0 0 0 0
110 0 0 0 0 0
120 0 0 0 0 0
130 0 0 0 0 0
140 0 0 0 2 0
150 0 0 0 2 0
160 0 0 0 0 0
170 0 0 0 0 0
180 0 0 0 2 0
190 0 0 0 2 0
200 0 0 0 2 0
210 0 0 0 0 0
220 0 0 0 0 0
230 0 0 0 0 0
240 0 0 0 0 0
250 0 0 0 0 0
260 0 0 0 0 0
270 0 0 0 2 0
280 0 0 2 0 0
290 0 0 2 0 0
300 0 0 2 0 0
310 0 0 2 0 0
320 0 0 2 0 0
330 0 0 2 0 0
340 0 0 2 0 0
350 0 0 2 0 0
360 0 0 2 0 0
370 0 0 2 0 0
380 0 0 2 0 0
390 2 0 2 0 0
400 2 0 0 2 0
410 2 0 0 0 0
420 2 0 0 0 0
430 2 0 0 0 0
440 2 0 0 0 0
450 2 0 0 0 0
460 2 0 0 0 0
470 2 0 0 0 0
480 2 0 0 0 0
490 2 0 0 0 0
500 2 0 0 0 0
510 2 0 0 0 0
520 2 0 0 0 0
530 2 0 0 2 0
540 2 0 0 2 0
550 2 0 2 0 0
560 0 0 2 0 0
570 0 0 2 0 0
580 0 0 2 0 0
590 0 0 2 0 0
600 0 0 2 0 0
610 0 0 2 0 0
620 0 0 2 0 0
630 0 0 2 0 0
640 0 0 2 0 0
650 2 0 2 0 0
660 2 0 2 0 0
670 2 0 0 0 0
680 2 0 0 0 0
690 2 0 0 0 0
700 2 0 0 0 0
710 2 0 0 0 0
720 2 0 0 0 0
730 2 0 0 0 0
740 2 0 0 2 0
750 2 0 0 2 0
760 2 0 2 0 0
770 0 0 2 0 0
780 0 0 2 0 0
790 0 0 2 0 0
800 0 0 2 0 0
810 0 0 2 0 0
820 0 0 2 0 0
830 0 5 2 0 0
840 0 5 2 0 1
850 0 5 2 0 1
860 0 5 2 0 1
870 0 5 2 0 1
880 0 5 2 0 1
890 0 5 2 0 1
900 0 5 2 0 1
910 0 5 2 0 1
920 0 5 2 0 2
930 0 5 2 0 2
940 0 5 2 0 2
950 0 5 2 0 2
960 0 0 2 0 2
970 0 0 2 0 2
980 0 2 2 0 2
990 0 2 2 0 2
1000 0 2 2 0 2
1010 0 2 2 0 2
1020 0 2 2 0 2
1030 0 2 2 0 2
1040 2 0 2 0 2
1050 2 0 0 2 2
1060 2 0 0 0 2
1070 2 0 0 0 2
1080 2 0 0 0 2
1090 2 0 0 5 2
1100 2 0 0 5 2
1110 2 0 0 5 2
1120 2 0 0 5 0
1130 2 0 0 5 0
1140 2 0 0 5 0
1150 2 0 0 0 0
1160 2 0 0 0 0
1170 2 0 0 2 0
1180 2 0 0 2 0
1190 2 0 2 0 0
1200 0 0 2 0 0
1210 0 0 2 0 0
1220 0 0 2 0 0
1230 0 0 2 0 0
1240 0 0 2 0 0
1250 0 5 2 0 0
1260 0 5 2 0 0
1270 0 5 2 0 1
1280 0 5 2 0 1
1290 0 5 2 0 1
1300 0 5 2 0 1
1310 0 5 2 0 2
1320 0 5 2 0 2
1330 0 0 2 0 2
1340 0 0 2 0 2
1350 0 0 2 0 2
1360 0 0 2 0 2
1370 0 0 2 0 2
1380 0 0 2 0 2
1390 0 0 2 0 2
1400 0 0 2 0 2
1410 2 0 2 0 2
1420 2 0 2 0 2
1430 2 0 0 0 2
1440 2 0 0 0 0
1450 2 0 0 0 0
1460 2 0 0 0 0
1470 2 0 0 0 0
1480 2 0 2 0 0
1490 2 0 2 0 0
1500 2 0 2 0 0
1510 0 2 2 0 0
1520 0 0 2 0 0
1530 0 0 2 0 0
1540 0 0 2 0 0
1550 0 0 2 0 0
1560 0 0 2 0 0
1570 0 0 2 0 0
1580 0 0 2 0 1
1590 0 0 2 0 1
1600 0 5 2 0 1
1610 0 5 2 0 1
1620 0 5 2 0 1
1630 0 5 2 0 1
1640 5 0 2 0 0
1650 5 0 2 0 0
1660 5 0 2 0 0
1670 5 0 2 0 0
1680 5 0 2 0 0
1690 5 0 2 0 0
1700 5 0 2 0 1
1710 5 0 2 0 1
1720 5 0 2 0 2
1730 5 0 2 0 2
1740 0 0 2 0 2
1750 0 0 2 0 2
1760 0 0 2 0 2
1770 0 0 2 0 2
1780 2 0 2 0 2
1790 2 0 2 0 2
1800 2 0 0 2 2
1810 2 0 0 0 2
1820 2 0 0 5 2
1830 2 0 0 5 0
1840 2 0 0 5 0
1850 2 0 0 5 0
1860 2 0 0 5 0
1870 2 0 0 5 0
1880 2 0 0 0 0
1890 2 0 0 0 0
1900 2 0 0 0 0
1910 2 0 0 0 0
1920 2 0 0 2 0
1930 2 0 2 0 0
1940 0 0 2 0 0
1950 0 0 2 0 0
1960 0 0 2 0 0
1970 0 0 2 0 0
1980 0 0 2 0 0
1990 0 0 2 0 0
2000 0 5 2 0 0
2010 0 5 2 0 0
2020 0 5 2 0 0
2030 0 5 2 0 0
2040 0 5 2 0 0
2050 0 5 2 0 1
2060 0 5 2 0 1
2070 0 5 2 0 1
2080 0 5 2 0 1
2090 0 5 2 0 1
2100 0 5 2 0 1
2110 0 5 2 0 1
2120 0 5 2 0 1
2130 0 5 2 0 1
2140 0 5 2 0 1
2150 0 5 2 0 1
2160 0 5 2 0 1
2170 0 5 2 0 1
2180 0 5 2 0 1
2190 0 5 2 0 1
2200 0 5 2 0 1
2210 0 5 2 0 1
2220 0 5 2 0 1
2230 0 5 2 0 1
2240 0 5 2 0 1
2250 0 5 2 0 1
2260 0 5 2 0 0
2270 0 5 2 0 0
2280 0 5 2 0 0
2290 0 0 2 0 0
2300 0 0 2 0 0
2310 0 0 2 0 0
2320 0 0 2 0 0
2330 0 0 2 0 0
2340 0 0 2 0 0
2350 0 0 2 0 0
2360 0 0 2 0 0
2370 0 5 2 0 0
2380 0 5 2 0 0
2390 0 5 2 0 0
2400 0 5 2 0 0
2410 0 5 2 0 0
2420 0 5 2 0 0
2430 0 5 2 0 1
2440 0 5 2 0 1
2450 0 5 2 0 1
2460 0 5 2 0 1
2470 0 0 2 0 0
2480 0 0 2 0 0
2490 0 0 2 0 0
2500 0 5 2 0 0
2510 0 5 2 0 0
2520 0 5 2 0 0
2530 5 0 2 0 0
2540 5 0 2 0 0
2550 5 0 2 0 0
2560 5 0 2 0 0
2570 5 0 2 0 0
2580 5 0 2 0 0
2590 5 0 2 0 0
2600 5 0 2 0 1
2610 5 0 2 0 2
2620 5 0 2 0 2
2630 5 0 2 0 2
2640 0 0 2 0 2
2650 0 0 2 0 2
2660 0 0 2 0 2
2670 0 0 2 0 2
2680 0 0 2 0 2
2690 0 2 2 0 2
2700 0 2 2 0 2
2710 0 2 2 0 2
2720 2 0 2 0 2
2730 2 0 2 0 2
2740 2 0 2 0 2
2750 2 0 0 0 2
2760 2 0 0 0 2
2770 2 0 0 0 2
2780 2 0 0 5 2
2790 2 0 0 5 2
2800 2 0 0 0 2
2810 2 0 0 0 2
2820 2 0 0 0 2
2830 2 0 0 5 2
2840 2 0 0 5 2
2850 2 0 0 5 2
2860 2 0 0 5 2
2870 2 0 0 5 2
2880 2 0 0 5 2
2890 2 0 0 5 2
2900 0 0 0 5 2
2910 0 0 0 5 2
2920 0 0 0 5 2
2930 0 0 0 5 2
2940 0 0 0 5 2
2950 2 0 0 5 2
2960 2 0 0 5 2
2970 2 0 0 5 2
2980 2 0 0 5 0
2990 2 0 0 5 0
3000 2 0 0 0 0
3010 2 0 0 0 0
3020 0 0 0 0 0
3030 0 2 0 0 0
3040 2 0 0 0 0
3050 2 0 0 0 0
3060 2 0 0 0 0
3070 2 0 0 0 0
3080 2 0 0 0 0
3090 0 2 0 0 0
3100 0 2 0 0 0
3110 0 2 0 0 0
3120 0 0 0 0 0
3130 0 0 0 0 0
3140 0 0 0 0 0
3150 0 0 0 0 0
3160 0 0 0 0 0
3170 0 0 0 0 0
3180 0 0 0 0 0
3190 0 0 0 0 0
3200 0 0 0 0 0
3210 0 0 0 0 0
3220 0 0 0 0 0
3230 0 0 0 0 0
3240 0 0 0 0 0
