0 0 0 0 0 0
10 0 0 0 0 0
20 0 0 0 0 0
30 0 0 0 0 0
40 0 0 0 0 0
50 0 0 0 0 0
60 0 0 0 0 0
70 0 0 0 2 0
80 0 0 0 2 0
90 0 0 2 0 0
100 0 0 2 0 0
110 0 0 2 0 0
120 0 0 2 0 0
130 0 0 2 0 0
140 0 0 2 0 0
150 0 0 2 0 0
160 0 0 2 0 0
170 0 0 2 0 0
180 2 0 2 0 0
190 2 0 0 0 0
200 2 0 0 0 0
210 2 0 0 0 0
220 2 0 0 0 0
230 2 0 0 0 0
240 2 0 0 0 0
250 2 0 0 0 0
260 2 0 0 0 0
270 2 0 0 0 0
280 2 0 0 0 0
290 2 0 0 2 0
300 2 0 2 0 0
310 0 0 2 0 0
320 0 0 2 0 0
330 0 0 2 0 0
340 0 0 2 0 0
350 0 0 2 0 0
360 0 0 2 0 0
370 0 0 2 0 0
380 0 0 2 0 1
390 0 0 2 0 1
400 0 0 2 0 1
410 0 0 2 0 1
420 0 0 2 0 2
430 0 0 2 0 2
440 0 0 2 0 2
450 0 0 2 0 2
460 0 0 2 0 2
470 0 0 2 0 2
480 0 0 2 0 2
490 0 0 2 0 2
500 2 0 2 0 2
510 2 0 2 0 2
520 2 0 2 0 2
530 2 0 0 2 2
540 2 0 0 0 2
550 2 0 0 0 0
560 2 0 0 0 0
570 2 0 0 0 0
580 2 0 0 0 0
590 2 0 0 0 0
600 2 0 0 0 0
610 2 0 0 0 0
620 2 0 0 0 0
630 2 0 0 2 0
640 2 0 0 2 0
650 2 0 0 2 0
660 2 0 2 0 0
670 0 0 2 0 0
680 0 0 2 0 0
690 0 0 2 0 0
700 0 0 2 0 0
710 0 0 2 0 0
720 0 2 2 0 0
730 2 0 2 0 0
740 2 0 0 0 0
750 2 0 0 0 0
760 2 0 0 0 0
770 2 0 0 0 0
780 2 0 2 0 0
790 0 0 2 0 0
800 0 0 2 0 0
810 0 0 2 0 0
820 0 0 2 0 0
830 0 0 2 0 0
840 0 0 2 0 0
850 0 5 2 0 0
860 5 0 2 0 0
870 5 0 2 0 1
880 5 0 2 0 1
890 5 0 2 0 1
900 5 0 2 0 0
910 5 0 2 0 0
920 5 0 2 0 0
930 5 0 2 0 1
940 5 0 2 0 2
950 5 0 2 0 2
960 0 0 2 0 2
970 0 0 2 0 2
980 0 0 2 0 2
990 0 0 2 0 2
1000 0 0 2 0 2
1010 0 0 2 0 2
1020 0 0 2 0 2
1030 0 2 2 0 2
1040 2 0 2 0 2
1050 2 0 0 0 2
1060 2 0 0 0 2
1070 2 0 0 0 2
1080 2 0 0 0 2
1090 2 0 0 0 2
1100 2 0 0 5 2
1110 2 0 0 5 2
1120 2 0 0 5 0
1130 2 0 0 5 0
1140 2 0 0 0 0
1150 2 0 0 0 0
1160 2 0 0 0 0
1170 2 0 0 0 0
1180 2 0 0 2 0
1190 2 0 2 0 0
1200 0 0 2 0 0
1210 0 0 2 0 0
1220 0 0 2 0 0
1230 0 5 2 0 0
1240 0 5 2 0 0
1250 0 5 2 0 1
1260 0 5 2 0 1
1270 0 5 2 0 1
1280 0 5 2 0 1
1290 0 5 2 0 1
1300 0 5 2 0 2
1310 0 5 2 0 2
1320 0 0 2 0 2
1330 0 0 2 0 2
1340 0 0 2 0 2
1350 0 0 2 0 2
1360 0 2 2 0 2
1370 0 2 2 0 2
1380 2 0 2 0 2
1390 2 0 2 0 2
1400 2 0 0 0 2
1410 2 0 0 0 2
1420 2 0 0 0 2
1430 2 0 0 0 0
1440 2 0 0 0 0
1450 2 0 0 0 0
1460 2 0 0 0 0
1470 2 0 0 0 0
1480 2 0 0 0 0
1490 2 0 0 0 0
1500 2 0 2 0 0
1510 0 0 2 0 0
1520 0 0 2 0 0
1530 0 0 2 0 0
1540 0 0 2 0 0
1550 0 5 2 0 0
1560 0 5 2 0 0
1570 0 5 2 0 1
1580 0 5 2 0 1
1590 0 5 2 0 2
1600 0 0 2 0 2
1610 0 0 2 0 2
1620 0 0 2 0 2
1630 0 0 2 0 2
1640 0 0 2 0 2
1650 2 0 2 0 2
1660 2 0 2 0 2
1670 2 0 0 0 2
1680 2 0 0 0 0
1690 2 0 0 0 0
1700 0 0 0 0 0
1710 0 0 0 0 0
1720 0 0 0 0 0
1730 0 0 0 0 0
1740 0 0 0 0 0
1750 0 0 0 0 0
1760 0 0 0 0 0
1770 0 0 0 0 0
1780 0 0 0 0 0
