0 0 0 0 0 0
10 0 0 0 0 0
20 0 0 0 0 0
30 0 0 0 0 0
40 0 0 0 0 0
50 0 0 0 0 0
60 0 0 0 0 0
70 0 0 0 0 0
80 0 0 0 0 0
90 0 0 0 0 0
100 0 0 0 0 0
110 0 0 0 0 0
120 0 0 0 0 0
130 0 0 0 0 0
140 0 0 0 0 0
150 0 0 0 0 0
160 0 0 0 0 0
170 0 0 0 0 0
180 0 0 0 0 0
190 0 0 0 0 0
200 0 0 0 0 0
210 0 0 0 0 0
220 0 0 0 0 0
230 0 0 0 0 0
240 0 0 0 0 0
250 0 0 0 0 0
260 0 0 0 0 0
270 0 0 0 0 0
280 0 0 0 0 0
290 0 0 0 0 0
300 0 0 2 0 0
310 0 0 2 0 0
320 0 0 2 0 0
330 0 0 2 0 0
340 0 0 2 0 0
350 0 0 2 0 0
360 0 0 2 0 0
370 0 0 2 0 0
380 0 0 2 0 0
390 0 0 2 0 0
400 0 0 2 0 0
410 0 0 2 0 0
420 0 2 2 0 0
430 0 2 2 0 0
440 0 2 2 0 0
450 0 0 2 0 0
460 0 0 2 0 0
470 0 0 2 0 0
480 2 0 2 0 0
490 2 0 2 0 0
500 2 0 0 2 0
510 2 0 0 0 0
520 2 0 0 0 0
530 2 0 0 0 0
540 2 0 0 0 0
550 2 0 0 0 0
560 2 0 0 0 0
570 2 0 0 0 0
580 2 0 0 0 0
590 2 0 0 0 0
600 2 0 0 0 0
610 2 0 0 0 0
620 2 0 0 0 0
630 2 0 0 0 0
640 2 0 0 0 0
650 2 0 0 0 0
660 2 0 2 0 0
670 2 0 2 0 0
680 0 2 2 0 0
690 0 2 2 0 0
700 0 0 2 0 0
710 0 0 2 0 0
720 0 0 2 0 0
730 0 0 2 0 0
740 0 0 2 0 0
750 0 0 2 0 0
760 0 0 2 0 0
770 0 0 2 0 0
780 0 0 2 0 0
790 0 0 2 0 0
800 0 0 2 0 0
810 0 0 2 0 0
820 0 0 2 0 0
830 0 0 2 0 1
840 0 0 2 0 1
850 0 0 2 0 1
860 0 0 2 0 1
870 0 0 2 0 2
880 0 0 2 0 2
890 0 0 2 0 2
900 0 0 2 0 2
910 0 0 2 0 2
920 0 0 2 0 2
930 0 0 2 0 2
940 0 0 2 0 2
950 0 0 2 0 2
960 0 0 2 0 2
970 0 0 2 0 2
980 0 0 2 0 2
990 0 0 2 0 2
1000 0 0 2 0 2
1010 0 0 2 0 2
1020 0 0 2 0 2
1030 0 0 2 0 2
1040 0 2 2 0 2
1050 2 0 2 0 2
1060 2 0 0 2 2
1070 2 0 0 0 2
1080 2 0 0 0 2
1090 2 0 0 0 2
1100 2 0 0 0 2
1110 2 0 0 0 2
1120 2 0 0 0 2
1130 2 0 0 0 2
1140 2 0 0 0 2
1150 2 0 0 0 2
1160 2 0 0 0 2
1170 2 0 0 0 2
1180 2 0 0 0 2
1190 2 0 0 5 2
1200 2 0 5 0 2
1210 2 0 5 0 2
1220 2 0 5 0 2
1230 2 0 5 0 2
1240 2 0 5 0 2
1250 2 0 5 0 2
1260 2 0 5 0 2
1270 2 0 5 0 2
1280 2 0 5 0 2
1290 2 0 5 0 2
1300 2 0 5 0 2
1310 2 0 5 0 0
1320 2 0 5 0 0
1330 2 0 5 0 0
1340 2 0 0 0 0
1350 2 0 0 0 0
1360 2 0 0 0 0
1370 2 0 0 0 0
1380 2 0 0 0 0
1390 2 0 0 0 0
1400 2 0 0 0 0
1410 2 0 0 0 0
1420 2 0 0 0 0
1430 2 0 0 0 0
1440 2 0 0 0 0
1450 2 0 0 0 0
1460 2 0 0 0 0
1470 2 0 0 0 0
1480 2 0 0 0 0
1490 2 0 0 2 0
1500 2 0 0 2 0
1510 2 0 0 2 0
1520 2 0 0 2 0
1530 2 0 0 2 0
1540 2 0 0 2 0
1550 2 0 0 2 0
1560 2 0 0 2 0
1570 2 0 2 0 0
1580 2 0 2 0 0
1590 0 0 2 0 0
1600 0 0 2 0 0
1610 0 0 2 0 0
1620 0 0 2 0 0
1630 0 0 2 0 0
1640 0 0 2 0 0
1650 0 0 2 0 0
1660 0 0 2 0 0
1670 0 0 2 0 0
1680 0 0 2 0 0
1690 0 0 2 0 1
1700 0 0 2 0 1
1710 0 0 2 0 1
1720 0 0 2 0 1
1730 0 0 2 0 1
1740 0 0 2 0 1
1750 0 0 2 0 1
1760 0 0 2 0 1
1770 0 0 2 0 1
1780 0 0 2 0 1
1790 0 0 2 0 1
1800 0 0 2 0 1
1810 0 0 2 0 1
1820 0 0 2 0 2
1830 0 0 2 0 2
1840 0 0 2 0 2
1850 0 0 2 0 2
1860 0 0 2 0 2
1870 0 0 2 0 2
1880 0 0 2 0 2
1890 0 0 2 0 2
1900 0 0 2 0 2
1910 0 0 2 0 2
1920 0 0 2 0 2
1930 0 0 2 0 2
1940 0 0 2 0 2
1950 0 2 2 0 2
1960 0 2 2 0 2
1970 0 2 2 0 2
1980 0 2 2 0 2
1990 0 2 2 0 2
2000 0 2 2 0 2
2010 2 0 2 0 2
2020 2 0 2 0 2
2030 2 0 0 2 2
2040 2 0 0 0 2
2050 2 0 0 0 2
2060 2 0 0 0 2
2070 2 0 0 0 2
2080 2 0 0 0 2
2090 2 0 0 0 2
2100 2 0 0 0 2
2110 2 0 0 0 2
2120 2 0 0 0 2
2130 2 0 0 0 2
2140 2 0 0 0 2
2150 2 0 0 0 2
2160 2 0 0 0 2
2170 2 0 0 0 2
2180 2 0 0 0 2
2190 2 0 0 0 2
2200 2 0 0 0 2
2210 2 0 0 0 2
2220 2 0 0 0 2
2230 2 0 0 0 0
2240 2 0 0 0 0
2250 2 0 0 0 0
2260 2 0 0 0 0
2270 2 0 0 0 0
2280 2 0 0 0 0
2290 2 0 0 0 0
2300 2 0 0 0 0
2310 2 0 0 0 0
2320 2 0 0 0 0
2330 2 0 0 0 0
2340 2 0 0 2 0
2350 2 0 0 2 0
2360 2 0 0 2 0
2370 2 0 0 2 0
2380 2 0 0 2 0
2390 2 0 0 2 0
2400 2 0 0 2 0
2410 2 0 0 2 0
2420 2 0 2 0 0
2430 2 0 2 0 0
2440 2 0 2 0 0
2450 0 0 2 0 0
2460 0 0 2 0 0
2470 0 0 2 0 0
2480 0 0 2 0 0
2490 0 0 2 0 0
2500 0 0 2 0 0
2510 0 0 2 0 0
2520 0 0 2 0 0
2530 0 0 2 0 0
2540 0 0 2 0 0
2550 0 0 2 0 0
2560 0 0 2 0 0
2570 0 0 2 0 0
2580 0 0 2 0 0
2590 0 0 2 0 0
2600 0 0 2 0 0
2610 0 0 2 0 0
2620 0 0 2 0 1
2630 0 0 2 0 1
2640 0 0 2 0 1
2650 0 0 2 0 1
2660 0 0 2 0 1
2670 0 0 2 0 2
2680 0 0 2 0 2
2690 0 0 2 0 2
2700 0 0 2 0 2
2710 0 0 2 0 2
2720 0 0 2 0 2
2730 0 0 2 0 2
2740 0 0 2 0 2
2750 0 0 2 0 2
2760 0 0 2 0 2
2770 0 0 2 0 2
2780 0 0 2 0 2
2790 0 0 2 0 2
2800 0 0 2 0 2
2810 0 0 2 0 2
2820 0 0 2 0 2
2830 0 2 2 0 2
2840 0 2 2 0 2
2850 0 2 2 0 2
2860 0 2 2 0 2
2870 2 0 2 0 2
2880 2 0 2 0 2
2890 2 0 2 0 2
2900 2 0 0 2 2
2910 2 0 0 0 2
2920 2 0 0 0 2
2930 2 0 0 0 2
2940 2 0 0 0 2
2950 2 0 0 0 2
2960 2 0 5 0 2
2970 2 0 5 0 2
2980 2 0 5 0 2
2990 2 0 5 0 2
3000 2 0 5 0 2
3010 2 0 5 0 2
3020 2 0 5 0 2
3030 2 0 5 0 2
3040 2 0 5 0 2
3050 2 0 5 0 2
3060 2 0 5 0 2
3070 2 0 5 0 2
3080 2 0 5 0 2
3090 2 0 5 0 2
3100 2 0 5 0 2
3110 2 0 5 0 2
3120 2 0 5 0 2
3130 2 0 5 0 2
3140 2 0 5 0 0
3150 2 0 5 0 0
3160 2 0 5 0 0
3170 2 0 0 0 0
3180 2 0 0 0 0
3190 2 0 0 0 0
3200 2 0 0 0 0
3210 2 0 0 0 0
3220 2 0 0 0 0
3230 2 0 0 0 0
3240 2 0 2 0 0
3250 0 2 2 0 0
3260 0 0 2 0 0
3270 0 0 2 0 0
3280 0 0 2 0 0
3290 0 0 2 0 0
3300 0 0 2 0 0
3310 0 0 2 0 0
3320 0 0 2 0 0
3330 0 0 2 0 0
3340 0 0 2 0 0
3350 0 0 2 0 0
3360 0 0 2 0 0
3370 0 0 2 0 1
3380 0 0 2 0 1
3390 0 0 2 0 1
3400 0 0 2 0 1
3410 0 0 2 0 1
3420 0 0 2 0 1
3430 0 0 2 0 1
3440 0 0 2 0 1
3450 0 0 2 0 1
3460 0 0 2 0 0
3470 0 0 2 0 0
3480 0 0 2 0 0
3490 0 0 2 0 0
3500 0 5 2 0 1
3510 0 0 2 0 1
3520 0 0 2 0 1
3530 0 5 2 0 1
3540 5 0 2 0 1
3550 5 0 2 0 1
3560 5 0 2 0 1
3570 5 0 2 0 1
3580 5 0 2 0 2
3590 5 0 2 0 2
3600 5 0 2 0 2
3610 5 0 2 0 2
3620 5 0 2 0 2
3630 5 0 2 0 2
3640 5 0 2 0 2
3650 5 0 2 0 2
3660 5 0 2 0 2
3670 5 0 2 0 2
3680 0 0 2 0 2
3690 0 0 2 0 2
3700 0 0 2 0 2
3710 0 0 2 0 2
3720 0 2 2 0 2
3730 2 0 2 0 2
3740 2 0 2 0 2
3750 2 0 0 2 2
3760 2 0 0 0 2
3770 2 0 0 0 2
3780 2 0 0 0 2
3790 2 0 0 0 2
3800 2 0 0 0 2
3810 2 0 0 0 2
3820 2 0 0 0 2
3830 2 0 0 0 0
3840 2 0 0 0 0
3850 2 0 0 0 0
3860 2 0 0 0 0
3870 2 0 0 0 0
3880 2 0 0 0 0
3890 2 0 0 0 0
3900 0 0 0 0 0
3910 0 0 0 0 0
3920 0 0 0 0 0
3930 0 0 0 0 0
3940 0 0 0 0 0
3950 0 0 0 0 0
3960 0 0 0 0 0
3970 0 0 0 0 0
3980 0 0 0 0 0
3990 0 0 0 0 0
