0 0 0 0 0 0
10 0 0 0 0 0
20 0 0 0 0 0
30 0 0 0 0 0
40 0 0 0 0 0
50 0 0 0 0 0
60 0 0 0 0 0
70 0 0 0 0 0
80 0 0 0 0 0
90 0 0 0 0 0
100 0 0 0 0 0
110 0 0 0 0 0
120 0 0 0 0 0
130 0 0 0 0 0
140 0 0 0 0 0
150 0 0 0 0 0
160 0 0 0 0 0
170 0 0 0 0 0
180 0 0 0 0 0
190 0 0 0 0 0
200 0 0 0 0 0
210 0 0 0 0 0
220 0 0 0 0 0
230 0 0 0 0 0
240 0 0 0 0 0
250 0 0 0 0 0
260 0 0 0 0 0
270 0 0 0 0 0
280 0 0 0 0 0
290 0 0 0 0 0
300 0 0 0 0 0
310 0 0 0 0 0
320 0 0 0 0 0
330 0 0 0 0 0
340 0 0 0 0 0
350 0 0 0 0 0
360 0 0 0 0 0
370 0 0 0 0 0
380 0 0 2 0 0
390 0 0 2 0 0
400 0 0 2 0 0
410 0 0 2 0 0
420 0 0 2 0 0
430 0 0 2 0 0
440 0 0 2 0 0
450 0 0 2 0 0
460 0 0 2 0 0
470 0 0 2 0 0
480 0 0 2 0 0
490 0 0 2 0 0
500 0 0 2 0 0
510 0 2 2 0 0
520 2 0 2 0 0
530 2 0 2 0 0
540 2 0 0 0 0
550 2 0 0 0 0
560 2 0 0 0 0
570 2 0 0 0 0
580 2 0 0 0 0
590 2 0 0 0 0
600 2 0 0 0 0
610 2 0 2 0 0
620 0 2 2 0 0
630 0 0 2 0 0
640 0 0 2 0 0
650 0 0 2 0 0
660 0 0 2 0 0
670 0 0 2 0 0
680 0 0 2 0 0
690 0 0 2 0 0
700 0 0 2 0 0
710 0 0 2 0 0
720 0 0 2 0 0
730 0 0 2 0 0
740 0 0 2 0 1
750 0 0 2 0 1
760 0 0 2 0 1
770 0 0 2 0 1
780 0 0 2 0 1
790 0 0 2 0 1
800 0 0 2 0 1
810 0 0 2 0 1
820 0 0 2 0 1
830 0 0 2 0 2
840 0 0 2 0 2
850 0 0 2 0 2
860 0 0 2 0 2
870 0 0 2 0 2
880 0 0 2 0 2
890 0 0 2 0 2
900 0 0 2 0 2
910 0 0 2 0 2
920 0 0 2 0 2
930 0 0 2 0 2
940 0 0 2 0 2
950 0 0 2 0 2
960 0 0 2 0 2
970 2 0 2 0 2
980 2 0 2 0 2
990 2 0 0 2 2
1000 2 0 0 0 2
1010 2 0 0 0 2
1020 2 0 0 0 2
1030 2 0 0 0 2
1040 2 0 0 0 2
1050 2 0 0 0 2
1060 2 0 0 0 2
1070 2 0 0 0 2
1080 2 0 0 0 2
1090 2 0 0 0 2
1100 2 0 0 0 2
1110 2 0 0 0 2
1120 2 0 0 0 2
1130 2 0 0 0 2
1140 2 0 0 0 2
1150 2 0 0 0 2
1160 2 0 0 0 2
1170 2 0 0 0 2
1180 2 0 0 0 2
1190 2 0 0 0 2
1200 2 0 0 0 2
1210 2 0 0 5 2
1220 2 0 0 5 2
1230 2 0 0 5 2
1240 2 0 0 5 2
1250 2 0 0 5 2
1260 2 0 0 5 2
1270 2 0 0 0 0
1280 2 0 0 0 0
1290 2 0 0 0 0
1300 2 0 0 0 0
1310 2 0 0 0 0
1320 2 0 0 0 0
1330 2 0 0 0 0
1340 2 0 0 0 0
1350 2 0 0 0 0
1360 2 0 0 0 0
1370 2 0 0 2 0
1380 2 0 2 0 0
1390 0 2 2 0 0
1400 0 0 2 0 0
1410 0 0 2 0 0
1420 0 0 2 0 0
1430 0 0 2 0 0
1440 0 0 2 0 0
1450 0 0 2 0 0
1460 0 0 2 0 0
1470 5 0 2 0 0
1480 5 0 2 0 0
1490 5 0 2 0 0
1500 5 0 2 0 0
1510 5 0 2 0 0
1520 5 0 2 0 0
1530 5 0 2 0 0
1540 5 0 2 0 0
1550 5 0 2 0 1
1560 5 0 2 0 1
1570 5 0 2 0 2
1580 5 0 2 0 2
1590 5 0 2 0 2
1600 0 0 2 0 2
1610 0 0 2 0 2
1620 0 0 2 0 2
1630 0 0 2 0 2
1640 0 0 2 0 2
1650 0 0 2 0 2
1660 0 0 2 0 2
1670 0 0 2 0 2
1680 2 0 2 0 2
1690 2 0 0 0 2
1700 2 0 0 0 2
1710 2 0 0 0 2
1720 2 0 0 0 2
1730 2 0 0 0 2
1740 2 0 0 0 2
1750 2 0 0 0 2
1760 2 0 0 0 2
1770 2 0 0 0 2
1780 2 0 0 0 0
1790 2 0 0 0 0
1800 2 0 0 0 0
1810 2 0 0 0 0
1820 2 0 0 0 0
1830 2 0 0 0 0
1840 2 0 0 0 0
1850 2 0 0 2 0
1860 2 0 0 2 0
1870 2 0 0 2 0
1880 2 0 2 0 0
1890 0 0 2 0 0
1900 0 0 2 0 0
1910 0 0 2 0 0
1920 0 0 2 0 0
1930 0 0 2 0 0
1940 0 5 2 0 0
1950 5 0 2 0 0
1960 5 0 2 0 0
1970 5 0 2 0 0
1980 5 0 2 0 0
1990 5 0 2 0 0
2000 5 0 2 0 0
2010 5 0 2 0 0
2020 5 0 2 0 1
2030 5 0 2 0 1
2040 5 0 2 0 0
2050 5 0 2 0 0
2060 5 0 2 0 1
2070 5 0 2 0 1
2080 5 0 2 0 1
2090 5 0 2 0 1
2100 5 0 2 0 0
2110 5 0 2 0 0
2120 5 0 2 0 1
2130 5 0 2 0 1
2140 5 0 2 0 1
2150 5 0 2 0 1
2160 5 0 2 0 1
2170 5 0 2 0 1
2180 5 0 2 0 2
2190 5 0 2 0 2
2200 5 0 2 0 2
2210 5 0 2 0 2
2220 5 0 2 0 2
2230 5 0 2 0 2
2240 5 0 2 0 2
2250 5 0 2 0 2
2260 5 0 2 0 2
2270 0 5 2 0 2
2280 0 0 2 0 2
2290 0 0 2 0 2
2300 0 0 2 0 2
2310 0 0 2 0 2
2320 0 2 2 0 2
2330 0 2 2 0 2
2340 2 0 2 0 2
2350 2 0 2 0 2
2360 2 0 0 2 2
2370 2 0 0 0 2
2380 2 0 0 0 2
2390 2 0 0 0 2
2400 2 0 0 0 2
2410 2 0 0 0 2
2420 2 0 0 0 2
2430 2 0 0 0 0
2440 2 0 0 0 0
2450 2 0 0 0 0
2460 2 0 0 0 0
2470 2 0 0 0 0
2480 2 0 0 0 0
2490 2 0 2 0 0
2500 2 0 2 0 0
2510 2 0 2 0 0
2520 0 0 2 0 0
2530 0 0 2 0 0
2540 0 0 2 0 0
2550 0 0 2 0 0
2560 0 0 2 0 0
2570 0 0 2 0 0
2580 0 5 2 0 0
2590 5 0 2 0 0
2600 5 0 2 0 0
2610 5 0 2 0 0
2620 5 0 2 0 0
2630 5 0 2 0 0
2640 5 0 2 0 0
2650 5 0 2 0 0
2660 5 0 2 0 0
2670 5 0 2 0 0
2680 5 0 2 0 0
2690 5 0 2 0 0
2700 5 0 2 0 0
2710 5 0 2 0 0
2720 5 0 2 0 0
2730 5 0 2 0 0
2740 5 0 2 0 0
2750 5 0 2 0 0
2760 5 0 2 0 0
2770 5 0 2 0 1
2780 5 0 2 0 1
2790 5 0 2 0 1
2800 5 0 2 0 1
2810 5 0 2 0 1
2820 5 0 2 0 2
2830 5 0 2 0 2
2840 5 0 2 0 2
2850 5 0 2 0 2
2860 5 0 2 0 2
2870 0 0 2 0 2
2880 0 0 2 0 2
2890 0 0 2 0 2
2900 0 0 2 0 2
2910 0 0 2 0 2
2920 0 0 2 0 2
2930 0 0 2 0 2
2940 0 0 2 0 2
2950 0 2 2 0 2
2960 2 0 2 0 2
2970 2 0 0 0 2
2980 2 0 0 0 2
2990 2 0 0 0 2
3000 2 0 0 0 2
3010 2 0 0 0 2
3020 2 0 0 0 2
3030 2 0 0 0 0
3040 2 0 0 0 0
3050 2 0 0 0 0
3060 2 0 0 0 0
3070 2 0 0 0 0
3080 2 0 0 0 0
3090 2 0 0 0 0
3100 0 0 0 0 0
3110 0 0 0 0 0
3120 0 0 0 0 0
3130 0 0 0 0 0
3140 0 0 0 0 0
3150 0 0 0 0 0
3160 0 0 0 0 0
3170 0 0 0 0 0
3180 0 0 0 0 0
3190 0 0 0 0 0
3200 0 0 0 0 0
3210 0 0 0 0 0
3220 0 0 0 0 0
3230 0 0 0 0 0
3240 0 0 0 0 0
3250 0 0 0 0 0
3260 0 0 0 0 0
3270 0 0 0 0 0
3280 0 0 0 0 0
3290 0 0 0 0 0
3300 0 0 0 0 0
3310 0 0 0 0 0
3320 0 0 0 0 0
3330 0 0 0 0 0
