0 0 0 0 2 0
10 0 0 0 2 0
20 0 0 0 2 0
30 0 0 0 2 0
40 0 0 0 2 0
50 0 0 0 2 0
60 0 0 0 0 0
70 0 0 0 0 0
80 0 0 0 0 0
90 0 0 0 0 0
100 0 0 0 2 0
110 0 0 0 2 0
120 0 0 2 0 0
130 0 0 2 0 0
140 0 0 2 0 0
150 0 0 2 0 0
160 0 0 2 0 0
170 0 0 2 0 0
180 0 0 2 0 0
190 0 0 2 0 0
200 0 0 2 0 0
210 0 0 2 0 0
220 0 0 2 0 0
230 0 0 2 0 0
240 0 0 2 0 0
250 2 0 2 0 0
260 2 0 0 2 0
270 2 0 0 0 0
280 2 0 0 0 0
290 2 0 0 0 0
300 2 0 0 0 0
310 2 0 0 0 0
320 2 0 0 0 0
330 2 0 0 0 0
340 2 0 0 0 0
350 2 0 0 2 0
360 2 0 2 0 0
370 0 2 2 0 0
380 0 0 2 0 0
390 0 0 2 0 0
400 0 0 2 0 0
410 0 0 2 0 0
420 0 0 2 0 0
430 0 0 2 0 0
440 0 0 2 0 0
450 0 0 2 0 0
460 0 0 2 0 0
470 0 0 2 0 0
480 0 0 2 0 0
490 0 0 2 0 0
500 0 0 2 0 0
510 0 0 2 0 1
520 0 0 2 0 1
530 0 0 2 0 1
540 0 0 2 0 1
550 0 0 2 0 0
560 0 0 2 0 0
570 0 0 2 0 1
580 0 0 2 0 1
590 0 5 2 0 1
600 5 0 2 0 1
610 5 0 2 0 0
620 5 0 2 0 0
630 5 0 2 0 0
640 5 0 2 0 0
650 5 0 2 0 0
660 5 0 2 0 0
670 5 0 2 0 1
680 5 0 2 0 2
690 5 0 2 0 2
700 0 5 2 0 2
710 0 0 2 0 2
720 0 0 2 0 2
730 0 0 2 0 2
740 0 0 2 0 2
750 0 0 2 0 2
760 0 0 2 0 2
770 0 2 2 0 2
780 0 2 2 0 2
790 2 0 2 0 2
800 2 0 2 0 2
810 2 0 0 2 2
820 2 0 0 0 2
830 0 0 0 0 0
840 0 0 0 0 0
850 0 0 0 0 0
860 0 0 0 0 0
870 0 0 0 0 0
880 0 0 0 0 0
890 0 0 0 0 0
900 0 0 0 0 0
910 0 0 0 0 0
920 0 0 0 0 0
930 0 0 0 0 0
940 0 0 0 0 0
950 0 0 0 0 0
960 0 3 0 0 0
970 0 3 0 0 0
980 0 3 0 0 0
990 0 3 0 0 0
1000 0 3 0 0 0
1010 0 3 0 0 0
1020 0 3 0 0 0
1030 0 3 0 0 0
1040 0 3 0 0 0
1050 0 3 2 0 0
1060 0 3 2 0 0
1070 0 0 2 0 0
1080 0 0 2 0 0
1090 0 0 2 0 0
1100 0 0 2 0 0
1110 0 0 2 0 0
1120 0 0 2 0 0
1130 0 0 2 0 0
1140 0 0 2 0 0
1150 0 0 2 0 0
1160 0 0 2 0 0
1170 0 0 2 0 0
1180 0 0 2 0 0
1190 0 0 2 0 0
1200 2 0 2 0 0
1210 2 0 0 2 0
1220 2 0 0 0 0
1230 2 0 0 0 0
1240 2 0 0 0 0
1250 2 0 0 0 0
1260 2 0 0 0 0
1270 2 0 0 0 0
1280 2 0 0 0 0
1290 2 0 0 0 0
1300 2 0 0 0 0
1310 2 0 0 0 0
1320 2 0 0 0 0
1330 2 0 0 0 0
1340 2 0 2 0 0
1350 0 0 2 0 0
1360 0 0 2 0 0
1370 0 0 2 0 0
1380 0 0 2 0 0
1390 0 0 2 0 0
1400 0 0 2 0 0
1410 0 0 2 0 0
1420 5 0 2 0 0
1430 5 0 2 0 0
1440 5 0 2 0 0
1450 5 0 2 0 0
1460 5 0 2 0 0
1470 5 0 2 0 0
1480 5 0 2 0 0
1490 5 0 2 0 1
1500 5 0 2 0 1
1510 5 0 2 0 2
1520 5 0 2 0 2
1530 5 0 2 0 2
1540 0 0 2 0 2
1550 0 0 2 0 2
1560 0 0 2 0 2
1570 0 0 2 0 0
1580 0 5 2 0 0
1590 0 5 2 0 0
1600 0 5 2 0 0
1610 0 5 2 0 0
1620 5 0 2 0 0
1630 5 0 2 0 0
1640 5 0 2 0 0
1650 5 0 2 0 0
1660 5 0 2 0 0
1670 5 0 2 0 0
1680 5 0 2 0 0
1690 5 0 2 0 0
1700 5 0 2 0 0
1710 5 0 2 0 0
1720 5 0 2 0 1
1730 5 0 2 0 1
1740 5 0 2 0 2
1750 5 0 2 0 2
1760 5 0 2 0 2
1770 5 0 2 0 2
1780 5 0 2 0 2
1790 5 0 2 0 2
1800 5 0 2 0 2
1810 5 0 2 0 2
1820 5 0 2 0 2
1830 5 0 2 0 2
1840 5 0 2 0 2
1850 0 0 2 0 2
1860 0 0 2 0 2
1870 0 0 2 0 2
1880 0 0 2 0 2
1890 0 0 2 0 2
1900 0 0 2 0 2
1910 0 0 2 0 2
1920 0 0 2 0 2
1930 0 0 2 0 2
1940 2 0 2 0 2
1950 2 0 2 0 2
1960 2 0 2 0 2
1970 2 0 2 0 2
1980 0 2 2 0 2
1990 0 2 2 0 2
2000 0 2 2 0 2
2010 0 2 2 0 2
2020 0 2 2 0 2
2030 0 2 2 0 2
2040 0 2 2 0 2
2050 0 2 2 0 2
2060 2 0 2 0 2
2070 2 0 0 2 2
2080 2 0 0 0 2
2090 2 0 0 0 2
2100 2 0 0 0 2
2110 2 0 0 0 0
2120 2 0 0 0 0
2130 2 0 0 0 0
2140 2 0 0 0 0
2150 2 0 0 0 0
2160 2 0 0 0 0
2170 2 0 0 0 0
2180 2 0 0 0 0
2190 2 0 0 2 0
2200 2 0 0 2 0
2210 2 0 2 0 0
2220 0 0 2 0 0
2230 0 0 2 0 0
2240 0 0 2 0 0
2250 0 0 2 0 0
2260 0 0 2 0 1
2270 0 0 2 0 1
2280 0 0 2 0 1
2290 0 0 2 0 1
2300 0 0 2 0 1
2310 0 0 2 0 2
2320 0 0 2 0 2
2330 0 0 2 0 2
2340 0 0 2 0 2
2350 0 0 2 0 2
2360 0 0 2 0 2
2370 0 0 2 0 2
2380 0 0 2 0 2
2390 2 0 2 0 2
2400 2 0 2 0 2
2410 2 0 0 2 2
2420 2 0 0 2 2
2430 2 0 0 0 2
2440 2 0 0 0 2
2450 2 0 0 0 0
2460 2 0 0 0 0
2470 2 0 0 0 0
2480 2 0 0 0 0
2490 2 0 0 0 0
2500 2 0 0 0 0
2510 2 0 0 0 0
2520 2 0 0 2 0
2530 2 0 2 0 0
2540 2 0 2 0 0
2550 0 2 2 0 0
2560 0 0 2 0 0
2570 0 0 2 0 0
2580 0 0 2 0 0
2590 0 0 2 0 0
2600 0 0 2 0 0
2610 0 5 2 0 0
2620 0 5 2 0 0
2630 0 5 2 0 1
2640 0 5 2 0 1
2650 0 5 2 0 1
2660 0 5 2 0 2
2670 0 5 2 0 2
2680 0 5 2 0 2
2690 0 5 2 0 2
2700 0 5 2 0 2
2710 0 5 2 0 2
2720 0 0 2 0 2
2730 0 0 2 0 2
2740 0 0 2 0 2
2750 0 0 2 0 2
2760 0 0 2 0 2
2770 0 0 2 0 2
2780 0 2 2 0 2
2790 0 2 2 0 2
2800 2 0 2 0 2
2810 2 0 0 2 2
2820 2 0 0 0 2
2830 2 0 0 0 2
2840 2 0 0 0 0
2850 2 0 0 0 0
2860 2 0 0 0 0
2870 2 0 0 0 0
2880 2 0 0 0 0
2890 2 0 0 0 0
2900 2 0 0 0 0
2910 2 0 0 0 0
2920 2 0 0 0 0
2930 2 0 0 0 0
2940 2 0 0 0 0
2950 2 0 0 0 0
2960 2 0 0 2 0
2970 2 0 0 2 0
2980 2 0 2 0 0
2990 0 0 2 0 0
3000 0 0 2 0 0
3010 0 0 2 0 0
3020 0 0 2 0 0
3030 0 0 2 0 0
3040 0 0 2 0 0
3050 0 0 2 0 0
3060 0 5 2 0 0
3070 0 5 2 0 0
3080 0 0 2 0 0
3090 0 0 2 0 0
3100 5 0 2 0 0
3110 5 0 2 0 0
3120 5 0 2 0 0
3130 5 0 2 0 0
3140 5 0 2 0 0
3150 5 0 2 0 1
3160 5 0 2 0 1
3170 5 0 2 0 1
3180 5 0 2 0 2
3190 5 0 2 0 2
3200 5 0 2 0 2
3210 5 0 2 0 2
3220 0 5 2 0 2
3230 0 0 2 0 2
3240 0 0 2 0 2
3250 0 0 2 0 2
3260 0 0 2 0 2
3270 0 0 2 0 2
3280 0 0 2 0 2
3290 0 0 2 0 2
3300 0 0 2 0 2
3310 0 0 2 0 2
3320 0 0 2 0 2
3330 0 0 2 0 2
3340 0 0 2 0 2
3350 0 0 2 0 2
3360 0 2 2 0 2
3370 2 0 2 0 2
3380 2 0 2 0 2
3390 2 0 2 0 2
3400 2 0 0 2 2
3410 2 0 0 0 2
3420 2 0 0 0 0
3430 2 0 0 0 0
3440 2 0 0 0 0
3450 2 0 0 0 0
3460 2 0 0 0 0
3470 2 0 0 0 0
3480 0 0 0 0 0
3490 0 0 0 0 0
3500 0 0 0 0 0
3510 0 0 0 0 0
3520 0 0 0 0 0
3530 0 0 0 0 0
3540 0 0 0 0 0
3550 0 0 0 0 0
3560 0 0 0 0 0
3570 0 0 0 0 0
