0 0 0 0 0 0
10 0 0 0 0 0
20 0 0 0 0 0
30 0 0 0 0 0
40 0 0 0 0 0
50 0 0 0 0 0
60 0 0 0 0 0
70 0 0 0 0 0
80 0 0 0 0 0
90 0 0 0 0 0
100 0 0 0 0 0
110 0 0 0 0 0
120 0 0 0 0 0
130 0 0 0 2 0
140 0 0 2 0 0
150 0 0 2 0 0
160 0 0 2 0 0
170 0 0 2 0 0
180 0 0 2 0 0
190 0 0 2 0 0
200 0 0 2 0 0
210 0 0 2 0 0
220 0 0 2 0 0
230 0 0 2 0 0
240 0 0 2 0 0
250 0 0 2 0 0
260 0 2 2 0 0
270 2 0 2 0 0
280 2 0 2 0 0
290 2 0 0 2 0
300 2 0 0 0 0
310 2 0 0 0 0
320 2 0 0 0 0
330 2 0 0 0 0
340 2 0 0 0 0
350 2 0 0 0 0
360 2 0 0 0 0
370 2 0 0 0 0
380 2 0 0 0 0
390 2 0 0 0 0
400 2 0 0 2 0
410 2 0 0 2 0
420 2 0 0 2 0
430 2 0 0 2 0
440 2 0 0 2 0
450 2 0 0 2 0
460 2 0 0 2 0
470 2 0 2 0 0
480 0 0 2 0 0
490 0 0 2 0 0
500 0 0 2 0 0
510 5 0 2 0 0
520 5 0 2 0 0
530 5 0 2 0 0
540 5 0 2 0 0
550 5 0 2 0 0
560 5 0 2 0 0
570 5 0 2 0 0
580 5 0 2 0 0
590 5 0 2 0 0
600 5 0 2 0 1
610 5 0 2 0 2
620 0 5 2 0 2
630 0 0 2 0 2
640 0 0 2 0 2
650 0 0 2 0 2
660 0 0 2 0 2
670 0 0 2 0 2
680 0 2 2 0 2
690 0 2 2 0 2
700 0 2 2 0 2
710 0 2 2 0 2
720 0 2 2 0 2
730 0 2 2 0 2
740 0 2 2 0 2
750 0 2 2 0 2
760 2 0 2 0 2
770 2 0 0 2 2
780 2 0 0 2 2
790 2 0 0 0 2
800 2 0 0 0 2
810 2 0 0 0 2
820 2 0 0 5 2
830 2 0 0 5 2
840 2 0 0 0 2
850 2 0 0 0 2
860 2 0 0 0 2
870 2 0 0 0 2
880 2 0 0 0 2
890 2 0 0 0 2
900 2 0 0 0 2
910 2 0 0 0 2
920 2 0 0 0 2
930 2 0 0 0 2
940 2 0 0 0 2
950 2 0 0 0 0
960 2 0 0 0 0
970 2 0 0 0 0
980 2 0 0 0 0
990 2 0 0 0 0
1000 2 0 0 0 0
1010 2 0 0 0 0
1020 2 0 0 2 0
1030 2 0 2 0 0
1040 0 0 2 0 0
1050 0 0 2 0 0
1060 0 0 2 0 0
1070 0 0 2 0 0
1080 0 0 2 0 0
1090 0 0 2 0 0
1100 0 0 2 0 0
1110 0 0 2 0 0
1120 5 0 2 0 0
1130 5 0 2 0 0
1140 5 0 2 0 0
1150 5 0 2 0 0
1160 5 0 2 0 0
1170 5 0 2 0 1
1180 5 0 2 0 1
1190 5 0 2 0 1
1200 5 0 2 0 1
1210 5 0 2 0 1
1220 5 0 2 0 1
1230 5 0 2 0 2
1240 5 0 2 0 2
1250 5 0 2 0 2
1260 0 5 2 0 2
1270 0 5 2 0 2
1280 0 0 2 0 2
1290 0 0 2 0 2
1300 0 0 2 0 2
1310 0 0 2 0 2
1320 0 0 2 0 2
1330 0 0 2 0 2
1340 0 0 2 0 2
1350 0 0 2 0 2
1360 0 0 2 0 2
1370 0 0 2 0 2
1380 0 0 2 0 2
1390 0 0 2 0 2
1400 0 0 2 0 2
1410 0 0 2 0 2
1420 0 0 2 0 2
1430 2 0 2 0 2
1440 2 0 2 0 2
1450 2 0 0 0 2
1460 2 0 0 0 2
1470 2 0 0 0 2
1480 2 0 0 0 0
1490 2 0 0 0 0
1500 2 0 0 0 0
1510 2 0 0 0 0
1520 2 0 0 0 0
1530 2 0 0 0 0
1540 2 0 0 0 0
1550 2 0 0 0 0
1560 2 0 0 0 0
1570 2 0 0 0 0
1580 2 0 0 0 0
1590 2 0 0 0 0
1600 2 0 0 0 0
1610 2 0 0 2 0
1620 2 0 0 2 0
1630 2 0 2 0 0
1640 0 0 2 0 0
1650 0 0 2 0 0
1660 0 0 2 0 0
1670 0 0 2 0 0
1680 0 0 2 0 0
1690 0 0 2 0 0
1700 0 5 2 0 0
1710 0 5 2 0 0
1720 0 5 2 0 0
1730 5 0 2 0 1
1740 5 0 2 0 1
1750 5 0 2 0 1
1760 5 0 2 0 1
1770 5 0 2 0 1
1780 5 0 2 0 1
1790 5 0 2 0 1
1800 5 0 2 0 0
1810 5 0 2 0 0
1820 5 0 2 0 0
1830 5 0 2 0 0
1840 5 0 2 0 0
1850 5 0 2 0 1
1860 5 0 2 0 1
1870 5 0 2 0 2
1880 0 5 2 0 2
1890 0 0 2 0 2
1900 0 0 2 0 2
1910 0 0 2 0 2
1920 0 0 2 0 2
1930 0 2 2 0 2
1940 2 0 2 0 2
1950 2 0 0 2 2
1960 2 0 0 0 2
1970 2 0 0 0 2
1980 2 0 0 0 2
1990 2 0 0 0 2
2000 2 0 0 0 0
2010 2 0 0 0 0
2020 2 0 0 0 0
2030 2 0 0 0 0
2040 2 0 0 0 0
2050 2 0 0 2 0
2060 2 0 2 0 0
2070 0 0 2 0 0
2080 0 0 2 0 0
2090 0 0 2 0 0
2100 0 0 2 0 0
2110 0 0 2 0 0
2120 0 0 2 0 0
2130 0 0 2 0 0
2140 0 0 2 0 1
2150 0 0 2 0 1
2160 0 0 2 0 1
2170 0 0 2 0 1
2180 0 0 2 0 1
2190 0 0 2 0 1
2200 0 0 2 0 1
2210 0 0 2 0 1
2220 0 0 2 0 1
2230 0 0 2 0 1
2240 0 0 2 0 1
2250 0 0 2 0 0
2260 0 0 2 0 0
2270 0 0 2 0 0
2280 0 0 2 0 0
2290 0 0 2 0 0
2300 0 0 2 0 0
2310 0 0 2 0 1
2320 0 0 2 0 1
2330 0 0 2 0 1
2340 0 0 2 0 0
2350 0 0 2 0 0
2360 5 0 2 0 0
2370 5 0 2 0 0
2380 5 0 2 0 0
2390 5 0 2 0 0
2400 5 0 2 0 0
2410 5 0 2 0 0
2420 5 0 2 0 1
2430 5 0 2 0 1
2440 5 0 2 0 1
2450 5 0 2 0 1
2460 5 0 2 0 1
2470 5 0 2 0 1
2480 5 0 2 0 1
2490 5 0 2 0 1
2500 5 0 2 0 1
2510 5 0 2 0 1
2520 5 0 2 0 1
2530 5 0 2 0 1
2540 5 0 2 0 1
2550 5 0 2 0 0
2560 0 0 2 0 0
2570 0 0 2 0 0
2580 0 0 2 0 0
2590 0 0 2 0 0
2600 0 0 2 0 0
2610 0 0 2 0 0
2620 0 0 2 0 0
2630 0 0 2 0 0
2640 2 0 2 0 0
2650 2 0 0 2 0
2660 2 0 0 0 0
2670 2 0 0 0 0
2680 2 0 0 0 0
2690 2 0 0 0 0
2700 2 0 0 0 0
2710 2 0 0 0 0
2720 2 0 0 0 0
2730 2 0 0 2 0
2740 2 0 2 0 0
2750 0 0 2 0 0
2760 0 0 2 0 0
2770 0 0 2 0 0
2780 0 0 2 0 0
2790 0 0 2 0 0
2800 0 0 2 0 0
2810 0 0 2 0 0
2820 0 0 2 0 0
2830 0 0 2 0 0
2840 0 5 2 0 0
2850 5 0 2 0 0
2860 5 0 2 0 0
2870 5 0 2 0 0
2880 5 0 2 0 0
2890 5 0 2 0 0
2900 5 0 2 0 0
2910 5 0 2 0 0
2920 5 0 2 0 0
2930 5 0 2 0 0
2940 5 0 2 0 0
2950 5 0 2 0 0
2960 5 0 2 0 0
2970 5 0 2 0 0
2980 5 0 2 0 0
2990 5 0 2 0 1
3000 5 0 2 0 1
3010 5 0 2 0 1
3020 5 0 2 0 1
3030 5 0 2 0 1
3040 5 0 2 0 1
3050 5 0 2 0 1
3060 5 0 2 0 1
3070 5 0 2 0 1
3080 5 0 2 0 0
3090 5 0 2 0 0
3100 5 0 2 0 0
3110 5 0 2 0 0
3120 5 0 2 0 0
3130 5 0 2 0 0
3140 5 0 2 0 0
3150 5 0 2 0 0
3160 5 0 2 0 0
3170 5 0 2 0 0
3180 5 0 2 0 0
3190 5 0 2 0 0
3200 5 0 2 0 0
3210 5 0 2 0 0
3220 5 0 2 0 0
3230 5 0 2 0 1
3240 5 0 2 0 1
3250 5 0 2 0 1
3260 5 0 2 0 1
3270 5 0 2 0 1
3280 5 0 2 0 1
3290 5 0 2 0 1
3300 5 0 2 0 2
3310 5 0 2 0 2
3320 5 0 2 0 2
3330 5 0 2 0 2
3340 5 0 2 0 2
3350 5 0 2 0 2
3360 5 0 2 0 2
3370 0 0 2 0 2
3380 0 0 2 0 2
3390 0 0 2 0 2
3400 0 0 2 0 2
3410 0 0 2 0 2
3420 0 0 2 0 2
3430 0 0 2 0 2
3440 0 2 2 0 2
3450 2 0 2 0 2
3460 2 0 0 0 2
3470 2 0 0 0 2
3480 2 0 0 0 0
3490 2 0 0 0 0
3500 2 0 0 0 0
3510 2 0 0 0 0
3520 2 0 0 0 0
3530 0 2 0 0 0
3540 0 2 0 0 0
3550 0 0 0 0 0
3560 0 0 0 0 0
3570 0 0 0 0 0
3580 0 0 0 0 0
3590 0 0 0 0 0
3600 0 0 0 0 0
3610 0 0 0 0 0
3620 0 0 0 0 0
