0 0 0 0 0 0
10 0 0 0 0 0
20 0 0 0 0 0
30 0 0 0 0 0
40 0 0 0 0 0
50 0 0 0 0 0
60 0 0 0 0 0
70 0 0 0 0 0
80 0 0 0 2 0
90 0 0 0 2 0
100 0 0 0 2 0
110 0 0 0 2 0
120 0 0 2 0 0
130 0 0 2 0 0
140 0 0 2 0 0
150 0 0 2 0 0
160 0 0 2 0 0
170 0 0 2 0 0
180 0 0 2 0 0
190 0 0 2 0 0
200 0 0 2 0 0
210 0 0 2 0 0
220 0 0 2 0 0
230 0 0 2 0 0
240 0 0 2 0 0
250 0 0 2 0 0
260 0 0 2 0 0
270 0 0 2 0 0
280 0 0 2 0 0
290 0 0 2 0 0
300 0 0 2 0 0
310 0 0 2 0 0
320 0 0 2 0 0
330 0 0 2 0 0
340 0 2 2 0 0
350 0 2 2 0 0
360 0 2 2 0 0
370 0 2 2 0 0
380 0 0 2 0 0
390 0 0 2 0 0
400 0 0 2 0 0
410 0 0 2 0 0
420 0 0 2 0 0
430 0 0 2 0 0
440 0 0 2 0 0
450 0 0 2 0 0
460 0 0 2 0 0
470 0 2 2 0 0
480 0 2 2 0 0
490 0 0 2 0 0
500 0 0 2 0 0
510 0 0 2 0 0
520 0 0 2 0 0
530 0 5 2 0 0
540 0 5 2 0 0
550 0 5 2 0 0
560 0 5 2 0 0
570 0 5 2 0 0
580 0 5 2 0 0
590 0 5 2 0 0
600 0 5 2 0 0
610 0 5 2 0 0
620 0 5 2 0 0
630 0 5 2 0 0
640 0 5 2 0 0
650 0 5 2 0 0
660 0 5 2 0 0
670 0 5 2 0 0
680 0 5 2 0 0
690 0 0 2 0 0
700 0 0 2 0 0
710 0 0 2 0 0
720 0 0 2 0 0
730 0 0 2 0 0
740 0 0 2 0 1
750 0 0 2 0 1
760 0 0 2 0 1
770 0 5 2 0 1
780 0 5 2 0 1
790 5 0 2 0 1
800 5 0 2 0 1
810 5 0 2 0 1
820 5 0 2 0 1
830 5 0 2 0 0
840 5 0 2 0 1
850 5 0 2 0 1
860 5 0 2 0 1
870 5 0 2 0 1
880 5 0 2 0 1
890 5 0 2 0 1
900 5 0 2 0 2
910 5 0 2 0 2
920 5 0 2 0 2
930 0 5 2 0 2
940 0 0 2 0 2
950 0 0 2 0 2
960 0 0 2 0 2
970 0 0 2 0 2
980 0 2 2 0 2
990 2 0 2 0 2
1000 2 0 0 0 2
1010 2 0 0 0 2
1020 2 0 0 0 2
1030 2 0 0 0 2
1040 2 0 0 0 2
1050 2 0 0 0 2
1060 2 0 0 5 2
1070 2 0 0 5 2
1080 2 0 0 5 2
1090 2 0 0 5 0
1100 2 0 0 5 0
1110 2 0 0 0 0
1120 2 0 0 0 0
1130 2 0 0 0 0
1140 2 0 0 0 0
1150 2 0 0 0 0
1160 2 0 0 0 0
1170 2 0 0 2 0
1180 2 0 2 0 0
1190 2 0 2 0 0
1200 0 0 2 0 0
1210 0 0 2 0 0
1220 0 0 2 0 0
1230 0 0 2 0 0
1240 0 0 2 0 0
1250 0 0 2 0 0
1260 0 0 2 0 0
1270 0 0 2 0 0
1280 0 0 2 0 0
1290 0 2 2 0 0
1300 0 2 2 0 0
1310 0 2 2 0 0
1320 0 0 2 0 0
1330 0 0 2 0 0
1340 0 0 2 0 0
1350 0 0 2 0 0
1360 0 5 2 0 0
1370 0 5 2 0 0
1380 5 0 2 0 0
1390 5 0 2 0 0
1400 5 0 2 0 0
1410 5 0 2 0 1
1420 5 0 2 0 1
1430 5 0 2 0 1
1440 5 0 2 0 1
1450 5 0 2 0 1
1460 5 0 2 0 1
1470 5 0 2 0 1
1480 5 0 2 0 1
1490 5 0 2 0 1
1500 5 0 2 0 1
1510 5 0 2 0 1
1520 5 0 2 0 1
1530 5 0 2 0 1
1540 5 0 2 0 1
1550 5 0 2 0 1
1560 5 0 2 0 1
1570 5 0 2 0 1
1580 5 0 2 0 1
1590 5 0 2 0 2
1600 5 0 2 0 2
1610 0 5 2 0 2
1620 0 0 2 0 2
1630 0 0 2 0 2
1640 0 0 2 0 2
1650 0 2 2 0 2
1660 0 2 2 0 2
1670 2 0 2 0 2
1680 2 0 2 0 2
1690 2 0 2 0 2
1700 2 0 0 0 2
1710 2 0 0 0 0
1720 2 0 0 0 0
1730 2 0 0 0 0
1740 2 0 0 0 0
1750 2 0 0 2 0
1760 2 0 2 0 0
1770 2 0 2 0 0
1780 2 0 2 0 0
1790 2 0 2 0 0
1800 0 0 2 0 0
1810 0 0 2 0 0
1820 0 0 2 0 0
1830 0 5 2 0 0
1840 5 0 2 0 0
1850 0 5 2 0 0
1860 0 5 2 0 0
1870 5 0 2 0 0
1880 5 0 2 0 0
1890 5 0 2 0 0
1900 5 0 2 0 0
1910 5 0 2 0 0
1920 5 0 2 0 0
1930 5 0 2 0 0
1940 5 0 2 0 1
1950 5 0 2 0 1
1960 5 0 2 0 1
1970 5 0 2 0 1
1980 5 0 2 0 1
1990 5 0 2 0 1
2000 5 0 2 0 1
2010 5 0 2 0 1
2020 5 0 2 0 1
2030 5 0 2 0 1
2040 5 0 2 0 1
2050 5 0 2 0 1
2060 5 0 2 0 2
2070 5 0 2 0 2
2080 0 5 2 0 2
2090 0 0 2 0 2
2100 0 0 2 0 2
2110 0 0 2 0 2
2120 0 0 2 0 2
2130 0 0 2 0 2
2140 0 2 2 0 2
2150 2 0 2 0 2
2160 2 0 0 2 2
2170 2 0 0 0 2
2180 2 0 0 0 2
2190 2 0 0 0 2
2200 2 0 0 0 2
2210 2 0 0 5 2
2220 2 0 0 5 0
2230 2 0 0 5 0
2240 2 0 0 0 0
2250 2 0 0 0 0
2260 2 0 0 0 0
2270 2 0 0 0 0
2280 2 0 0 0 0
2290 2 0 0 2 0
2300 2 0 2 0 0
2310 2 0 2 0 0
2320 0 0 2 0 0
2330 0 0 2 0 0
2340 0 0 2 0 0
2350 0 0 2 0 0
2360 0 0 2 0 0
2370 0 0 2 0 0
2380 0 0 2 0 0
2390 0 0 2 0 0
2400 0 0 2 0 0
2410 2 0 2 0 0
2420 2 0 2 0 0
2430 2 0 0 2 0
2440 2 0 0 2 0
2450 2 0 0 2 0
2460 2 0 0 2 0
2470 2 0 0 2 0
2480 2 0 2 0 0
2490 0 2 2 0 0
2500 0 0 2 0 0
2510 0 0 2 0 0
2520 0 0 2 0 0
2530 0 0 2 0 0
2540 0 0 2 0 0
2550 0 0 2 0 0
2560 0 0 2 0 0
2570 0 0 2 0 0
2580 0 0 2 0 0
2590 0 0 2 0 0
2600 5 0 2 0 0
2610 5 0 2 0 0
2620 5 0 2 0 0
2630 5 0 2 0 0
2640 5 0 2 0 1
2650 5 0 2 0 1
2660 5 0 2 0 1
2670 5 0 2 0 1
2680 5 0 2 0 1
2690 5 0 2 0 1
2700 5 0 2 0 1
2710 5 0 2 0 1
2720 5 0 2 0 1
2730 5 0 2 0 1
2740 5 0 2 0 1
2750 5 0 2 0 1
2760 5 0 2 0 1
2770 5 0 2 0 1
2780 5 0 2 0 1
2790 5 0 2 0 1
2800 5 0 2 0 1
2810 5 0 2 0 1
2820 5 0 2 0 1
2830 5 0 2 0 1
2840 5 0 2 0 1
2850 5 0 2 0 1
2860 5 0 2 0 1
2870 5 0 2 0 1
2880 5 0 2 0 1
2890 5 0 2 0 1
2900 5 0 2 0 1
2910 5 0 2 0 1
2920 5 0 2 0 1
2930 5 0 2 0 1
2940 5 0 2 0 1
2950 5 0 2 0 1
2960 5 0 2 0 1
2970 5 0 2 0 1
2980 5 0 2 0 1
2990 5 0 2 0 1
3000 5 0 2 0 1
3010 5 0 2 0 1
3020 5 0 2 0 1
3030 5 0 2 0 1
3040 5 0 2 0 1
3050 5 0 2 0 1
3060 0 0 2 0 0
3070 0 0 2 0 0
3080 0 0 2 0 0
3090 0 0 2 0 0
3100 0 0 2 0 0
3110 0 0 2 0 0
3120 0 0 2 0 0
3130 0 0 2 0 0
3140 0 0 2 0 0
3150 0 0 2 0 0
3160 0 0 2 0 0
3170 0 0 2 0 0
3180 0 0 2 0 0
3190 0 0 2 0 0
3200 0 0 2 0 0
3210 0 0 2 0 0
3220 0 0 2 0 0
3230 0 2 2 0 0
3240 2 0 2 0 0
3250 2 0 2 0 0
3260 2 0 2 0 0
3270 2 0 2 0 0
3280 2 0 2 0 0
3290 2 0 2 0 0
3300 2 0 2 0 0
3310 0 0 2 0 0
3320 0 0 2 0 0
3330 0 0 2 0 0
3340 0 0 2 0 0
3350 0 0 2 0 1
3360 0 0 2 0 0
3370 0 0 2 0 0
3380 0 0 2 0 0
3390 0 0 2 0 0
3400 0 0 2 0 0
3410 0 0 2 0 1
3420 0 0 2 0 1
3430 0 0 2 0 1
3440 0 0 2 0 1
3450 0 0 2 0 1
3460 0 0 2 0 1
3470 0 0 2 0 1
3480 0 0 2 0 1
3490 0 0 2 0 1
3500 0 0 2 0 1
3510 0 0 2 0 1
3520 0 2 2 0 1
3530 0 2 2 0 1
3540 0 2 2 0 1
3550 0 2 2 0 1
3560 0 2 2 0 1
3570 0 2 2 0 1
3580 0 2 2 0 1
3590 0 2 2 0 1
3600 0 2 2 0 1
3610 0 2 2 0 1
3620 2 0 2 0 1
3630 2 0 2 0 1
3640 2 0 0 2 1
3650 2 0 0 2 1
3660 2 0 0 2 1
3670 2 0 0 2 0
3680 2 0 0 2 0
3690 2 0 0 2 0
3700 2 0 0 2 0
3710 2 0 0 2 0
3720 2 0 0 2 0
3730 2 0 0 2 0
3740 2 0 2 0 0
3750 2 0 2 0 0
3760 0 0 2 0 0
3770 0 0 2 0 0
3780 0 0 2 0 0
3790 0 0 2 0 0
3800 0 0 2 0 0
3810 0 0 2 0 0
3820 0 0 2 0 1
3830 0 0 2 0 1
3840 0 0 2 0 1
3850 0 0 2 0 1
3860 0 0 2 0 1
3870 0 0 2 0 1
3880 0 0 2 0 1
3890 0 0 2 0 1
3900 0 0 2 0 1
3910 0 0 2 0 1
3920 0 0 2 0 0
3930 0 0 2 0 0
3940 0 0 2 0 0
3950 0 0 2 0 0
3960 0 0 2 0 0
3970 0 0 2 0 0
3980 0 0 2 0 0
3990 0 0 2 0 0
4000 0 0 2 0 0
4010 0 0 2 0 0
4020 0 0 2 0 0
4030 2 0 2 0 0
4040 2 0 2 0 0
4050 2 0 2 0 0
4060 0 0 2 0 0
4070 0 0 2 0 0
4080 0 0 2 0 0
4090 0 0 2 0 0
4100 0 0 2 0 1
4110 0 5 2 0 1
4120 5 0 2 0 1
4130 5 0 2 0 1
4140 5 0 2 0 1
4150 5 0 2 0 1
4160 5 0 2 0 1
4170 5 0 2 0 1
4180 5 0 2 0 2
4190 5 0 2 0 2
4200 5 0 2 0 2
4210 5 0 2 0 2
4220 5 0 2 0 2
4230 5 0 2 0 2
4240 5 0 2 0 2
4250 0 0 2 0 2
4260 0 0 2 0 2
4270 0 0 2 0 2
4280 0 0 2 0 2
4290 0 0 2 0 2
4300 0 0 2 0 2
4310 0 0 2 0 2
4320 0 2 2 0 2
4330 2 0 2 0 2
4340 2 0 0 2 2
4350 2 0 0 2 2
4360 2 0 0 2 2
4370 2 0 0 0 2
4380 2 0 0 5 2
4390 2 0 0 5 2
4400 2 0 0 5 2
4410 2 0 0 5 0
4420 2 0 0 5 0
4430 2 0 0 5 0
4440 2 0 0 5 0
4450 0 2 0 5 0
4460 0 2 0 0 0
4470 0 2 0 0 0
4480 2 0 0 0 0
4490 2 0 0 0 0
4500 2 0 0 0 0
4510 2 0 0 0 0
4520 2 0 0 0 0
4530 2 0 0 0 0
4540 0 2 0 0 0
4550 0 2 0 0 0
4560 0 2 0 0 0
4570 0 2 0 0 0
4580 0 2 0 0 0
4590 0 2 0 0 0
4600 0 2 0 0 0
4610 0 2 0 0 0
4620 0 2 0 0 0
4630 0 2 0 0 0
4640 0 0 0 0 0
4650 0 0 0 0 0
