0 0 0 0 0 0
10 0 0 0 0 0
20 0 0 0 0 0
30 0 0 0 0 0
40 0 0 0 0 0
50 0 0 0 0 0
60 0 0 0 0 0
70 0 0 0 0 0
80 0 0 0 0 0
90 0 0 0 0 0
100 0 0 0 0 0
110 0 0 0 0 0
120 0 0 0 0 0
130 0 0 0 0 0
140 0 0 0 0 0
150 0 0 0 0 0
160 0 0 0 0 0
170 0 0 0 0 0
180 0 0 0 0 0
190 0 0 0 0 0
200 0 0 0 0 0
210 0 0 0 0 0
220 0 0 0 0 0
230 0 0 0 0 0
240 0 0 0 0 0
250 0 0 0 0 0
260 0 0 0 0 0
270 0 0 0 0 0
280 0 0 0 0 0
290 0 0 0 0 0
300 0 0 0 0 0
310 0 0 0 0 0
320 0 0 0 0 0
330 0 0 0 0 0
340 0 0 0 0 0
350 0 0 0 0 0
360 0 0 0 0 0
370 0 0 0 0 0
380 0 0 0 0 0
390 0 0 0 0 0
400 0 0 0 0 0
410 0 0 2 0 0
420 0 0 2 0 0
430 0 0 2 0 0
440 0 0 2 0 0
450 0 0 2 0 0
460 0 0 2 0 0
470 0 0 2 0 0
480 0 0 2 0 0
490 0 0 2 0 1
500 0 0 2 0 2
510 0 0 2 0 2
520 0 0 2 0 2
530 0 0 2 0 2
540 0 0 2 0 2
550 0 0 2 0 2
560 0 0 2 0 2
570 0 0 2 0 2
580 0 0 2 0 2
590 0 0 2 0 2
600 0 0 2 0 2
610 0 2 2 0 2
620 2 0 2 0 2
630 2 0 2 0 2
640 2 0 2 0 2
650 2 0 0 2 2
660 2 0 0 0 2
670 2 0 0 0 2
680 2 0 0 0 2
690 2 0 0 0 2
700 2 0 0 0 2
710 2 0 0 0 2
720 2 0 0 0 2
730 2 0 0 0 2
740 2 0 0 0 2
750 2 0 0 0 2
760 2 0 0 0 2
770 2 0 0 0 2
780 2 0 0 0 2
790 2 0 0 0 2
800 2 0 0 0 2
810 2 0 0 5 2
820 2 0 0 0 2
830 2 0 0 0 2
840 2 0 0 0 2
850 2 0 0 0 2
860 2 0 0 0 2
870 2 0 0 0 2
880 2 0 0 0 2
890 2 0 0 0 2
900 2 0 0 0 2
910 2 0 0 0 2
920 2 0 0 0 2
930 2 0 0 0 2
940 2 0 0 0 2
950 2 0 0 0 2
960 2 0 0 0 2
970 2 0 0 0 2
980 2 0 0 0 2
990 2 0 0 0 2
1000 2 0 0 0 2
1010 2 0 0 0 2
1020 2 0 0 0 2
1030 2 0 0 0 2
1040 2 0 0 0 2
1050 2 0 0 0 2
1060 2 0 0 0 2
1070 2 0 0 0 0
1080 2 0 0 0 0
1090 2 0 0 0 0
1100 2 0 0 0 0
1110 2 0 0 0 0
1120 2 0 0 0 0
1130 2 0 0 0 0
1140 2 0 0 0 0
1150 2 0 0 0 0
1160 2 0 0 0 0
1170 2 0 0 0 0
1180 2 0 0 0 0
1190 2 0 0 0 0
1200 2 0 0 0 0
1210 2 0 0 0 0
1220 2 0 0 0 0
1230 2 0 0 0 0
1240 2 0 0 0 0
1250 2 0 0 0 0
1260 2 0 0 0 0
1270 2 0 0 0 0
1280 2 0 0 2 0
1290 2 0 2 0 0
1300 2 0 2 0 0
1310 0 0 2 0 0
1320 0 0 2 0 0
1330 0 0 2 0 0
1340 0 0 2 0 0
1350 0 0 2 0 0
1360 0 0 2 0 0
1370 0 0 2 0 0
1380 0 0 2 0 0
1390 0 0 2 0 1
1400 0 0 2 0 1
1410 0 0 2 0 1
1420 0 0 2 0 1
1430 0 0 2 0 2
1440 0 0 2 0 2
1450 0 2 2 0 2
1460 0 2 2 0 2
1470 0 0 2 0 2
1480 0 0 2 0 2
1490 0 0 2 0 2
1500 0 2 2 0 2
1510 0 2 2 0 2
1520 2 0 2 0 2
1530 2 0 2 0 2
1540 2 0 2 0 2
1550 2 0 0 2 2
1560 2 0 0 2 2
1570 2 0 0 2 2
1580 2 0 0 0 2
1590 2 0 0 0 2
1600 2 0 0 0 2
1610 2 0 0 0 2
1620 2 0 0 0 2
1630 2 0 0 0 2
1640 2 0 0 0 2
1650 2 0 0 0 0
1660 2 0 0 0 0
1670 2 0 0 0 0
1680 2 0 0 0 0
1690 2 0 0 0 0
1700 2 0 0 0 0
1710 2 0 0 0 0
1720 2 0 0 0 0
1730 2 0 0 0 0
1740 2 0 0 0 0
1750 2 0 0 0 0
1760 2 0 0 0 0
1770 2 0 0 0 0
1780 2 0 0 2 0
1790 2 0 2 0 0
1800 2 0 2 0 0
1810 2 0 2 0 0
1820 0 0 2 0 0
1830 0 0 2 0 0
1840 0 0 2 0 0
1850 0 0 2 0 0
1860 0 0 2 0 0
1870 0 0 2 0 1
1880 0 0 2 0 1
1890 0 0 2 0 1
1900 0 0 2 0 1
1910 0 0 2 0 1
1920 0 0 2 0 1
1930 0 0 2 0 0
1940 0 0 2 0 0
1950 0 0 2 0 0
1960 0 0 2 0 1
1970 0 0 2 0 1
1980 0 0 2 0 1
1990 0 0 2 0 2
2000 0 0 2 0 2
2010 0 0 2 0 2
2020 0 0 2 0 2
2030 0 0 2 0 2
2040 0 0 2 0 2
2050 0 0 2 0 2
2060 0 0 2 0 2
2070 0 0 2 0 2
2080 0 0 2 0 2
2090 0 0 2 0 2
2100 0 0 2 0 2
2110 0 0 2 0 2
2120 0 0 2 0 2
2130 0 0 2 0 2
2140 0 2 2 0 2
2150 0 2 2 0 2
2160 0 2 2 0 2
2170 0 2 2 0 2
2180 0 2 2 0 2
2190 0 2 2 0 2
2200 0 2 2 0 2
2210 0 0 2 0 2
2220 0 0 2 0 2
2230 0 0 2 0 2
2240 0 0 2 0 2
2250 0 2 2 0 2
2260 0 2 2 0 2
2270 0 2 2 0 2
2280 0 2 2 0 2
2290 0 0 2 0 2
2300 0 0 2 0 2
2310 0 0 2 0 2
2320 0 2 2 0 2
2330 0 2 2 0 2
2340 0 0 2 0 2
2350 0 0 2 0 2
2360 0 0 2 0 2
2370 0 2 2 0 2
2380 2 0 2 0 2
2390 2 0 0 2 2
2400 2 0 0 2 2
2410 2 0 0 0 2
2420 2 0 0 0 2
2430 2 0 0 0 0
2440 2 0 0 0 0
2450 2 0 0 0 0
2460 2 0 0 0 0
2470 2 0 0 0 0
2480 2 0 0 0 0
2490 2 0 0 0 0
2500 2 0 0 0 0
2510 2 0 0 0 0
2520 2 0 0 2 0
2530 2 0 0 2 0
2540 2 0 0 2 0
2550 2 0 0 2 0
2560 2 0 2 0 0
2570 2 0 2 0 0
2580 2 0 2 0 0
2590 0 2 2 0 0
2600 0 0 2 0 0
2610 0 0 2 0 0
2620 0 0 2 0 0
2630 0 0 2 0 0
2640 0 0 2 0 0
2650 0 0 2 0 0
2660 0 0 2 0 0
2670 0 0 2 0 1
2680 0 0 2 0 1
2690 0 0 2 0 2
2700 0 0 2 0 2
2710 0 0 2 0 2
2720 0 0 2 0 2
2730 0 0 2 0 2
2740 0 0 2 0 2
2750 0 0 2 0 2
2760 0 0 2 0 2
2770 0 0 2 0 2
2780 0 0 2 0 2
2790 0 0 2 0 2
2800 2 0 2 0 2
2810 2 0 2 0 2
2820 2 0 2 0 2
2830 2 0 0 2 2
2840 2 0 0 0 2
2850 2 0 0 0 2
2860 2 0 0 0 2
2870 2 0 0 0 2
2880 2 0 0 0 2
2890 2 0 0 0 0
2900 2 0 0 0 0
2910 2 0 0 0 0
2920 2 0 0 0 0
2930 2 0 0 0 0
2940 2 0 0 0 0
2950 2 0 0 0 0
2960 2 0 0 0 0
2970 2 0 0 0 0
2980 2 0 0 0 0
2990 2 0 0 0 0
3000 2 0 0 0 0
3010 2 0 0 0 0
3020 2 0 0 0 0
3030 0 0 0 0 0
3040 0 0 0 0 0
3050 0 0 0 0 0
3060 0 0 0 0 0
3070 0 0 0 0 0
3080 0 0 0 0 0
3090 0 0 0 0 0
3100 0 0 0 0 0
3110 0 0 0 0 0
3120 0 0 0 0 0
3130 0 0 0 0 0
3140 0 0 0 0 0
3150 0 0 0 0 0
3160 0 0 0 0 0
3170 0 0 0 0 0
3180 0 0 0 0 0
