0 0 0 0 0 0
10 0 0 0 0 0
20 0 0 0 0 0
30 0 0 0 0 0
40 0 0 0 0 0
50 0 0 0 0 0
60 0 0 0 0 0
70 0 0 0 0 0
80 0 0 0 0 0
90 0 0 0 0 0
100 0 0 0 0 0
110 0 0 0 0 0
120 0 0 0 0 0
130 0 0 0 0 0
140 0 0 0 0 0
150 0 0 0 0 0
160 0 0 0 0 0
170 0 0 0 0 0
180 0 0 0 0 0
190 0 0 0 0 0
200 0 0 0 0 0
210 0 0 0 0 0
220 0 0 0 0 0
230 0 0 0 0 0
240 0 0 0 0 0
250 0 0 0 0 0
260 0 0 0 0 0
270 0 0 0 0 0
280 0 0 0 0 0
290 0 0 0 0 0
300 0 0 0 0 0
310 0 0 0 0 0
320 0 0 0 0 0
330 0 0 0 0 0
340 0 0 0 0 0
350 0 0 0 0 0
360 0 0 0 0 0
370 0 0 0 0 0
380 0 0 0 0 0
390 0 0 0 0 0
400 0 0 0 0 0
410 0 0 0 0 0
420 0 0 0 0 0
430 0 0 0 0 0
440 0 0 0 0 0
450 0 0 0 0 0
460 0 0 0 0 0
470 0 0 0 0 0
480 0 0 0 0 0
490 0 0 0 0 0
500 0 0 0 2 0
510 0 0 0 2 0
520 0 0 2 0 0
530 0 0 2 0 0
540 0 0 2 0 0
550 0 0 2 0 0
560 0 0 2 0 0
570 0 0 2 0 0
580 0 0 2 0 0
590 0 0 2 0 0
600 0 0 2 0 0
610 0 0 2 0 1
620 0 0 2 0 1
630 0 0 2 0 1
640 0 0 2 0 1
650 0 0 2 0 0
660 0 0 2 0 0
670 0 0 2 0 0
680 0 0 2 0 0
690 0 0 2 0 0
700 0 0 2 0 2
710 0 0 2 0 2
720 0 0 2 0 2
730 0 0 2 0 2
740 0 0 2 0 2
750 0 0 2 0 2
760 0 0 2 0 2
770 0 0 2 0 2
780 0 0 2 0 2
790 0 0 2 0 2
800 0 0 2 0 2
810 0 2 2 0 2
820 0 2 2 0 2
830 2 0 2 0 2
840 2 0 2 0 2
850 2 0 0 2 2
860 2 0 0 0 2
870 2 0 0 0 2
880 2 0 0 0 2
890 2 0 0 0 2
900 2 0 0 0 2
910 2 0 0 0 2
920 2 0 0 0 2
930 2 0 0 0 0
940 2 0 0 0 0
950 2 0 0 0 0
960 2 0 0 0 0
970 2 0 0 0 0
980 2 0 0 0 0
990 2 0 0 0 0
1000 2 0 0 0 0
1010 2 0 0 0 0
1020 2 0 0 0 0
1030 2 0 0 0 0
1040 2 0 0 0 0
1050 2 0 0 0 0
1060 2 0 0 0 0
1070 2 0 0 0 0
1080 2 0 0 0 0
1090 2 0 0 2 0
1100 2 0 2 0 0
1110 2 0 2 0 0
1120 0 0 2 0 0
1130 0 0 2 0 0
1140 0 0 2 0 0
1150 0 0 2 0 0
1160 0 0 2 0 0
1170 0 0 2 0 0
1180 0 0 2 0 0
1190 0 0 2 0 0
1200 0 0 2 0 0
1210 0 0 2 0 0
1220 0 5 2 0 0
1230 0 5 2 0 0
1240 0 5 2 0 0
1250 0 5 2 0 0
1260 0 5 2 0 0
1270 0 5 2 0 1
1280 0 5 2 0 1
1290 0 5 2 0 1
1300 0 5 2 0 1
1310 0 5 2 0 0
1320 0 5 2 0 0
1330 0 5 2 0 0
1340 0 5 2 0 0
1350 0 5 2 0 0
1360 0 5 2 0 1
1370 0 5 2 0 1
1380 0 5 2 0 2
1390 0 5 2 0 2
1400 0 0 2 0 2
1410 0 0 2 0 2
1420 0 0 2 0 2
1430 0 0 2 0 2
1440 0 0 2 0 2
1450 0 0 2 0 2
1460 0 0 2 0 2
1470 0 0 2 0 2
1480 0 0 2 0 2
1490 0 2 2 0 2
1500 2 0 2 0 2
1510 2 0 0 2 2
1520 2 0 0 0 2
1530 2 0 0 0 2
1540 2 0 0 0 2
1550 2 0 0 0 2
1560 2 0 0 0 0
1570 2 0 0 0 0
1580 2 0 0 0 0
1590 2 0 0 0 0
1600 2 0 0 0 0
1610 2 0 0 0 0
1620 2 0 0 0 0
1630 2 0 0 0 0
1640 2 0 0 0 0
1650 2 0 0 0 0
1660 2 0 0 0 0
1670 2 0 0 0 0
1680 2 0 0 0 0
1690 2 0 0 0 0
1700 2 0 0 0 0
1710 2 0 0 0 0
1720 2 0 0 0 0
1730 2 0 0 0 0
1740 2 0 0 0 0
1750 2 0 0 0 0
1760 2 0 0 0 0
1770 2 0 2 0 0
1780 2 0 2 0 0
1790 0 0 2 0 0
1800 0 0 2 0 0
1810 0 0 2 0 0
1820 0 0 2 0 0
1830 0 0 2 0 0
1840 0 0 2 0 0
1850 0 0 2 0 0
1860 0 0 2 0 1
1870 0 0 2 0 1
1880 0 0 2 0 1
1890 0 0 2 0 0
1900 0 0 2 0 0
1910 0 0 2 0 0
1920 0 0 2 0 0
1930 0 5 2 0 0
1940 0 5 2 0 0
1950 0 5 2 0 0
1960 0 5 2 0 0
1970 0 5 2 0 0
1980 0 5 2 0 0
1990 0 5 2 0 0
2000 0 5 2 0 1
2010 0 5 2 0 1
2020 0 5 2 0 0
2030 0 5 2 0 0
2040 0 5 2 0 0
2050 0 5 2 0 0
2060 0 5 2 0 0
2070 0 5 2 0 1
2080 0 5 2 0 1
2090 0 5 2 0 1
2100 0 5 2 0 1
2110 0 5 2 0 1
2120 0 5 2 0 1
2130 0 5 2 0 1
2140 0 0 2 0 1
2150 0 0 2 0 2
2160 0 0 2 0 2
2170 0 0 2 0 2
2180 0 0 2 0 2
2190 0 0 2 0 2
2200 0 0 2 0 2
2210 0 0 2 0 2
2220 0 0 2 0 2
2230 0 0 2 0 2
2240 0 0 2 0 2
2250 0 0 2 0 2
2260 0 0 2 0 2
2270 0 0 2 0 2
2280 0 0 2 0 2
2290 0 0 2 0 2
2300 0 0 2 0 2
2310 0 0 2 0 2
2320 0 0 2 0 2
2330 0 0 2 0 2
2340 0 2 2 0 2
2350 0 2 2 0 2
2360 2 0 2 0 2
2370 2 0 0 2 2
2380 2 0 0 0 2
2390 2 0 0 0 2
2400 2 0 0 0 2
2410 2 0 0 0 2
2420 2 0 0 0 2
2430 2 0 0 0 2
2440 2 0 0 0 2
2450 2 0 0 0 2
2460 2 0 0 0 2
2470 2 0 0 0 0
2480 2 0 0 0 0
2490 2 0 0 0 0
2500 2 0 0 0 0
2510 2 0 0 0 0
2520 2 0 0 0 0
2530 2 0 0 0 0
2540 2 0 0 0 0
2550 2 0 0 2 0
2560 2 0 0 2 0
2570 2 0 0 2 0
2580 2 0 0 2 0
2590 2 0 0 2 0
2600 2 0 0 2 0
2610 2 0 0 2 0
2620 2 0 0 2 0
2630 2 0 0 2 0
2640 2 0 0 2 0
2650 2 0 0 2 0
2660 2 0 0 2 0
2670 2 0 0 2 0
2680 2 0 0 2 0
2690 2 0 0 2 0
2700 2 0 2 0 0
2710 2 0 2 0 0
2720 0 0 2 0 0
2730 0 0 2 0 0
2740 0 0 2 0 0
2750 0 0 2 0 0
2760 0 0 2 0 0
2770 0 0 2 0 0
2780 0 0 2 0 1
2790 0 0 2 0 1
2800 0 0 2 0 1
2810 0 0 2 0 1
2820 0 0 2 0 1
2830 0 0 2 0 1
2840 0 0 2 0 1
2850 0 0 2 0 2
2860 0 0 2 0 2
2870 0 0 2 0 2
2880 0 0 2 0 2
2890 0 0 2 0 2
2900 0 0 2 0 2
2910 0 2 2 0 2
2920 2 0 2 0 2
2930 2 0 2 0 2
2940 2 0 2 0 2
2950 2 0 0 0 2
2960 2 0 0 0 2
2970 2 0 0 0 2
2980 2 0 0 0 2
2990 2 0 0 0 2
3000 2 0 0 0 2
3010 2 0 0 0 2
3020 2 0 0 0 2
3030 2 0 0 0 0
3040 2 0 0 0 0
3050 2 0 0 0 0
3060 2 0 0 0 0
3070 2 0 0 0 0
3080 2 0 0 0 0
3090 2 0 0 0 0
3100 2 0 0 0 0
3110 2 0 0 0 0
3120 2 0 0 0 0
3130 2 0 0 0 0
3140 2 0 0 0 0
3150 2 0 0 0 0
3160 2 0 0 0 0
3170 2 0 0 0 0
3180 2 0 0 0 0
3190 2 0 0 0 0
3200 2 0 0 0 0
3210 2 0 0 0 0
3220 2 0 0 0 0
3230 2 0 0 0 0
3240 2 0 0 0 0
3250 2 0 0 0 0
3260 2 0 0 0 0
3270 2 0 0 0 0
3280 2 0 0 0 0
3290 2 0 0 0 0
3300 2 0 0 0 0
3310 2 0 0 0 0
3320 2 0 0 0 0
3330 2 0 0 0 0
3340 2 0 0 0 0
3350 2 0 0 0 0
3360 2 0 0 0 0
3370 2 0 0 0 0
3380 2 0 0 0 0
3390 2 0 0 0 0
3400 2 0 0 0 0
3410 2 0 0 0 0
3420 2 0 0 0 0
3430 2 0 0 0 0
3440 2 0 0 0 0
3450 2 0 0 0 0
