0 0 0 0 0 0
10 0 0 0 0 0
20 0 0 0 0 0
30 0 0 0 0 0
40 0 0 0 0 0
50 0 0 0 0 0
60 0 0 0 0 0
70 0 0 0 2 0
80 0 0 2 0 0
90 0 0 2 0 0
100 0 0 2 0 0
110 0 0 2 0 0
120 0 0 2 0 0
130 0 0 2 0 0
140 0 0 2 0 0
150 0 0 2 0 0
160 0 0 2 0 0
170 0 0 2 0 0
180 0 0 2 0 0
190 0 0 2 0 1
200 0 0 2 0 1
210 0 0 2 0 1
220 0 0 2 0 0
230 0 0 2 0 0
240 0 0 2 0 0
250 0 0 2 0 0
260 0 0 2 0 0
270 0 0 2 0 0
280 0 0 2 0 1
290 0 0 2 0 1
300 0 0 2 0 1
310 0 0 2 0 1
320 0 0 2 0 2
330 0 0 2 0 2
340 0 0 2 0 2
350 0 0 2 0 2
360 0 0 2 0 2
370 0 0 2 0 2
380 0 0 2 0 2
390 0 2 2 0 2
400 0 2 2 0 2
410 2 0 2 0 2
420 2 0 2 0 2
430 2 0 0 0 2
440 2 0 0 0 2
450 2 0 0 0 2
460 2 0 0 0 2
470 2 0 0 0 2
480 2 0 0 0 2
490 2 0 0 0 2
500 2 0 0 0 2
510 2 0 0 0 2
520 2 0 0 0 2
530 2 0 0 0 2
540 2 0 0 0 2
550 2 0 0 0 2
560 2 0 0 0 2
570 2 0 0 0 2
580 2 0 0 0 2
590 2 0 0 0 2
600 2 0 0 0 2
610 2 0 0 0 2
620 2 0 0 0 2
630 2 0 0 0 2
640 2 0 0 0 2
650 2 0 0 0 2
660 2 0 0 0 2
670 2 0 0 5 2
680 2 0 0 5 2
690 2 0 0 5 2
700 2 0 0 5 0
710 2 0 0 5 0
720 2 0 0 0 0
730 2 0 0 0 0
740 2 0 0 0 0
750 2 0 0 0 0
760 2 0 0 0 0
770 2 0 0 0 0
780 2 0 0 0 0
790 2 0 0 0 0
800 2 0 0 2 0
810 2 0 2 0 0
820 2 0 2 0 0
830 0 0 2 0 0
840 0 0 2 0 0
850 0 0 2 0 0
860 0 0 2 0 0
870 0 0 2 0 0
880 0 0 2 0 0
890 0 0 2 0 0
900 0 0 2 0 0
910 0 0 2 0 0
920 0 0 2 0 0
930 0 0 2 0 0
940 0 0 2 0 0
950 0 0 2 0 0
960 0 2 2 0 0
970 0 2 2 0 0
980 2 0 2 0 0
990 2 0 2 0 0
1000 2 0 0 0 0
1010 2 0 0 0 0
1020 2 0 0 0 0
1030 2 0 0 0 0
1040 2 0 0 0 0
1050 2 0 0 0 0
1060 2 0 0 0 0
1070 2 0 0 0 0
1080 2 0 0 2 0
1090 2 0 2 0 0
1100 2 0 2 0 0
1110 0 0 2 0 0
1120 0 0 2 0 0
1130 0 0 2 0 0
1140 0 0 2 0 0
1150 0 0 2 0 0
1160 0 0 2 0 0
1170 0 0 2 0 0
1180 0 0 2 0 0
1190 0 5 2 0 0
1200 0 5 2 0 0
1210 5 0 2 0 0
1220 5 0 2 0 0
1230 5 0 2 0 0
1240 5 0 2 0 0
1250 5 0 2 0 0
1260 5 0 2 0 0
1270 5 0 2 0 0
1280 5 0 2 0 0
1290 5 0 2 0 0
1300 5 0 2 0 1
1310 5 0 2 0 1
1320 5 0 2 0 1
1330 5 0 2 0 1
1340 5 0 2 0 2
1350 5 0 2 0 2
1360 5 0 2 0 2
1370 5 0 2 0 2
1380 0 5 2 0 2
1390 0 0 2 0 2
1400 0 0 2 0 2
1410 0 0 2 0 2
1420 0 0 2 0 2
1430 0 0 2 0 2
1440 0 2 2 0 2
1450 0 2 2 0 2
1460 0 2 2 0 2
1470 0 2 2 0 2
1480 0 2 2 0 2
1490 2 0 2 0 2
1500 2 0 2 0 2
1510 2 0 2 0 2
1520 2 0 0 0 2
1530 2 0 0 0 2
1540 2 0 0 0 2
1550 2 0 0 0 2
1560 2 0 0 0 2
1570 2 0 0 0 2
1580 2 0 0 0 2
1590 2 0 0 0 2
1600 2 0 0 0 2
1610 2 0 0 0 2
1620 2 0 0 0 0
1630 2 0 0 0 0
1640 2 0 0 0 0
1650 2 0 0 0 0
1660 2 0 0 0 0
1670 2 0 0 0 0
1680 2 0 0 0 0
1690 2 0 0 0 0
1700 2 0 0 0 0
1710 2 0 0 2 0
1720 2 0 0 2 0
1730 2 0 0 2 0
1740 2 0 2 0 0
1750 2 0 2 0 0
1760 2 0 2 0 0
1770 0 0 2 0 0
1780 0 0 2 0 0
1790 0 0 2 0 0
1800 0 0 2 0 0
1810 0 0 2 0 0
1820 0 0 2 0 0
1830 0 5 2 0 0
1840 5 0 2 0 0
1850 5 0 2 0 0
1860 5 0 2 0 0
1870 5 0 2 0 0
1880 5 0 2 0 1
1890 5 0 2 0 1
1900 5 0 2 0 0
1910 5 0 2 0 0
1920 5 0 2 0 1
1930 5 0 2 0 1
1940 5 0 2 0 1
1950 5 0 2 0 1
1960 5 0 2 0 1
1970 5 0 2 0 1
1980 5 0 2 0 1
1990 5 0 2 0 1
2000 5 0 2 0 1
2010 5 0 2 0 1
2020 5 0 2 0 1
2030 5 0 2 0 1
2040 5 0 2 0 2
2050 5 0 2 0 2
2060 5 0 2 0 2
2070 5 0 2 0 2
2080 5 0 2 0 2
2090 5 0 2 0 2
2100 5 0 2 0 2
2110 5 0 2 0 2
2120 0 5 2 0 2
2130 0 5 2 0 2
2140 0 0 2 0 2
2150 0 0 2 0 2
2160 0 0 2 0 2
2170 0 0 2 0 2
2180 0 0 2 0 2
2190 0 0 2 0 2
2200 0 0 2 0 2
2210 0 2 2 0 2
2220 2 0 2 0 2
2230 2 0 0 0 2
2240 2 0 0 0 2
2250 2 0 0 0 2
2260 2 0 0 0 2
2270 2 0 0 0 2
2280 2 0 0 0 2
2290 2 0 0 0 2
2300 2 0 0 0 2
2310 2 0 0 0 2
2320 2 0 0 0 0
2330 2 0 0 0 0
2340 2 0 0 0 0
2350 2 0 0 0 0
2360 2 0 0 0 0
2370 2 0 0 2 0
2380 2 0 0 2 0
2390 2 0 0 2 0
2400 2 0 0 2 0
2410 2 0 0 2 0
2420 2 0 0 2 0
2430 2 0 0 2 0
2440 2 0 0 2 0
2450 2 0 0 2 0
2460 2 0 0 2 0
2470 2 0 0 2 0
2480 2 0 0 2 0
2490 2 0 0 0 0
2500 2 0 0 0 0
2510 2 0 0 0 0
2520 2 0 0 2 0
2530 2 0 0 2 0
2540 2 0 0 2 0
2550 2 0 2 0 0
2560 2 0 2 0 0
2570 2 0 2 0 0
2580 0 2 2 0 0
2590 0 0 2 0 0
2600 0 0 2 0 0
2610 0 0 2 0 0
2620 0 0 2 0 0
2630 0 0 2 0 0
2640 0 0 2 0 0
2650 0 0 2 0 0
2660 0 0 2 0 0
2670 0 5 2 0 0
2680 0 5 2 0 0
2690 0 5 2 0 0
2700 5 0 2 0 0
2710 5 0 2 0 0
2720 5 0 2 0 1
2730 5 0 2 0 1
2740 5 0 2 0 1
2750 5 0 2 0 1
2760 5 0 2 0 1
2770 5 0 2 0 2
2780 5 0 2 0 2
2790 5 0 2 0 2
2800 5 0 2 0 2
2810 0 0 2 0 2
2820 0 0 2 0 2
2830 0 0 2 0 2
2840 0 0 2 0 2
2850 0 0 2 0 2
2860 0 0 2 0 2
2870 0 0 2 0 2
2880 0 0 2 0 2
2890 0 2 2 0 2
2900 2 0 2 0 2
2910 2 0 2 0 2
2920 2 0 2 0 2
2930 2 0 2 0 2
2940 2 0 2 0 2
2950 0 0 2 0 2
2960 0 0 2 0 2
2970 0 0 2 0 2
2980 0 0 2 0 2
2990 0 0 2 0 2
3000 0 0 2 0 2
3010 0 0 2 0 2
3020 0 2 2 0 2
3030 2 0 2 0 2
3040 2 0 0 0 2
3050 2 0 0 0 2
3060 2 0 0 0 2
3070 2 0 0 0 2
3080 2 0 0 0 2
3090 2 0 0 0 2
3100 0 0 0 0 2
3110 0 0 0 0 2
3120 0 0 0 0 2
3130 0 0 0 0 2
3140 0 0 0 0 2
3150 0 0 0 0 2
3160 0 0 0 0 2
3170 0 0 0 0 2
3180 0 0 0 0 2
3190 0 0 0 0 2
3200 0 0 0 0 2
3210 0 0 0 0 2
3220 0 2 0 0 2
3230 2 0 0 0 2
3240 2 0 0 0 2
3250 2 0 0 0 2
3260 2 0 0 0 2
3270 2 0 0 0 2
3280 2 0 0 0 0
3290 2 0 0 0 0
3300 2 0 0 0 0
3310 2 0 0 0 0
3320 0 0 0 0 0
3330 0 0 0 0 0
3340 0 0 0 0 0
3350 0 0 0 0 0
3360 0 0 0 0 0
3370 0 0 0 0 0
3380 0 0 0 0 0
3390 0 0 0 0 0
3400 0 0 0 0 0
3410 0 0 0 0 0
3420 0 0 0 0 0
3430 0 0 0 0 0
3440 0 0 0 0 0
3450 0 0 0 0 0
3460 0 0 0 0 0
3470 0 0 0 0 0
3480 0 0 0 0 0
3490 0 0 0 0 0
3500 0 0 0 0 0
3510 0 0 0 0 0
3520 0 0 0 0 0
3530 0 0 0 0 0
3540 0 0 0 0 0
3550 0 0 0 0 0
3560 0 0 0 0 0
3570 0 0 0 0 0
3580 0 0 0 0 0
3590 0 0 0 0 0
3600 0 0 0 0 0
3610 0 0 0 0 0
3620 0 0 0 0 0
3630 0 0 0 0 0
3640 0 0 0 0 0
3650 0 0 0 0 0
3660 0 0 0 0 0
