0 3 0 0 0 0
10 3 0 0 0 0
20 3 0 0 0 0
30 3 0 0 0 0
40 3 0 0 0 0
50 3 0 0 0 0
60 3 0 0 0 0
70 3 0 0 0 1
80 3 0 0 0 1
90 3 0 0 0 1
100 3 0 0 0 1
110 3 0 0 0 1
120 3 0 0 0 1
130 3 0 0 0 1
140 3 0 0 0 1
150 3 0 0 0 1
160 3 0 0 0 1
170 3 0 0 0 1
180 3 0 0 0 1
190 3 0 0 0 1
200 3 0 0 0 1
210 3 0 0 0 1
220 3 0 0 0 1
230 3 0 0 0 1
240 3 0 0 0 1
250 3 0 0 0 1
260 3 0 0 0 1
270 3 0 3 0 1
280 3 0 3 0 1
290 3 0 3 0 1
300 3 0 3 0 1
310 3 0 3 0 1
320 3 0 3 0 1
330 3 0 3 0 1
340 3 0 3 0 2
350 3 0 3 0 2
360 3 0 3 0 2
370 3 0 3 0 2
380 3 0 3 0 2
390 3 0 3 0 2
400 3 0 3 0 2
410 3 0 3 0 3
420 3 0 3 0 3
430 3 0 3 0 3
440 3 0 3 0 3
450 3 0 0 3 3
460 0 3 0 3 3
470 0 0 0 0 3
480 0 0 0 0 3
490 0 0 0 0 0
500 0 0 0 0 0
510 0 0 0 0 0
520 0 0 0 0 0
530 0 0 0 0 0
540 0 0 0 3 0
550 0 0 0 3 0
560 0 0 0 3 0
570 0 0 0 3 0
580 0 0 0 3 0
590 0 0 0 3 0
600 0 0 0 3 0
610 0 0 3 0 0
620 0 0 3 0 0
630 0 0 3 0 0
640 0 0 3 0 0
650 0 0 3 0 0
660 0 0 3 0 0
670 0 0 3 0 0
680 0 0 3 0 0
690 0 0 3 0 0
700 0 0 3 0 0
710 0 0 3 0 0
720 0 0 3 0 0
730 0 0 3 0 0
740 0 0 3 0 0
750 3 0 3 0 0
760 3 0 0 3 0
770 3 0 0 3 0
780 3 0 0 0 0
790 3 0 0 0 0
800 3 0 0 0 0
810 3 0 0 0 0
820 3 0 0 0 0
830 3 0 0 0 0
840 3 0 0 0 0
850 3 0 0 0 0
860 3 0 0 0 0
870 3 0 3 0 0
880 0 0 3 0 0
890 0 0 3 0 0
900 0 0 3 0 0
910 0 0 3 0 0
920 0 0 3 0 0
930 0 0 3 0 0
940 0 0 3 0 0
950 0 0 3 0 0
960 3 0 3 0 0
970 3 0 0 0 0
980 3 0 0 0 0
990 3 0 0 0 0
1000 3 0 0 0 0
1010 3 0 0 0 0
1020 3 0 0 0 0
1030 3 0 0 0 0
1040 3 0 0 0 0
1050 3 0 0 0 0
1060 3 0 0 0 1
1070 3 0 0 0 1
1080 3 0 0 0 1
1090 3 0 0 0 1
1100 3 0 0 0 1
1110 3 0 0 0 1
1120 3 0 0 0 1
1130 3 0 0 0 1
1140 3 0 0 0 1
1150 3 0 0 0 1
1160 3 0 0 3 1
1170 3 0 3 0 1
1180 3 0 3 0 1
1190 3 0 3 0 1
1200 3 0 3 0 1
1210 3 0 3 0 1
1220 3 0 3 0 1
1230 3 0 3 0 2
1240 3 0 3 0 2
1250 3 0 3 0 2
1260 3 0 3 0 2
1270 3 0 3 0 2
1280 3 0 3 0 2
1290 3 0 3 0 2
1300 3 0 3 0 3
1310 3 0 3 0 3
1320 3 0 3 0 3
1330 3 0 3 0 3
1340 3 0 3 0 3
1350 3 0 3 0 3
1360 3 0 3 0 3
1370 3 0 3 0 3
1380 0 0 0 3 3
1390 0 0 0 0 3
1400 0 0 0 0 3
1410 0 0 0 0 3
1420 0 0 0 0 3
1430 0 0 0 0 3
1440 0 0 0 0 3
1450 0 0 0 0 3
1460 0 0 0 0 3
1470 0 0 0 0 3
1480 0 0 0 0 3
1490 0 0 0 0 3
1500 0 0 0 0 3
1510 0 0 0 0 3
1520 0 0 0 0 3
1530 0 0 0 0 3
1540 0 0 0 0 3
1550 0 0 0 0 3
1560 0 0 0 0 3
1570 0 0 0 0 3
1580 0 0 0 0 3
1590 0 0 0 0 3
1600 0 0 0 0 3
1610 0 0 0 0 3
1620 0 0 0 0 3
1630 0 0 0 0 3
1640 0 0 0 0 3
1650 0 0 0 0 3
1660 0 0 0 0 3
1670 0 0 0 0 3
1680 0 0 0 0 3
1690 0 0 0 0 3
1700 0 0 0 0 3
1710 0 0 0 0 3
1720 0 0 0 0 3
1730 0 0 0 0 3
1740 0 0 0 0 3
1750 0 0 0 0 3
1760 0 0 0 0 3
1770 0 0 0 0 3
1780 0 0 0 0 3
1790 0 0 0 0 3
1800 0 0 0 0 3
1810 0 0 0 0 3
1820 0 0 0 0 3
1830 0 0 0 0 3
1840 0 0 0 0 3
1850 0 0 0 0 3
1860 0 0 0 0 3
1870 0 0 0 0 3
1880 0 0 0 0 3
1890 0 0 0 0 3
1900 0 0 0 0 3
1910 0 0 0 0 3
1920 0 0 0 0 3
1930 0 0 0 0 3
1940 0 0 0 0 3
1950 0 0 0 0 3
