0 0 0 0 0 0
10 0 0 0 0 0
20 0 0 0 0 0
30 0 0 0 0 0
40 0 0 3 0 0
50 0 0 3 0 0
60 0 0 3 0 0
70 0 0 3 0 0
80 0 0 3 0 0
90 0 0 3 0 0
100 0 0 3 0 0
110 0 0 3 0 0
120 0 0 3 0 0
130 0 0 3 0 0
140 0 0 3 0 0
150 0 0 3 0 0
160 0 0 3 0 0
170 0 0 3 0 0
180 0 0 3 0 0
190 0 0 3 0 0
200 3 0 3 0 0
210 3 0 0 3 0
220 3 0 0 3 0
230 3 0 0 0 0
240 3 0 0 0 0
250 3 0 0 0 0
260 3 0 0 0 0
270 3 0 0 0 0
280 3 0 0 0 0
290 3 0 0 0 0
300 3 0 0 0 0
310 3 0 0 0 0
320 3 0 0 0 0
330 3 0 0 0 0
340 3 0 0 0 0
350 3 0 0 0 0
360 3 0 0 0 0
370 3 0 0 0 1
380 3 0 0 0 1
390 3 0 0 0 1
400 3 0 0 0 1
410 3 0 0 0 1
420 3 0 0 0 1
430 3 0 0 0 1
440 3 0 0 0 1
450 3 0 0 0 1
460 3 0 0 0 1
470 3 0 0 0 1
480 3 0 0 3 1
490 3 0 3 0 1
500 3 0 3 0 1
510 3 0 3 0 1
520 3 0 3 0 1
530 3 0 3 0 1
540 3 0 3 0 1
550 3 0 3 0 1
560 3 0 3 0 1
570 3 0 3 0 1
580 3 0 3 0 1
590 3 0 3 0 2
600 3 0 3 0 2
610 3 0 3 0 2
620 3 0 3 0 2
630 3 0 3 0 2
640 3 0 3 0 2
650 3 0 3 0 2
660 3 0 3 0 2
670 3 0 3 0 2
680 3 0 3 0 3
690 3 0 3 0 3
700 3 0 3 0 3
710 3 0 0 0 3
720 3 0 0 0 3
730 0 3 0 0 3
740 0 3 0 0 3
750 0 0 0 0 3
760 0 0 0 0 0
770 0 0 0 0 0
780 0 0 0 0 0
790 0 0 0 0 0
800 0 0 0 0 0
810 0 0 0 0 0
820 0 0 0 0 0
830 0 0 0 0 0
840 0 0 0 0 0
850 0 0 3 0 0
860 0 0 3 0 0
870 0 0 3 0 0
880 0 0 3 0 0
890 0 0 3 0 0
900 0 0 3 0 0
910 0 0 3 0 0
920 0 0 3 0 0
930 0 0 3 0 0
940 0 0 3 0 0
950 0 0 3 0 0
960 0 0 3 0 0
970 0 0 3 0 0
980 0 0 3 0 0
990 0 0 3 0 0
1000 0 0 3 0 0
1010 0 0 3 0 0
1020 0 0 3 0 0
1030 0 3 3 0 0
1040 3 0 3 0 0
1050 3 0 0 0 0
1060 3 0 0 0 0
1070 3 0 0 0 0
1080 3 0 0 0 0
1090 3 0 0 0 0
1100 3 0 0 3 0
1110 3 0 0 3 0
1120 3 0 0 3 0
1130 3 0 0 3 0
1140 3 0 3 0 0
1150 3 0 3 0 0
1160 0 3 3 0 0
1170 3 0 3 0 0
1180 3 0 3 0 0
1190 3 0 0 0 0
1200 3 0 0 0 0
1210 3 0 0 0 0
1220 3 0 0 0 0
1230 3 0 0 0 0
1240 3 0 0 0 0
1250 3 0 0 0 0
1260 3 0 0 0 0
1270 3 0 0 0 0
1280 3 0 0 0 0
1290 3 0 0 0 0
1300 3 0 0 0 1
1310 3 0 0 0 1
1320 3 0 0 0 1
1330 3 0 0 0 1
1340 3 0 0 0 1
1350 3 0 0 0 1
1360 3 0 0 0 1
1370 3 0 0 0 1
1380 3 0 0 0 1
1390 3 0 0 0 1
1400 3 0 0 0 1
1410 3 0 0 0 1
1420 3 0 0 0 1
1430 3 0 0 0 1
1440 3 0 0 0 1
1450 3 0 0 0 1
1460 3 0 0 0 1
1470 3 0 0 0 1
1480 3 0 0 3 1
1490 3 0 0 3 1
1500 3 0 0 3 1
1510 3 0 0 3 1
1520 3 0 0 3 1
1530 3 0 0 3 1
1540 3 0 0 3 1
1550 3 0 0 0 1
1560 3 0 0 0 1
1570 3 0 0 0 1
1580 3 0 0 0 1
1590 3 0 0 0 1
1600 3 0 0 0 1
1610 3 0 0 0 1
1620 3 0 0 0 1
1630 3 0 0 0 1
1640 3 0 0 0 1
1650 3 0 0 0 1
1660 3 0 3 0 1
1670 3 0 3 0 1
1680 3 0 3 0 1
1690 3 0 3 0 1
1700 3 0 3 0 1
1710 3 0 3 0 1
1720 3 0 3 0 1
1730 3 0 3 0 1
1740 3 0 3 0 2
1750 3 0 3 0 2
1760 3 0 3 0 2
1770 3 0 3 0 2
1780 3 0 3 0 2
1790 3 0 3 0 2
1800 3 0 3 0 2
1810 3 0 3 0 3
1820 3 0 3 0 3
1830 3 0 3 0 3
1840 3 0 3 0 3
1850 3 0 0 3 3
1860 3 0 0 0 3
1870 0 0 0 0 3
1880 0 0 0 0 3
1890 0 0 0 0 3
1900 0 0 0 0 3
1910 0 0 0 0 3
1920 0 0 0 0 3
1930 0 0 0 0 3
1940 0 0 0 0 3
1950 0 0 0 0 3
1960 0 0 0 0 3
1970 0 0 0 0 3
1980 0 0 0 0 3
1990 0 0 0 0 3
2000 0 0 0 0 3
2010 0 0 0 0 3
2020 0 0 0 0 3
2030 0 0 0 0 3
2040 0 0 0 0 3
2050 0 0 0 0 3
2060 0 0 0 0 3
