0 0 0 0 0 0
10 0 0 0 0 0
20 0 0 0 0 0
30 0 0 0 0 0
40 0 0 0 0 0
50 0 0 0 0 0
60 0 0 0 0 0
70 0 0 3 0 0
80 0 0 3 0 0
90 0 0 3 0 0
100 0 0 3 0 0
110 0 0 3 0 0
120 0 0 3 0 0
130 0 0 3 0 0
140 0 3 3 0 0
150 0 0 3 0 0
160 0 0 3 0 0
170 0 0 3 0 0
180 3 0 3 0 0
190 3 0 0 3 0
200 3 0 0 3 0
210 3 0 0 0 0
220 3 0 0 0 0
230 3 0 0 0 0
240 3 0 0 0 0
250 3 0 0 0 0
260 3 0 0 0 0
270 3 0 0 0 0
280 3 0 0 0 0
290 3 0 0 0 1
300 3 0 0 0 1
310 3 0 0 0 1
320 3 0 0 0 1
330 3 0 0 3 1
340 3 0 0 3 1
350 3 0 0 3 1
360 3 0 0 3 1
370 3 0 0 3 1
380 3 0 3 0 1
390 3 0 3 0 1
400 3 0 3 0 1
410 3 0 3 0 2
420 3 0 3 0 2
430 3 0 3 0 2
440 3 0 3 0 2
450 3 0 3 0 2
460 3 0 3 0 2
470 3 0 3 0 3
480 3 0 3 0 3
490 3 0 3 0 3
500 3 0 3 0 3
510 3 0 3 0 3
520 3 0 3 0 3
530 0 0 0 3 3
540 0 0 0 0 3
550 0 0 0 0 0
560 0 0 0 0 0
570 0 0 0 3 0
580 0 0 3 0 0
590 0 0 3 0 0
600 0 0 3 0 0
610 0 0 3 0 0
620 0 0 3 0 0
630 0 0 3 0 0
640 0 0 3 0 0
650 0 0 3 0 0
660 0 0 3 0 0
670 3 0 3 0 0
680 3 0 0 3 0
690 3 0 0 0 0
700 3 0 0 0 0
710 3 0 0 0 0
720 3 0 0 0 0
730 3 0 0 0 0
740 3 0 0 0 0
750 3 0 0 0 1
760 3 0 0 0 1
770 3 0 0 0 1
780 3 0 0 0 1
790 3 0 0 3 1
800 3 0 0 3 1
810 3 0 0 3 1
820 3 0 0 3 1
830 3 0 0 3 1
840 3 0 0 3 1
850 3 0 0 3 1
860 3 0 3 0 1
870 3 0 3 0 1
880 3 0 3 0 1
890 3 0 3 0 1
900 3 0 3 0 1
910 3 0 3 0 2
920 3 0 3 0 2
930 3 0 3 0 2
940 3 0 3 0 2
950 3 0 3 0 2
960 3 0 3 0 2
970 3 0 3 0 2
980 3 0 3 0 3
990 3 0 3 0 3
1000 3 0 3 0 3
1010 3 0 3 0 3
1020 3 0 3 0 3
1030 3 0 3 0 3
1040 0 0 0 3 3
1050 0 0 0 0 3
1060 0 0 0 0 3
1070 0 0 0 0 3
1080 0 0 0 0 3
1090 0 0 0 0 3
1100 0 0 0 0 3
1110 0 0 0 0 3
1120 0 0 0 0 3
1130 0 0 0 0 3
1140 0 0 0 0 3
1150 0 0 0 0 3
1160 0 0 0 0 3
1170 0 0 0 0 3
1180 0 0 0 0 3
1190 0 0 0 0 3
1200 0 0 0 0 3
1210 0 0 0 0 3
1220 0 0 0 0 3
1230 0 0 0 0 3
1240 0 0 0 0 3
1250 0 0 0 0 3
1260 0 0 0 0 3
