0 3 0 3 0 0
10 3 0 3 0 0
20 3 0 3 0 0
30 3 0 3 0 0
40 3 0 3 0 0
50 0 3 0 3 0
60 0 0 0 0 0
70 0 0 0 0 0
80 0 0 0 0 0
90 0 0 0 0 0
100 0 0 0 0 0
110 0 0 0 0 0
120 0 0 0 0 0
130 0 0 0 0 0
140 0 0 0 0 0
150 0 0 0 0 0
160 0 0 0 0 0
170 0 0 0 0 0
180 0 0 0 0 0
190 0 0 0 0 0
200 0 0 0 0 0
210 0 0 0 0 0
220 0 0 0 0 0
230 3 0 0 0 0
240 3 0 0 0 0
250 3 0 0 0 0
260 3 0 0 0 0
270 3 0 0 0 0
280 3 0 0 0 0
290 3 0 0 0 0
300 3 0 0 0 0
310 3 0 0 0 0
320 3 0 0 0 0
330 3 0 0 0 0
340 3 0 0 0 0
350 3 0 0 0 0
360 3 0 0 0 0
370 3 0 0 0 0
380 3 0 0 0 0
390 3 0 0 0 0
400 3 0 0 0 0
410 3 0 0 0 0
420 3 0 0 0 0
430 3 0 0 0 0
440 3 0 0 0 0
450 3 0 0 0 0
460 3 0 0 0 0
470 3 0 0 0 0
480 3 0 0 0 0
490 3 0 0 0 0
500 3 0 0 0 0
510 3 0 0 0 0
520 3 0 0 0 1
530 3 0 0 0 1
540 3 0 0 0 1
550 3 0 0 0 1
560 3 0 0 0 1
570 3 0 0 0 1
580 3 0 0 0 1
590 3 0 0 0 1
600 3 0 0 0 1
610 3 0 0 0 1
620 3 0 0 3 1
630 3 0 3 0 1
640 3 0 3 0 1
650 3 0 3 0 1
660 3 0 3 0 1
670 3 0 3 0 1
680 3 0 3 0 1
690 3 0 3 0 1
700 3 0 3 0 2
710 3 0 3 0 2
720 3 0 3 0 2
730 3 0 3 0 2
740 3 0 3 0 2
750 3 0 3 0 2
760 3 0 3 0 3
770 3 0 3 0 3
780 3 0 0 0 3
790 0 3 0 0 3
800 0 0 0 0 3
810 0 0 0 0 3
820 0 0 0 0 0
830 0 0 0 0 0
840 0 0 0 0 0
850 0 0 0 0 0
860 0 0 0 0 0
870 0 0 0 0 0
880 0 0 0 0 0
890 0 0 0 0 0
900 0 0 0 0 0
910 0 0 0 0 0
920 0 0 0 0 0
930 0 0 0 0 0
940 0 0 0 0 0
950 0 0 0 0 0
960 0 0 0 0 0
970 3 0 0 0 0
980 3 0 0 0 0
990 3 0 0 0 0
1000 3 0 0 0 0
1010 3 0 0 0 0
1020 3 0 0 0 0
1030 3 0 0 0 0
1040 3 0 0 0 0
1050 3 0 0 0 0
1060 3 0 0 0 0
1070 3 0 0 0 0
1080 3 0 3 0 0
1090 3 0 3 0 0
1100 3 0 3 0 0
1110 3 0 0 0 0
1120 3 0 0 0 0
1130 3 0 0 0 0
1140 3 0 0 0 0
1150 3 0 3 0 0
1160 3 0 3 0 0
1170 3 0 3 0 0
1180 3 0 3 0 0
1190 3 0 0 3 0
1200 3 0 0 0 0
1210 3 0 0 0 0
1220 3 0 0 0 0
1230 3 0 0 0 0
1240 3 0 0 0 0
1250 3 0 0 0 0
1260 3 0 0 0 0
1270 3 0 0 0 0
1280 3 0 0 0 0
1290 3 0 0 0 0
1300 3 0 0 0 0
1310 3 0 0 0 0
1320 3 0 0 0 0
1330 3 0 0 0 1
1340 3 0 0 0 1
1350 3 0 0 0 1
1360 3 0 0 0 1
1370 3 0 0 0 1
1380 3 0 0 0 1
1390 3 0 0 0 1
1400 3 0 0 0 1
1410 3 0 0 0 1
1420 3 0 0 0 1
1430 3 0 0 0 1
1440 3 0 0 0 1
1450 3 0 0 0 1
1460 3 0 0 0 1
1470 3 0 0 0 1
1480 3 0 0 0 1
1490 3 0 0 0 1
1500 3 0 0 3 1
1510 3 0 0 3 1
1520 3 0 3 0 1
1530 3 0 3 0 1
1540 3 0 3 0 1
1550 3 0 3 0 1
1560 3 0 3 0 1
1570 3 0 3 0 2
1580 3 0 3 0 2
1590 3 0 3 0 2
1600 3 0 3 0 2
1610 3 0 3 0 3
1620 3 0 3 0 3
1630 3 0 3 0 3
1640 0 3 0 0 3
1650 0 3 0 0 3
1660 0 3 0 0 3
1670 0 3 0 0 3
1680 0 3 0 0 3
1690 0 3 0 0 3
1700 0 3 0 0 3
1710 0 3 0 0 3
1720 0 3 0 0 3
1730 0 3 0 0 3
1740 0 3 0 0 3
1750 0 3 0 0 3
1760 0 3 0 0 3
1770 0 3 0 0 3
1780 0 3 0 0 3
1790 0 3 0 0 3
1800 3 0 0 0 3
1810 3 0 0 0 3
1820 3 0 0 0 3
