0 0 0 0 0 0
10 0 0 0 0 0
20 0 0 0 0 0
30 0 0 0 0 0
40 0 0 0 0 0
50 0 0 0 0 0
60 0 0 0 0 0
70 0 0 0 0 0
80 0 3 0 0 0
90 3 0 0 0 0
100 3 0 0 0 0
110 3 0 0 0 0
120 3 0 0 0 0
130 3 0 0 0 0
140 3 0 0 0 0
150 3 0 0 0 0
160 3 0 0 0 0
170 3 0 0 0 0
180 3 0 3 0 0
190 3 0 3 0 0
200 3 0 3 0 0
210 3 0 3 0 0
220 3 0 3 0 0
230 0 0 3 0 0
240 0 0 3 0 0
250 0 0 0 3 0
260 0 0 0 0 0
270 0 0 0 0 0
280 0 0 0 0 0
290 3 0 0 0 0
300 3 0 0 0 0
310 3 0 0 0 0
320 3 0 0 0 0
330 3 0 0 0 0
340 3 0 0 0 0
350 3 0 0 0 0
360 3 0 0 0 0
370 3 0 0 0 0
380 3 0 0 0 0
390 3 0 0 0 0
400 3 0 0 3 0
410 3 0 3 0 0
420 0 3 3 0 0
430 0 0 3 0 0
440 0 0 3 0 0
450 0 0 3 0 0
460 0 0 3 0 0
470 0 0 3 0 0
480 0 0 3 0 0
490 0 3 3 0 0
500 3 0 0 3 0
510 3 0 0 0 0
520 3 0 0 0 0
530 3 0 0 0 0
540 3 0 0 0 0
550 3 0 0 0 0
560 3 0 0 0 0
570 3 0 0 0 0
580 3 0 0 0 1
590 3 0 0 0 1
600 3 0 0 0 1
610 3 0 0 0 1
620 3 0 0 0 1
630 3 0 0 0 1
640 3 0 0 3 1
650 3 0 3 0 1
660 3 0 3 0 1
670 3 0 3 0 1
680 3 0 3 0 1
690 3 0 3 0 2
700 3 0 3 0 2
710 3 0 3 0 2
720 3 0 3 0 2
730 3 0 0 0 2
740 3 0 0 0 2
750 3 0 0 0 2
760 3 0 0 0 2
770 3 0 3 0 2
780 3 0 3 0 2
790 3 0 3 0 2
800 3 0 3 0 2
810 3 0 3 0 2
820 3 0 3 0 2
830 3 0 3 0 3
840 3 0 3 0 3
850 3 0 3 0 3
860 3 0 3 0 3
870 3 0 3 0 3
880 3 0 3 0 3
890 0 3 3 0 3
900 0 0 3 0 3
910 0 0 3 0 3
920 0 0 3 0 3
930 0 0 3 0 3
940 0 3 3 0 3
950 0 3 3 0 3
960 0 3 3 0 3
970 3 0 3 0 3
980 3 0 3 0 3
990 3 0 3 0 3
1000 0 3 0 3 3
1010 0 0 0 0 3
1020 0 0 0 0 3
1030 0 0 0 0 0
1040 0 0 0 0 0
1050 0 0 0 0 0
1060 0 0 0 0 0
1070 0 0 0 0 0
1080 0 0 0 0 0
1090 0 0 0 0 0
1100 0 0 0 0 0
1110 0 0 0 0 0
1120 0 0 0 0 0
1130 0 0 0 0 0
1140 0 0 0 0 0
1150 0 0 0 0 0
1160 0 0 0 0 0
1170 0 0 0 0 0
1180 0 0 0 0 0
1190 0 0 0 0 0
1200 0 0 0 0 0
1210 0 0 0 0 0
1220 0 0 0 0 0
1230 3 0 0 0 0
1240 3 0 0 0 0
1250 3 0 0 3 0
1260 3 0 0 3 0
1270 0 3 0 3 0
1280 0 3 3 0 0
1290 0 3 3 0 0
1300 0 0 3 0 0
1310 0 0 3 0 0
1320 0 0 3 0 0
1330 0 0 3 0 0
1340 0 0 3 0 0
1350 0 0 3 0 0
1360 0 0 3 0 0
1370 0 3 3 0 0
1380 3 0 3 0 0
1390 3 0 0 3 0
1400 3 0 0 0 0
1410 3 0 0 0 0
1420 3 0 0 0 0
1430 3 0 0 0 0
1440 3 0 0 0 0
1450 3 0 0 0 0
1460 3 0 0 0 0
1470 3 0 0 0 1
1480 3 0 0 0 1
1490 3 0 0 0 1
1500 3 0 0 0 1
1510 3 0 0 0 1
1520 3 0 0 0 1
1530 3 0 0 0 1
1540 3 0 0 0 1
1550 3 0 0 0 1
1560 3 0 0 3 1
1570 3 0 3 0 1
1580 3 0 3 0 1
1590 3 0 3 0 1
1600 3 0 3 0 1
1610 3 0 3 0 1
1620 3 0 3 0 1
1630 3 0 3 0 2
1640 3 0 3 0 2
1650 3 0 3 0 2
1660 3 0 0 0 2
1670 3 0 0 0 2
1680 3 0 0 0 2
1690 3 0 0 0 2
1700 3 0 0 3 2
1710 3 0 0 3 2
1720 3 0 0 3 2
1730 3 0 0 3 2
1740 3 0 0 3 2
1750 3 0 0 3 2
1760 3 0 0 0 2
1770 3 0 0 0 2
1780 3 0 0 0 2
1790 3 0 0 3 2
1800 3 0 0 3 2
1810 3 0 0 3 2
1820 3 0 0 3 2
1830 3 0 0 3 2
1840 3 0 0 3 2
1850 3 0 0 3 2
1860 3 0 0 3 2
1870 3 0 0 3 2
1880 3 0 0 3 2
1890 3 0 0 3 2
1900 3 0 0 3 2
1910 0 3 0 3 2
1920 0 3 0 3 2
1930 0 0 0 3 2
1940 0 0 0 3 2
1950 0 0 0 3 2
1960 0 0 0 3 2
1970 0 0 0 3 2
1980 0 0 3 0 2
1990 0 3 3 0 2
2000 0 3 3 0 2
2010 0 3 3 0 2
2020 0 3 3 0 2
2030 0 0 3 0 2
2040 0 0 3 0 2
2050 0 0 3 0 2
2060 0 0 3 0 2
2070 3 0 3 0 2
2080 3 0 3 0 2
2090 3 0 3 0 3
2100 3 0 3 0 3
2110 3 0 3 0 3
2120 3 0 3 0 3
2130 3 0 3 0 3
2140 3 0 3 0 3
2150 3 0 3 0 3
2160 3 0 3 0 3
2170 3 0 3 0 3
2180 3 0 3 0 3
2190 3 0 3 0 3
2200 3 0 3 0 3
2210 3 0 3 0 3
2220 0 0 0 0 3
2230 0 0 0 0 3
2240 0 0 0 0 3
2250 0 0 0 0 3
2260 0 0 0 0 3
2270 0 0 0 0 3
2280 0 0 0 0 3
2290 0 0 0 0 3
2300 0 0 0 0 3
2310 0 0 0 0 3
2320 0 0 0 0 3
2330 0 0 0 0 3
2340 0 0 0 0 3
2350 0 0 0 0 3
2360 0 0 0 0 3
2370 0 0 0 0 3
