0 0 0 0 0 0
10 0 0 0 0 0
20 0 0 0 0 0
30 0 0 0 0 0
40 0 0 0 0 0
50 0 0 0 0 0
60 0 0 0 3 0
70 0 0 0 3 0
80 0 0 3 0 0
90 0 0 3 0 0
100 0 0 3 0 0
110 0 0 3 0 0
120 0 0 3 0 0
130 0 0 3 0 0
140 0 0 3 0 0
150 0 0 3 0 0
160 3 0 3 0 0
170 3 0 0 3 0
180 3 0 0 0 0
190 3 0 0 0 0
200 3 0 0 0 0
210 3 0 0 0 0
220 3 0 0 0 0
230 3 0 0 0 1
240 3 0 0 0 1
250 3 0 0 0 1
260 3 0 0 0 1
270 3 0 0 0 1
280 3 0 0 0 1
290 3 0 0 0 1
300 3 0 0 3 1
310 3 0 0 3 1
320 3 0 0 0 0
330 3 0 0 0 0
340 3 0 0 0 0
350 3 0 0 0 0
360 3 0 0 0 0
370 3 0 0 0 1
380 3 0 0 0 1
390 3 0 0 0 1
400 3 0 0 0 1
410 3 0 0 0 1
420 3 0 3 0 1
430 3 0 3 0 1
440 3 0 3 0 1
450 3 0 3 0 1
460 3 0 3 0 1
470 3 0 3 0 1
480 3 0 3 0 1
490 3 0 3 0 1
500 3 0 3 0 2
510 3 0 3 0 2
520 3 0 3 0 2
530 3 0 3 0 3
540 3 0 3 0 3
550 3 0 3 0 3
560 3 0 3 0 3
570 3 0 3 0 3
580 0 0 0 0 3
590 0 0 0 0 0
600 0 0 0 0 0
610 0 0 0 0 0
620 0 0 0 0 0
630 0 0 0 3 0
640 0 0 3 0 0
650 0 0 3 0 0
660 0 0 3 0 0
670 0 0 3 0 0
680 0 0 3 0 0
690 0 0 3 0 0
700 0 0 3 0 0
710 0 0 3 0 0
720 0 0 3 0 0
730 0 0 3 0 0
740 0 0 3 0 0
750 3 0 3 0 0
760 3 0 0 3 0
770 3 0 0 0 0
780 3 0 0 0 0
790 3 0 0 0 0
800 3 0 0 0 0
810 3 0 0 0 1
820 3 0 0 0 1
830 3 0 0 0 1
840 3 0 0 0 1
850 3 0 0 0 1
860 3 0 0 0 1
870 3 0 3 0 1
880 3 0 3 0 1
890 3 0 3 0 1
900 3 0 3 0 1
910 3 0 3 0 2
920 3 0 3 0 2
930 3 0 3 0 2
940 3 0 3 0 2
950 3 0 3 0 3
960 3 0 3 0 3
970 3 0 3 0 3
980 3 0 3 0 3
990 0 0 0 0 3
1000 0 0 0 0 3
1010 0 0 0 0 3
1020 0 0 0 0 3
1030 0 0 0 0 3
1040 0 0 0 0 3
1050 0 0 0 0 3
1060 0 0 0 0 3
1070 0 0 0 0 3
1080 0 0 0 0 3
1090 0 0 0 0 3
1100 0 0 0 0 3
1110 0 0 0 0 3
1120 0 0 0 0 3
1130 0 0 0 0 3
1140 0 0 0 0 3
1150 0 0 0 0 3
