0 0 0 0 0 0
10 0 0 0 0 0
20 0 0 0 0 0
30 0 0 0 0 0
40 0 0 0 0 0
50 0 3 0 0 0
60 0 3 0 0 0
70 0 3 0 0 0
80 0 3 0 0 0
90 3 0 0 0 0
100 3 0 0 0 0
110 3 0 0 0 0
120 3 0 0 0 0
130 3 0 0 0 0
140 3 0 0 0 0
150 3 0 0 0 0
160 3 0 0 0 0
170 3 0 0 0 0
180 3 0 0 0 0
190 3 0 0 0 0
200 3 0 0 0 1
210 3 0 0 0 1
220 3 0 0 0 1
230 3 0 0 0 1
240 3 0 0 0 1
250 3 0 0 0 1
260 3 0 0 0 1
270 3 0 0 0 1
280 3 0 0 0 1
290 3 0 0 0 1
300 3 0 0 0 1
310 3 0 0 0 1
320 3 0 0 0 1
330 3 0 3 0 1
340 3 0 3 0 1
350 3 0 3 0 1
360 3 0 3 0 1
370 3 0 3 0 1
380 3 0 3 0 1
390 3 0 3 0 1
400 3 0 3 0 1
410 3 0 3 0 1
420 3 0 3 0 2
430 3 0 3 0 2
440 3 0 3 0 2
450 3 0 3 0 2
460 3 0 3 0 2
470 3 0 3 0 2
480 3 0 3 0 2
490 3 0 3 0 2
500 3 0 3 0 2
510 3 0 3 0 2
520 3 0 3 0 3
530 3 0 3 0 3
540 3 0 3 0 3
550 3 0 0 3 3
560 0 0 0 3 3
570 0 0 0 3 3
580 0 0 0 3 3
590 0 0 0 0 0
600 0 0 0 0 0
610 0 0 0 0 0
620 0 0 0 0 0
630 0 0 0 0 0
640 0 0 0 0 0
650 0 0 0 0 0
660 3 0 0 3 0
670 3 0 0 3 0
680 3 0 0 3 0
690 3 0 0 3 0
700 3 0 3 0 0
710 3 0 3 0 0
720 3 0 3 0 0
730 3 0 3 0 0
740 3 0 3 0 0
750 0 0 0 0 0
760 0 0 0 0 0
770 0 0 0 0 0
780 0 0 0 0 0
790 0 0 0 0 0
800 0 0 0 0 0
810 0 0 0 0 0
820 0 0 0 0 0
830 0 3 0 0 0
840 3 0 0 0 0
850 3 0 0 0 0
860 3 0 0 0 0
870 3 0 0 0 0
880 3 0 0 0 0
890 3 0 0 0 0
900 3 0 0 0 0
910 3 0 0 0 0
920 3 0 0 0 0
930 3 0 0 0 0
940 3 0 0 0 0
950 3 0 0 0 0
960 3 0 0 0 1
970 3 0 0 0 1
980 3 0 0 0 1
990 3 0 0 0 1
1000 3 0 0 0 1
1010 3 0 0 0 1
1020 3 0 0 0 1
1030 3 0 0 0 1
1040 3 0 0 0 1
1050 3 0 0 0 1
1060 3 0 0 0 1
1070 3 0 0 0 1
1080 3 0 0 0 1
1090 3 0 0 0 1
1100 3 0 0 0 1
1110 3 0 0 0 1
1120 3 0 3 0 1
1130 3 0 3 0 1
1140 3 0 3 0 1
1150 3 0 3 0 2
1160 3 0 3 0 2
1170 3 0 3 0 2
1180 3 0 3 0 2
1190 3 0 3 0 2
1200 3 0 3 0 2
1210 3 0 3 0 2
1220 3 0 3 0 2
1230 3 0 3 0 2
1240 3 0 3 0 2
1250 3 0 3 0 3
1260 3 0 3 0 3
1270 3 0 3 0 3
1280 3 0 3 0 3
1290 3 0 0 0 3
1300 3 0 0 0 3
1310 0 0 0 0 3
1320 0 0 0 0 3
1330 0 0 0 0 3
1340 0 0 0 0 3
1350 0 0 0 0 3
1360 0 0 0 0 3
1370 0 0 0 0 3
1380 0 0 0 0 3
1390 0 0 0 0 3
1400 0 0 0 0 3
1410 0 0 0 0 3
1420 0 0 0 0 3
1430 0 0 0 0 3
1440 0 0 0 0 3
1450 0 0 0 0 3
1460 0 0 0 0 3
1470 0 0 0 0 3
1480 0 0 0 0 3
1490 0 0 0 0 3
1500 0 0 0 0 3
1510 0 0 0 0 3
1520 0 0 0 0 3
1530 0 0 0 0 3
1540 0 0 0 0 3
1550 0 0 0 0 3
1560 0 0 0 0 3
1570 0 0 0 0 3
1580 0 0 0 0 3
1590 0 0 0 0 3
1600 0 0 0 0 3
1610 0 0 0 0 3
