0 0 0 0 0 0
10 0 0 0 0 0
20 0 0 0 0 0
30 0 0 0 0 0
40 0 0 0 0 0
50 0 0 3 0 0
60 0 0 3 0 0
70 0 0 3 0 0
80 0 0 3 0 0
90 0 0 3 0 0
100 0 0 3 0 0
110 0 0 3 0 0
120 0 0 3 0 0
130 0 0 3 0 0
140 0 0 3 0 0
150 0 0 3 0 0
160 3 0 3 0 0
170 3 0 0 3 0
180 3 0 0 3 0
190 3 0 0 3 0
200 3 0 0 3 0
210 3 0 0 3 0
220 3 0 0 3 0
230 3 0 0 0 0
240 3 0 0 0 0
250 3 0 0 0 0
260 3 0 0 0 0
270 3 0 0 0 0
280 3 0 0 0 0
290 3 0 0 0 0
300 3 0 0 0 0
310 3 0 0 0 0
320 3 0 0 0 0
330 3 0 0 0 0
340 3 0 0 0 1
350 3 0 0 0 1
360 3 0 0 0 1
370 3 0 0 0 1
380 3 0 0 0 1
390 3 0 0 0 1
400 3 0 0 0 1
410 3 0 0 0 1
420 3 0 0 0 1
430 3 0 0 0 1
440 3 0 0 0 1
450 3 0 0 0 1
460 3 0 0 3 1
470 3 0 3 0 1
480 3 0 3 0 1
490 3 0 3 0 1
500 3 0 3 0 1
510 3 0 3 0 1
520 3 0 3 0 1
530 3 0 3 0 1
540 3 0 3 0 1
550 3 0 3 0 1
560 3 0 3 0 1
570 3 0 3 0 1
580 3 0 3 0 1
590 3 0 3 0 2
600 3 0 3 0 2
610 3 0 3 0 2
620 3 0 3 0 2
630 3 0 3 0 2
640 3 0 3 0 2
650 3 0 3 0 2
660 3 0 3 0 2
670 3 0 3 0 2
680 3 0 3 0 3
690 3 0 3 0 3
700 3 0 3 0 3
710 3 0 3 0 3
720 3 0 3 0 3
730 3 0 3 0 3
740 0 0 3 0 3
750 0 0 3 0 3
760 0 0 3 0 3
770 0 0 3 0 3
780 0 0 3 0 3
790 0 0 3 0 3
800 0 0 3 0 3
810 0 0 3 0 3
820 0 0 3 0 3
830 0 0 3 0 3
840 0 3 3 0 3
850 0 0 3 0 3
860 0 0 3 0 3
870 0 0 3 0 3
880 0 0 3 0 3
890 0 0 3 0 3
900 0 0 3 0 3
910 0 0 3 0 3
920 0 3 3 0 3
930 3 0 3 0 3
940 3 0 3 0 3
950 3 0 3 0 3
960 3 0 3 0 3
970 3 0 3 0 3
980 3 0 3 0 3
990 3 0 3 0 3
1000 3 0 3 0 3
1010 3 0 3 0 3
1020 3 0 3 0 3
1030 3 0 3 0 3
1040 0 3 3 0 3
1050 0 0 0 3 3
1060 0 0 0 0 3
1070 0 0 0 0 3
1080 0 0 0 0 3
1090 0 0 0 0 0
1100 0 0 0 0 0
1110 0 0 0 0 0
1120 0 0 0 0 0
1130 0 0 0 0 0
1140 0 0 0 0 0
1150 0 0 3 0 0
1160 0 0 3 0 0
1170 0 0 3 0 0
1180 0 0 3 0 0
1190 0 0 3 0 0
1200 0 0 3 0 0
1210 0 0 3 0 0
1220 0 0 3 0 0
1230 0 0 3 0 0
1240 0 0 3 0 0
1250 0 0 3 0 0
1260 0 0 3 0 0
1270 0 0 3 0 0
1280 3 0 3 0 0
1290 3 0 0 3 0
1300 3 0 0 0 0
1310 3 0 0 0 0
1320 3 0 0 0 0
1330 3 0 0 0 0
1340 3 0 0 0 0
1350 3 0 0 0 0
1360 3 0 0 0 0
1370 3 0 0 0 0
1380 3 0 0 0 0
1390 3 0 0 0 0
1400 3 0 3 0 0
1410 3 0 3 0 0
1420 3 0 3 0 0
1430 3 0 3 0 0
1440 3 0 3 0 0
1450 3 0 3 0 0
1460 3 0 3 0 0
1470 3 0 3 0 0
1480 3 0 3 0 0
1490 3 0 3 0 0
1500 3 0 3 0 0
1510 3 0 0 0 0
1520 3 0 0 0 0
1530 3 0 0 0 0
1540 3 0 0 0 0
1550 3 0 0 0 0
1560 3 0 0 0 0
1570 3 0 0 0 0
1580 3 0 3 0 0
1590 0 3 3 0 0
1600 0 3 3 0 0
1610 0 3 3 0 0
1620 0 3 3 0 0
1630 3 0 3 0 0
1640 3 0 0 0 0
1650 3 0 0 0 0
1660 3 0 0 0 0
1670 3 0 0 0 0
1680 3 0 0 0 0
1690 3 0 0 0 0
1700 3 0 0 0 0
1710 3 0 0 0 0
1720 3 0 0 0 0
1730 3 0 0 0 0
1740 3 0 3 0 0
1750 3 0 3 0 0
1760 3 0 3 0 0
1770 3 0 3 0 0
1780 3 0 3 0 0
1790 3 0 3 0 0
1800 3 0 3 0 0
1810 3 0 0 0 0
1820 3 0 0 0 0
1830 3 0 0 0 0
1840 3 0 0 0 0
1850 3 0 0 0 0
1860 3 0 0 0 0
1870 3 0 0 0 0
1880 3 0 0 0 0
1890 3 0 0 0 0
1900 3 0 0 0 0
1910 3 0 0 0 0
1920 3 0 0 0 0
1930 3 0 0 0 0
1940 3 0 0 0 0
1950 3 0 0 0 0
1960 3 0 0 0 0
1970 3 0 0 0 0
1980 3 0 0 0 0
1990 3 0 0 0 0
2000 3 0 0 0 0
2010 3 0 0 0 0
2020 3 0 0 0 0
2030 3 0 0 0 0
2040 3 0 0 0 0
2050 3 0 0 0 0
2060 3 0 0 0 1
2070 3 0 0 0 1
2080 3 0 0 0 1
2090 3 0 0 0 1
2100 3 0 0 0 1
2110 3 0 0 0 1
2120 3 0 0 0 1
2130 3 0 0 0 1
2140 3 0 0 0 1
2150 3 0 0 0 1
2160 3 0 0 0 1
2170 3 0 0 0 1
2180 3 0 0 0 1
2190 3 0 0 0 1
2200 3 0 0 0 1
2210 3 0 0 0 1
2220 3 0 0 0 1
2230 3 0 0 0 1
2240 3 0 0 0 1
2250 3 0 3 0 1
2260 3 0 3 0 1
2270 3 0 3 0 1
2280 3 0 3 0 1
2290 3 0 3 0 1
2300 3 0 3 0 1
2310 3 0 3 0 1
2320 3 0 3 0 1
2330 3 0 3 0 1
2340 3 0 3 0 1
2350 3 0 3 0 1
2360 3 0 3 0 2
2370 3 0 3 0 2
2380 3 0 3 0 2
2390 3 0 3 0 2
2400 3 0 3 0 2
2410 3 0 3 0 2
2420 3 0 3 0 2
2430 3 0 3 0 3
2440 3 0 3 0 3
2450 3 0 3 0 3
2460 3 0 3 0 3
2470 3 0 3 0 3
2480 3 0 3 0 3
2490 3 0 3 0 3
2500 0 0 0 0 3
2510 0 0 0 0 3
2520 0 0 0 0 3
2530 0 0 0 0 3
2540 0 0 0 0 3
2550 0 0 0 0 3
2560 0 0 0 0 3
2570 0 0 0 0 3
2580 0 0 0 0 3
2590 0 0 0 0 3
2600 0 0 0 0 3
2610 0 0 0 0 3
2620 0 0 0 0 3
2630 0 0 0 0 3
2640 0 0 0 0 3
2650 0 0 0 0 3
2660 0 0 0 0 3
