0 0 0 0 0 0
10 0 0 0 0 0
20 0 0 0 0 0
30 0 0 0 0 0
40 0 0 0 0 0
50 0 0 0 0 0
60 0 0 0 0 0
70 0 0 0 0 0
80 0 0 0 0 0
90 0 0 0 0 0
100 0 0 0 0 0
110 0 0 0 0 0
120 0 0 0 0 0
130 0 0 0 0 0
140 0 0 0 0 0
150 0 0 0 0 0
160 0 0 0 0 0
170 0 0 0 0 0
180 0 0 0 0 0
190 0 0 0 0 0
200 0 0 0 0 0
210 0 0 0 0 0
220 0 0 0 0 0
230 0 0 0 0 0
240 0 0 0 0 0
250 0 0 0 0 0
260 0 0 0 0 0
270 0 0 0 0 0
280 0 0 0 0 0
290 0 0 0 0 0
300 0 3 0 0 0
310 0 3 0 0 0
320 3 0 0 0 0
330 3 0 0 0 0
340 3 0 0 0 0
350 3 0 0 0 0
360 3 0 0 0 0
370 3 0 0 0 0
380 3 0 0 0 0
390 3 0 0 0 0
400 3 0 0 0 0
410 3 0 0 0 0
420 3 0 0 0 0
430 3 0 0 0 1
440 3 0 0 0 1
450 3 0 0 0 1
460 3 0 0 0 1
470 3 0 0 0 1
480 3 0 0 0 1
490 3 0 0 0 1
500 3 0 0 0 1
510 3 0 0 0 1
520 3 0 0 0 1
530 3 0 0 0 1
540 3 0 0 0 1
550 3 0 0 0 1
560 3 0 0 0 1
570 3 0 0 3 1
580 3 0 0 3 1
590 3 0 0 3 1
600 3 0 0 3 1
610 3 0 0 3 1
620 3 0 0 0 1
630 3 0 0 0 1
640 3 0 0 3 1
650 3 0 0 3 1
660 3 0 0 3 1
670 3 0 0 3 1
680 3 0 0 3 1
690 3 0 0 3 1
700 3 0 0 3 1
710 3 0 0 3 1
720 3 0 0 3 1
730 3 0 0 3 1
740 3 0 0 3 1
750 3 0 0 3 1
760 3 0 0 3 1
770 3 0 0 3 1
780 3 0 0 3 1
790 3 0 0 3 1
800 3 0 0 3 1
810 3 0 0 3 1
820 3 0 0 3 1
830 3 0 0 3 1
840 3 0 0 3 1
850 3 0 0 3 1
860 3 0 0 3 1
870 3 0 0 3 1
880 3 0 0 3 1
890 3 0 0 3 1
900 3 0 0 3 1
910 3 0 0 3 1
920 3 0 0 3 1
930 3 0 0 3 1
940 3 0 0 3 1
950 3 0 0 3 1
960 3 0 0 3 1
970 3 0 0 3 1
980 3 0 0 3 1
990 3 0 0 3 1
1000 3 0 0 3 1
1010 3 0 0 3 0
1020 3 0 0 3 0
1030 3 0 0 3 0
1040 3 0 0 3 0
1050 3 0 0 3 1
1060 3 0 0 3 1
1070 3 0 0 3 1
1080 3 0 0 3 1
1090 3 0 0 3 1
1100 3 0 0 3 1
1110 3 0 0 3 1
1120 3 0 0 3 1
1130 3 0 0 3 1
1140 3 0 0 3 1
1150 3 0 0 3 1
1160 3 0 0 3 1
1170 3 0 3 0 1
1180 3 0 3 0 1
1190 3 0 3 0 1
1200 3 0 3 0 1
1210 3 0 3 0 1
1220 3 0 3 0 2
1230 3 0 3 0 2
1240 3 0 3 0 2
1250 3 0 3 0 2
1260 3 0 3 0 2
1270 3 0 3 0 3
1280 3 0 3 0 3
1290 3 0 3 0 3
1300 3 0 3 0 3
1310 3 0 3 0 3
1320 3 0 3 0 3
1330 3 0 3 0 3
1340 0 0 0 0 3
1350 0 0 0 0 0
1360 0 0 0 0 0
1370 0 0 0 0 0
1380 0 0 0 0 0
1390 0 0 0 0 0
1400 0 0 0 0 0
1410 0 0 0 0 0
1420 0 0 0 0 0
1430 0 0 0 0 0
1440 0 0 0 0 0
1450 0 0 0 0 0
1460 0 0 0 0 0
1470 0 0 0 0 0
1480 0 0 0 0 0
1490 0 0 0 0 0
1500 0 0 0 0 0
1510 0 0 0 0 0
1520 0 0 0 0 0
1530 0 0 0 0 0
1540 0 0 0 0 0
1550 0 0 0 0 0
1560 0 0 0 0 0
1570 0 0 0 0 0
1580 0 0 0 0 0
1590 0 0 0 0 0
1600 0 0 0 0 0
1610 0 0 0 0 0
1620 0 0 0 0 0
1630 0 0 0 0 0
1640 0 3 0 0 0
1650 3 0 0 0 0
1660 3 0 0 0 0
1670 3 0 0 0 0
1680 3 0 0 0 0
1690 3 0 0 0 0
1700 3 0 0 0 0
1710 3 0 0 0 0
1720 3 0 0 0 0
1730 3 0 0 0 0
1740 3 0 0 0 0
1750 3 0 0 0 0
1760 3 0 0 0 0
1770 3 0 0 0 0
1780 3 0 0 0 0
1790 3 0 0 0 1
1800 3 0 0 0 1
1810 3 0 0 0 1
1820 3 0 0 0 1
1830 3 0 0 0 1
1840 3 0 0 0 1
1850 3 0 0 0 1
1860 3 0 0 0 1
1870 3 0 0 0 1
1880 3 0 0 0 1
1890 3 0 0 0 1
1900 3 0 0 0 1
1910 3 0 0 0 1
1920 3 0 0 0 1
1930 3 0 0 0 1
1940 3 0 0 0 1
1950 3 0 0 0 1
1960 3 0 0 0 1
1970 3 0 0 0 1
1980 3 0 0 0 1
1990 3 0 0 0 1
2000 3 0 0 3 1
2010 3 0 0 3 1
2020 3 0 0 3 1
2030 3 0 0 3 1
2040 3 0 0 3 1
2050 3 0 0 3 1
2060 3 0 0 3 1
2070 3 0 0 3 1
2080 3 0 0 3 1
2090 3 0 0 3 1
2100 3 0 0 3 1
2110 3 0 0 3 1
2120 3 0 0 3 1
2130 3 0 0 3 1
2140 3 0 0 3 1
2150 3 0 0 3 1
2160 3 0 0 3 1
2170 3 0 0 3 1
2180 3 0 0 3 1
2190 3 0 0 3 1
2200 3 0 0 3 1
2210 3 0 0 3 1
2220 3 0 3 0 1
2230 3 0 3 0 1
2240 3 0 3 0 1
2250 3 0 3 0 1
2260 3 0 3 0 1
2270 3 0 3 0 1
2280 3 0 3 0 1
2290 3 0 3 0 1
2300 3 0 3 0 1
2310 3 0 3 0 1
2320 3 0 3 0 1
2330 3 0 3 0 2
2340 3 0 3 0 2
2350 3 0 3 0 2
2360 3 0 3 0 2
2370 3 0 3 0 2
2380 3 0 3 0 2
2390 3 0 3 0 2
2400 3 0 3 0 3
2410 3 0 3 0 3
2420 3 0 3 0 3
2430 3 0 3 0 3
2440 3 0 3 0 3
2450 3 0 3 0 3
2460 3 0 3 0 3
2470 3 0 3 0 3
2480 3 0 3 0 3
2490 3 0 3 0 3
2500 3 0 3 0 3
2510 0 0 0 0 3
2520 0 0 0 0 3
2530 0 0 0 0 3
2540 0 0 0 0 3
2550 0 0 0 0 3
2560 0 0 0 0 3
2570 0 0 0 0 3
2580 0 0 0 0 3
2590 0 0 0 0 3
2600 0 0 0 0 3
2610 0 0 0 0 3
2620 0 0 0 0 3
2630 0 0 0 0 3
2640 0 0 0 0 3
2650 0 0 0 0 3
2660 0 0 0 0 3
2670 0 0 0 0 3
2680 0 0 0 0 3
2690 0 0 0 0 3
2700 0 0 0 0 3
2710 0 0 0 0 3
2720 0 0 0 0 3
