0 0 0 0 0 0
10 0 0 0 0 0
20 0 0 0 0 0
30 0 0 0 0 0
40 0 0 3 0 0
50 0 0 3 0 0
60 0 0 3 0 0
70 0 0 3 0 0
80 0 0 3 0 0
90 0 0 3 0 0
100 0 0 3 0 0
110 0 0 3 0 0
120 0 0 3 0 0
130 0 0 3 0 0
140 0 0 3 0 0
150 0 0 3 0 0
160 0 0 3 0 0
170 0 0 3 0 0
180 0 0 3 0 0
190 0 0 3 0 0
200 0 3 3 0 0
210 0 3 3 0 0
220 3 0 3 0 0
230 3 0 0 3 0
240 3 0 0 0 0
250 3 0 0 0 0
260 3 0 0 0 0
270 3 0 0 0 0
280 3 0 0 0 0
290 3 0 0 0 0
300 3 0 0 0 0
310 3 0 0 0 0
320 3 0 0 0 0
330 3 0 0 0 0
340 3 0 0 0 1
350 3 0 0 0 1
360 3 0 0 0 1
370 3 0 0 0 1
380 3 0 0 0 1
390 3 0 0 0 1
400 3 0 0 0 1
410 3 0 0 0 1
420 3 0 0 0 1
430 3 0 0 3 1
440 3 0 0 3 1
450 3 0 3 0 1
460 3 0 3 0 1
470 3 0 3 0 1
480 3 0 3 0 1
490 3 0 3 0 1
500 3 0 3 0 1
510 3 0 3 0 1
520 3 0 3 0 2
530 3 0 3 0 2
540 3 0 3 0 2
550 3 0 3 0 2
560 3 0 3 0 3
570 3 0 3 0 3
580 3 0 3 0 3
590 3 0 3 0 3
600 3 0 3 0 3
610 3 0 0 3 3
620 0 3 0 0 3
630 0 3 0 0 3
640 0 0 0 0 0
650 0 0 0 0 0
660 0 0 0 0 0
670 0 0 0 0 0
680 0 0 0 0 0
690 0 0 0 3 0
700 0 0 3 0 0
710 0 0 3 0 0
720 0 0 3 0 0
730 0 0 3 0 0
740 0 0 3 0 0
750 0 0 3 0 0
760 0 0 3 0 0
770 0 0 3 0 0
780 0 0 3 0 0
790 0 3 3 0 0
800 3 0 3 0 0
810 0 0 3 0 0
820 0 0 3 0 0
830 0 0 3 0 0
840 3 0 3 0 0
850 3 0 3 0 0
860 3 0 0 3 0
870 3 0 0 0 0
880 3 0 0 0 0
890 3 0 0 0 0
900 3 0 0 0 0
910 3 0 0 0 0
920 3 0 0 0 0
930 3 0 0 0 0
940 3 0 0 0 0
950 3 0 0 0 1
960 3 0 0 0 1
970 3 0 0 0 1
980 3 0 0 0 1
990 3 0 0 0 1
1000 3 0 0 0 1
1010 3 0 0 0 1
1020 3 0 0 0 1
1030 3 0 0 0 1
1040 3 0 0 0 1
1050 3 0 3 0 1
1060 3 0 3 0 1
1070 3 0 3 0 1
1080 3 0 3 0 1
1090 3 0 3 0 1
1100 3 0 3 0 1
1110 3 0 3 0 1
1120 3 0 3 0 2
1130 3 0 3 0 2
1140 3 0 3 0 2
1150 3 0 3 0 3
1160 3 0 3 0 3
1170 3 0 3 0 3
1180 3 0 3 0 3
1190 3 0 3 0 3
1200 3 0 3 0 3
1210 3 0 3 0 3
1220 3 0 0 0 3
1230 0 0 0 0 3
1240 0 0 0 0 3
1250 0 0 0 0 3
1260 0 0 0 0 3
1270 0 0 0 0 3
1280 0 0 0 0 3
1290 0 0 0 0 3
1300 0 0 0 0 3
1310 0 0 0 0 3
1320 0 0 0 0 3
1330 0 0 0 0 3
1340 0 0 0 0 3
1350 0 0 0 0 3
1360 0 0 0 0 3
1370 0 0 0 0 3
1380 0 0 0 0 3
1390 0 0 0 0 3
1400 0 0 0 0 3
1410 0 0 0 0 3
1420 0 0 0 0 3
1430 0 0 0 0 3
1440 0 0 0 0 3
1450 0 0 0 0 3
1460 0 0 0 0 3
1470 0 0 0 0 3
1480 0 0 0 0 3
1490 0 0 0 0 3
1500 0 0 0 0 3
1510 0 0 0 0 3
1520 0 0 0 0 3
1530 0 0 0 0 3
1540 0 0 0 0 3
1550 0 0 0 0 3
1560 0 0 0 0 3
1570 0 0 0 0 3
1580 0 0 0 0 3
1590 0 0 0 0 3
1600 0 0 0 0 3
1610 0 0 0 0 3
1620 0 0 0 0 3
1630 0 0 0 0 3
1640 0 0 0 0 3
1650 0 0 0 0 3
1660 0 0 0 0 3
1670 0 0 0 0 3
1680 0 0 0 0 3
1690 0 0 0 0 3
1700 0 0 0 0 3
1710 0 0 0 0 3
1720 0 0 0 0 3
1730 0 0 0 0 3
1740 0 0 0 0 3
1750 0 0 0 0 3
1760 0 0 0 0 3
1770 0 0 0 0 3
1780 0 0 0 0 3
1790 0 0 0 0 3
1800 0 0 0 0 3
1810 0 0 0 0 3
1820 0 0 0 0 3
1830 0 0 0 0 3
1840 0 0 0 0 3
1850 0 0 0 0 3
1860 0 0 0 0 3
1870 0 0 0 0 3
1880 0 0 0 0 3
1890 0 0 0 0 3
1900 0 0 0 0 3
1910 0 0 0 0 3
1920 0 0 0 0 3
1930 0 0 0 0 3
1940 0 0 0 0 3
1950 0 0 0 0 3
1960 0 0 0 0 3
1970 0 0 0 0 3
1980 0 0 0 0 3
1990 0 0 0 0 3
2000 0 0 0 0 3
2010 0 0 0 0 3
2020 0 0 0 0 3
2030 0 0 0 0 3
2040 0 0 0 0 3
2050 0 0 0 0 3
2060 0 0 0 0 3
2070 0 0 0 0 3
2080 0 0 0 0 3
2090 0 0 0 0 3
2100 0 0 0 0 3
2110 0 0 0 0 3
2120 0 0 0 0 3
2130 0 0 0 0 3
2140 0 0 0 0 3
2150 0 0 0 0 3
2160 0 0 0 0 3
2170 0 0 0 0 3
2180 0 0 0 0 3
2190 0 0 0 0 3
2200 0 0 0 0 3
2210 0 0 0 0 3
2220 0 0 0 0 3
2230 0 0 0 0 3
2240 0 0 0 0 3
2250 0 0 0 0 3
