0 0 0 3 0 0
10 0 0 3 0 0
20 0 0 3 0 0
30 3 0 3 0 0
40 3 0 0 0 0
50 3 0 0 0 0
60 3 0 0 0 0
70 3 0 0 0 0
80 3 0 0 0 0
90 3 0 0 0 0
100 3 0 0 0 1
110 3 0 0 0 1
120 3 0 0 0 1
130 3 0 0 0 1
140 3 0 0 0 1
150 3 0 0 0 1
160 3 0 0 3 1
170 3 0 0 3 1
180 3 0 0 3 1
190 3 0 0 3 1
200 3 0 0 3 1
210 3 0 3 0 1
220 3 0 3 0 1
230 3 0 3 0 1
240 3 0 3 0 1
250 3 0 3 0 2
260 3 0 3 0 2
270 3 0 3 0 2
280 3 0 0 0 2
290 3 0 0 0 2
300 3 0 0 0 2
310 3 0 0 0 2
320 3 0 0 3 2
330 3 0 3 0 2
340 3 0 3 0 3
350 3 0 3 0 3
360 3 0 3 0 3
370 3 0 3 0 3
380 3 0 3 0 3
390 3 0 3 0 3
400 0 3 0 0 3
410 0 0 0 0 3
420 0 0 0 0 0
430 0 0 0 0 0
440 0 0 0 0 0
450 0 0 0 3 0
460 0 0 3 0 0
470 0 0 3 0 0
480 0 0 3 0 0
490 0 0 3 0 0
500 0 0 3 0 0
510 3 0 3 0 0
520 3 0 3 0 0
530 3 0 0 0 0
540 3 0 0 0 0
550 3 0 0 0 0
560 3 0 0 0 0
570 3 0 0 0 0
580 3 0 0 0 1
590 3 0 0 0 1
600 3 0 0 0 1
610 3 0 0 0 1
620 3 0 0 0 1
630 3 0 0 0 1
640 3 0 0 0 1
650 3 0 0 3 1
660 3 0 3 0 1
670 3 0 3 0 1
680 3 0 3 0 2
690 3 0 3 0 2
700 3 0 0 3 2
710 3 0 0 0 2
720 3 0 0 0 2
730 3 0 0 0 2
740 3 0 0 0 2
750 3 0 0 3 2
760 3 0 0 3 2
770 3 0 0 3 2
780 3 0 0 0 2
790 3 0 0 0 2
800 3 0 0 0 2
810 3 0 0 0 2
820 3 0 0 3 2
830 3 0 3 0 2
840 3 0 3 0 2
850 3 0 3 0 2
860 3 0 3 0 3
870 3 0 3 0 3
880 3 0 3 0 3
890 3 0 3 0 3
900 3 0 3 0 3
910 3 0 3 0 3
920 0 0 3 0 3
930 0 0 0 0 3
940 0 0 0 0 3
950 0 0 0 0 3
960 0 0 0 0 3
970 0 0 0 0 3
980 0 0 0 0 3
990 0 0 0 0 3
1000 0 0 0 0 3
1010 0 0 0 0 3
