0 0 0 0 0 0
10 0 0 0 0 0
20 0 0 0 0 0
30 0 0 0 0 0
40 0 3 0 0 0
50 3 0 0 0 0
60 3 0 0 0 0
70 3 0 0 0 0
80 3 0 0 0 0
90 3 0 0 0 0
100 3 0 0 0 0
110 3 0 0 0 0
120 3 0 0 0 0
130 3 0 3 0 0
140 0 0 3 0 0
150 0 0 3 0 0
160 0 0 3 0 0
170 0 0 3 0 0
180 0 0 3 0 0
190 0 0 3 0 0
200 0 0 3 0 0
210 0 0 3 0 0
220 3 0 3 0 0
230 3 0 3 0 0
240 3 0 0 0 0
250 3 0 0 0 0
260 3 0 0 0 0
270 3 0 0 0 0
280 3 0 0 0 0
290 3 0 0 0 0
300 3 0 0 0 0
310 3 0 0 0 1
320 3 0 0 0 1
330 3 0 0 0 1
340 3 0 0 0 1
350 3 0 0 3 1
360 3 0 3 0 1
370 3 0 3 0 1
380 3 0 3 0 1
390 3 0 3 0 1
400 3 0 3 0 2
410 3 0 3 0 2
420 3 0 3 0 2
430 3 0 3 0 2
440 3 0 3 0 2
450 3 0 3 0 2
460 3 0 3 0 3
470 3 0 3 0 3
480 3 0 3 0 3
490 3 0 3 0 3
500 3 0 3 0 3
510 3 0 3 0 3
520 0 3 3 0 3
530 0 0 3 0 3
540 0 0 3 0 3
550 0 0 3 0 3
560 0 0 3 0 3
570 0 3 3 0 3
580 3 0 3 0 3
590 3 0 3 0 3
600 3 0 3 0 3
610 3 0 3 0 3
620 3 0 3 0 3
630 0 0 3 0 3
640 0 0 0 0 3
650 0 0 0 0 0
660 0 0 0 0 0
670 0 0 0 0 0
680 0 0 0 0 0
690 0 0 0 0 0
700 0 0 0 0 0
710 0 0 0 0 0
720 0 0 0 0 0
730 0 0 0 0 0
740 3 0 0 0 0
750 3 0 0 0 0
760 3 0 0 0 0
770 3 0 0 0 0
780 3 0 0 0 0
790 3 0 0 0 0
800 3 0 0 0 0
810 3 0 0 0 0
820 3 0 3 0 0
830 0 0 3 0 0
840 0 0 3 0 0
850 0 0 3 0 0
860 0 0 3 0 0
870 0 0 3 0 0
880 0 0 3 0 0
890 0 0 3 0 0
900 0 0 3 0 0
910 0 0 3 0 0
920 0 0 3 0 0
930 0 0 3 0 0
940 0 0 3 0 0
950 0 0 3 0 0
960 0 0 3 0 0
970 0 0 3 0 0
980 3 0 3 0 0
990 3 0 3 0 0
1000 3 0 0 3 0
1010 3 0 0 3 0
1020 3 0 0 0 0
1030 3 0 0 0 0
1040 3 0 0 0 0
1050 3 0 0 0 0
1060 3 0 0 0 0
1070 3 0 0 0 0
1080 3 0 0 0 0
1090 3 0 0 0 1
1100 3 0 0 0 1
1110 3 0 0 0 1
1120 3 0 0 0 1
1130 3 0 0 0 1
1140 3 0 0 0 1
1150 3 0 0 0 1
1160 3 0 0 0 1
1170 3 0 0 0 1
1180 3 0 0 0 1
1190 3 0 0 0 1
1200 3 0 0 3 1
1210 3 0 0 3 1
1220 3 0 0 3 1
1230 3 0 3 0 1
1240 3 0 3 0 1
1250 3 0 3 0 1
1260 3 0 3 0 1
1270 3 0 3 0 2
1280 3 0 3 0 2
1290 3 0 3 0 2
1300 3 0 3 0 2
1310 3 0 3 0 2
1320 3 0 3 0 2
1330 3 0 3 0 2
1340 3 0 3 0 2
1350 3 0 3 0 2
1360 3 0 3 0 2
1370 3 0 0 0 2
1380 3 0 0 0 2
1390 3 0 0 0 2
1400 3 0 0 0 2
1410 3 0 0 0 2
1420 3 0 3 0 2
1430 3 0 3 0 2
1440 3 0 3 0 2
1450 3 0 3 0 2
1460 3 0 3 0 2
1470 3 0 3 0 2
1480 3 0 0 0 2
1490 3 0 0 0 2
1500 3 0 0 0 2
1510 3 0 3 0 2
1520 3 0 3 0 2
1530 3 0 3 0 2
1540 3 0 3 0 2
1550 3 0 3 0 2
1560 3 0 0 0 2
1570 3 0 0 0 2
1580 3 0 0 0 2
1590 3 0 0 0 2
1600 3 0 0 0 2
1610 3 0 0 0 2
1620 3 0 0 0 2
1630 3 0 0 0 2
1640 3 0 0 0 2
1650 3 0 0 0 2
1660 3 0 3 0 2
1670 3 0 3 0 2
1680 3 0 3 0 2
1690 3 0 3 0 2
1700 3 0 3 0 2
1710 3 0 3 0 2
1720 3 0 3 0 2
1730 3 0 0 0 2
1740 3 0 0 0 2
1750 3 0 0 0 2
1760 3 0 0 0 2
1770 3 0 0 0 2
1780 3 0 0 3 2
1790 3 0 0 3 2
1800 3 0 0 3 2
1810 3 0 0 0 2
1820 3 0 0 0 2
1830 3 0 0 0 2
1840 3 0 0 0 2
1850 3 0 0 3 2
1860 3 0 0 3 2
1870 3 0 3 0 2
1880 3 0 3 0 2
1890 3 0 3 0 2
1900 3 0 3 0 2
1910 0 3 3 0 2
1920 0 0 3 0 2
1930 0 0 3 0 2
1940 0 0 3 0 2
1950 0 0 3 0 2
1960 3 0 3 0 2
1970 3 0 3 0 2
1980 3 0 3 0 3
1990 3 0 3 0 3
2000 0 3 3 0 3
2010 0 3 3 0 3
2020 0 3 3 0 3
2030 3 0 3 0 3
2040 3 0 3 0 3
2050 3 0 3 0 3
2060 3 0 3 0 3
2070 3 0 3 0 3
2080 3 0 3 0 3
2090 3 0 3 0 3
2100 0 3 3 0 3
2110 0 0 0 0 3
2120 0 0 0 0 3
2130 0 0 0 0 3
2140 0 0 0 0 3
2150 0 0 0 0 3
2160 0 0 0 0 3
2170 0 0 0 0 3
2180 0 0 0 0 3
2190 0 0 0 0 3
2200 0 0 0 0 3
2210 0 0 0 0 3
2220 0 0 0 0 3
2230 0 0 0 0 3
2240 0 0 0 0 3
2250 0 0 0 0 3
2260 0 0 0 0 3
2270 0 0 0 0 3
2280 0 0 0 0 3
