0 0 0 0 0 0
10 0 0 0 0 0
20 0 0 0 0 0
30 0 0 0 0 0
40 0 0 0 0 0
50 0 0 0 0 0
60 0 0 0 0 0
70 0 0 0 0 0
80 0 0 0 0 0
90 0 0 0 0 0
100 0 0 0 0 0
110 0 0 0 3 0
120 0 0 3 0 0
130 0 0 3 0 0
140 0 0 3 0 0
150 0 0 3 0 0
160 0 0 3 0 0
170 0 0 3 0 0
180 0 0 3 0 0
190 0 0 3 0 0
200 0 0 3 0 0
210 0 3 3 0 0
220 3 0 3 0 0
230 3 0 0 3 0
240 3 0 0 0 0
250 3 0 0 0 0
260 3 0 0 0 0
270 3 0 0 0 0
280 3 0 0 0 0
290 3 0 0 0 0
300 3 0 0 0 0
310 3 0 0 0 0
320 3 0 0 0 0
330 3 0 0 0 0
340 3 0 0 0 1
350 3 0 0 0 1
360 3 0 0 0 1
370 3 0 0 0 1
380 3 0 0 0 1
390 3 0 0 0 1
400 3 0 0 0 1
410 3 0 0 3 1
420 3 0 3 0 1
430 3 0 3 0 1
440 3 0 3 0 1
450 3 0 3 0 1
460 3 0 3 0 1
470 3 0 3 0 2
480 3 0 3 0 2
490 3 0 3 0 2
500 3 0 3 0 2
510 3 0 3 0 2
520 3 0 3 0 2
530 3 0 3 0 3
540 3 0 3 0 3
550 3 0 3 0 3
560 3 0 3 0 3
570 3 0 3 0 3
580 3 0 3 0 3
590 3 0 3 0 3
600 3 0 3 0 3
610 3 0 3 0 3
620 3 0 3 0 3
630 3 0 0 3 3
640 0 3 0 3 3
650 0 3 0 0 3
660 0 0 0 0 3
670 0 0 0 0 0
680 0 0 0 0 0
690 0 0 0 0 0
700 0 0 0 0 0
710 0 0 0 0 0
720 0 0 0 0 0
730 0 0 0 0 0
740 0 0 0 0 0
750 0 0 0 0 0
760 0 0 0 0 0
770 0 0 0 0 0
780 0 0 3 0 0
790 0 0 3 0 0
800 0 0 3 0 0
810 0 0 3 0 0
820 0 0 3 0 0
830 0 0 3 0 0
840 0 0 3 0 0
850 0 0 3 0 0
860 0 0 3 0 0
870 0 0 3 0 0
880 0 3 3 0 0
890 3 0 3 0 0
900 3 0 3 0 0
910 3 0 0 0 0
920 3 0 0 0 0
930 3 0 0 0 0
940 3 0 0 0 0
950 3 0 0 0 0
960 3 0 0 0 0
970 3 0 0 0 0
980 3 0 0 0 1
990 3 0 0 0 1
1000 3 0 0 0 1
1010 3 0 0 0 1
1020 3 0 0 0 1
1030 3 0 0 0 1
1040 3 0 0 0 1
1050 3 0 0 0 1
1060 3 0 0 0 1
1070 3 0 0 0 1
1080 3 0 0 3 1
1090 3 0 3 0 1
1100 3 0 3 0 1
1110 3 0 3 0 1
1120 3 0 3 0 1
1130 3 0 3 0 1
1140 3 0 3 0 2
1150 3 0 3 0 2
1160 3 0 3 0 2
1170 3 0 3 0 3
1180 3 0 3 0 3
1190 3 0 3 0 3
1200 3 0 0 0 3
1210 3 0 0 0 3
1220 3 0 0 0 3
1230 0 3 0 0 3
1240 0 3 0 0 3
1250 0 3 0 0 3
1260 0 3 0 0 3
1270 0 3 0 0 3
1280 0 0 0 0 3
1290 0 0 0 0 3
1300 0 0 0 0 3
1310 0 0 0 0 3
1320 0 0 0 0 3
1330 0 0 0 0 3
1340 0 0 0 0 3
1350 0 0 0 0 3
1360 0 0 0 0 3
1370 0 0 0 0 3
1380 0 0 0 0 3
