0 0 0 0 0 0
10 0 0 0 0 0
20 0 0 0 0 0
30 0 0 0 0 0
40 0 0 0 0 0
50 0 0 0 0 0
60 0 0 0 0 0
70 0 0 0 3 0
80 0 0 3 0 0
90 0 0 3 0 0
100 0 0 3 0 0
110 0 0 3 0 0
120 0 0 3 0 0
130 0 0 3 0 0
140 0 0 3 0 0
150 3 0 3 0 0
160 3 0 0 3 0
170 3 0 0 3 0
180 3 0 0 3 0
190 3 0 0 0 0
200 3 0 0 0 0
210 3 0 0 0 0
220 3 0 0 0 0
230 3 0 0 0 0
240 3 0 0 0 0
250 3 0 0 0 0
260 3 0 0 0 1
270 3 0 0 0 1
280 3 0 0 0 1
290 3 0 0 0 1
300 3 0 0 0 1
310 3 0 0 0 1
320 3 0 0 0 1
330 3 0 0 3 1
340 3 0 0 3 1
350 3 0 3 0 1
360 3 0 3 0 1
370 3 0 3 0 1
380 3 0 3 0 1
390 3 0 3 0 2
400 3 0 3 0 2
410 3 0 3 0 2
420 3 0 3 0 2
430 3 0 3 0 3
440 3 0 3 0 3
450 3 0 3 0 3
460 3 0 3 0 3
470 0 0 3 0 3
480 0 0 0 0 3
490 0 0 0 0 3
500 0 0 0 0 0
510 0 0 0 3 0
520 0 0 0 3 0
530 0 0 3 0 0
540 0 0 3 0 0
550 0 0 3 0 0
560 0 0 3 0 0
570 0 0 3 0 0
580 0 0 3 0 0
590 0 0 3 0 0
600 0 0 3 0 0
610 0 0 3 0 0
620 0 0 3 0 0
630 0 0 3 0 0
640 0 0 3 0 0
650 0 0 3 0 0
660 0 0 3 0 0
670 3 0 3 0 0
680 3 0 0 3 0
690 3 0 0 0 0
700 3 0 0 0 0
710 3 0 0 0 0
720 3 0 0 0 0
730 3 0 0 0 0
740 3 0 0 0 0
750 3 0 0 0 0
760 3 0 0 0 0
770 3 0 0 0 0
780 3 0 0 0 0
790 3 0 0 0 0
800 3 0 0 0 0
810 3 0 3 0 0
820 3 0 3 0 0
830 0 0 3 0 0
840 0 0 3 0 0
850 0 0 3 0 0
860 0 0 3 0 0
870 0 0 3 0 0
880 0 0 3 0 0
890 0 0 3 0 0
900 0 0 3 0 0
910 0 3 3 0 0
920 3 0 3 0 0
930 3 0 0 3 0
940 3 0 0 0 0
950 3 0 0 0 0
960 3 0 0 0 0
970 3 0 0 0 0
980 3 0 0 0 0
990 3 0 0 0 1
1000 3 0 0 0 1
1010 3 0 0 0 1
1020 3 0 0 0 1
1030 3 0 0 0 1
1040 3 0 0 3 1
1050 3 0 3 0 1
1060 3 0 3 0 1
1070 3 0 3 0 1
1080 3 0 3 0 2
1090 3 0 3 0 2
1100 3 0 3 0 2
1110 3 0 3 0 2
1120 3 0 3 0 3
1130 3 0 3 0 3
1140 3 0 3 0 3
1150 3 0 3 0 3
1160 0 3 0 0 3
1170 0 0 0 0 3
1180 0 0 0 0 3
1190 0 0 0 0 3
1200 0 0 0 0 3
1210 0 0 0 0 3
1220 0 0 0 0 3
1230 0 0 0 0 3
1240 0 0 0 0 3
1250 0 0 0 0 3
1260 0 0 0 0 3
1270 0 0 0 0 3
1280 0 0 0 0 3
1290 0 0 0 0 3
1300 0 0 0 0 3
1310 0 0 0 0 3
1320 0 0 0 0 3
1330 0 0 0 0 3
1340 0 0 0 0 3
1350 0 0 0 0 3
1360 0 0 0 0 3
1370 0 0 0 0 3
1380 0 0 0 0 3
1390 0 0 0 0 3
1400 0 0 0 0 3
