0 0 0 0 0 0
10 0 0 0 0 0
20 0 0 0 0 0
30 0 0 0 0 0
40 0 0 3 0 0
50 0 0 3 0 0
60 0 0 3 0 0
70 0 0 3 0 0
80 0 0 3 0 0
90 0 0 3 0 0
100 0 0 3 0 0
110 0 0 3 0 0
120 0 0 3 0 0
130 0 0 3 0 0
140 0 0 3 0 0
150 0 0 3 0 0
160 0 3 3 0 0
170 0 3 3 0 0
180 0 3 3 0 0
190 0 0 3 0 0
200 0 0 3 0 0
210 0 0 3 0 0
220 0 0 3 0 0
230 0 0 3 0 0
240 0 0 0 3 0
250 0 0 0 3 0
260 0 0 0 3 0
270 0 0 3 0 0
280 0 0 3 0 0
290 0 0 3 0 0
300 0 0 3 0 0
310 0 0 3 0 0
320 0 0 3 0 0
330 0 0 3 0 0
340 0 0 3 0 0
350 0 0 3 0 0
360 0 3 3 0 0
370 3 0 3 0 0
380 3 0 0 3 0
390 3 0 0 3 0
400 3 0 0 0 0
410 3 0 0 0 0
420 3 0 0 0 0
430 3 0 0 0 0
440 3 0 0 0 0
450 3 0 0 0 0
460 3 0 0 0 0
470 3 0 0 0 0
480 3 0 0 0 0
490 3 0 0 0 0
500 3 0 0 0 1
510 3 0 0 0 1
520 3 0 0 0 0
530 3 0 0 0 0
540 3 0 0 0 0
550 3 0 0 0 0
560 3 0 0 0 0
570 3 0 0 0 0
580 3 0 0 0 0
590 3 0 0 0 0
600 3 0 0 0 0
610 3 0 0 0 0
620 3 0 0 0 0
630 3 0 0 0 1
640 3 0 0 0 1
650 3 0 0 0 1
660 3 0 0 0 1
670 3 0 0 0 1
680 3 0 0 0 1
690 3 0 0 0 1
700 3 0 0 0 1
710 3 0 0 0 1
720 3 0 0 0 1
730 3 0 0 0 1
740 3 0 0 0 1
750 3 0 0 0 1
760 3 0 0 0 1
770 3 0 0 0 1
780 3 0 0 0 1
790 3 0 0 0 1
800 3 0 3 0 1
810 3 0 3 0 1
820 3 0 3 0 2
830 3 0 3 0 2
840 3 0 3 0 2
850 3 0 3 0 2
860 3 0 3 0 2
870 3 0 3 0 2
880 3 0 3 0 2
890 3 0 3 0 2
900 3 0 3 0 2
910 3 0 3 0 2
920 0 0 3 0 2
930 0 0 3 0 2
940 0 0 3 0 2
950 0 3 3 0 2
960 0 3 3 0 2
970 0 3 3 0 2
980 3 0 3 0 2
990 3 0 3 0 2
1000 3 0 3 0 2
1010 3 0 3 0 2
1020 3 0 3 0 2
1030 3 0 3 0 3
1040 3 0 3 0 3
1050 3 0 3 0 3
1060 3 0 3 0 3
1070 3 0 3 0 3
1080 3 0 3 0 3
1090 3 0 3 0 3
1100 3 0 3 0 3
1110 0 0 0 0 3
1120 0 0 0 0 3
1130 0 0 0 0 3
1140 0 0 0 0 3
1150 0 0 0 0 3
1160 0 0 0 0 3
1170 0 0 0 0 3
1180 0 0 0 0 3
1190 0 0 0 0 3
1200 3 0 0 0 3
1210 3 0 0 0 3
1220 3 0 0 0 3
1230 3 0 0 0 3
1240 3 0 0 0 3
1250 3 0 0 0 3
1260 3 0 0 3 3
1270 3 0 0 3 3
1280 3 0 3 0 3
1290 3 0 3 0 3
1300 3 0 3 0 3
1310 3 0 3 0 3
1320 3 0 3 0 3
1330 3 0 3 0 3
1340 3 0 3 0 3
1350 3 0 3 0 3
1360 0 0 0 0 3
1370 0 0 0 0 0
1380 0 0 0 0 0
1390 0 0 0 0 0
1400 0 0 0 0 0
1410 0 0 0 0 0
1420 0 0 0 0 0
1430 0 0 0 0 0
1440 0 0 0 0 0
1450 0 0 0 3 0
1460 0 0 3 0 0
1470 0 0 3 0 0
1480 0 0 3 0 0
1490 0 0 3 0 0
1500 0 0 3 0 0
1510 0 0 3 0 0
1520 0 0 3 0 0
1530 0 0 3 0 0
1540 0 3 3 0 0
1550 0 3 3 0 0
1560 0 3 3 0 0
1570 3 0 3 0 0
1580 3 0 0 3 0
1590 3 0 0 3 0
1600 3 0 0 0 0
1610 3 0 0 0 0
1620 3 0 0 0 0
1630 3 0 0 0 0
1640 3 0 0 0 0
1650 3 0 0 0 0
1660 3 0 0 0 0
1670 3 0 0 0 0
1680 3 0 0 0 0
1690 3 0 0 0 0
1700 3 0 0 0 0
1710 3 0 0 0 0
1720 3 0 0 0 0
1730 3 0 0 0 0
1740 3 0 0 0 0
1750 3 0 0 0 0
1760 3 0 0 0 1
1770 3 0 0 0 1
1780 3 0 0 0 1
1790 3 0 0 0 1
1800 3 0 0 0 1
1810 3 0 0 0 1
1820 3 0 0 0 1
1830 3 0 0 0 1
1840 3 0 0 0 1
1850 3 0 0 0 1
1860 3 0 0 0 1
1870 3 0 0 0 1
1880 3 0 0 0 1
1890 3 0 0 0 1
1900 3 0 0 0 1
1910 3 0 0 0 1
1920 3 0 0 0 1
1930 3 0 0 0 1
1940 3 0 0 0 1
1950 3 0 0 0 1
1960 3 0 0 0 1
1970 3 0 0 0 1
1980 3 0 3 0 1
1990 3 0 3 0 1
2000 3 0 3 0 1
2010 3 0 3 0 1
2020 3 0 3 0 1
2030 3 0 3 0 1
2040 3 0 3 0 1
2050 3 0 3 0 1
2060 3 0 3 0 1
2070 3 0 3 0 1
2080 3 0 3 0 1
2090 3 0 3 0 1
2100 3 0 3 0 2
2110 3 0 3 0 2
2120 3 0 3 0 2
2130 3 0 3 0 2
2140 3 0 3 0 2
2150 3 0 3 0 2
2160 3 0 3 0 3
2170 3 0 3 0 3
2180 3 0 3 0 3
2190 3 0 3 0 3
2200 3 0 3 0 3
2210 0 0 3 0 3
2220 0 0 0 3 3
2230 0 0 0 0 3
2240 0 0 0 0 3
2250 0 0 0 0 3
2260 0 0 0 0 3
2270 0 0 0 0 3
2280 0 0 0 0 3
2290 0 0 0 0 3
2300 0 0 0 0 3
2310 0 0 0 0 3
2320 0 0 0 0 3
2330 0 0 0 0 3
2340 0 0 0 0 3
2350 0 0 0 0 3
2360 0 0 0 0 3
2370 0 0 0 0 3
2380 0 0 0 0 3
2390 0 0 0 0 3
2400 0 0 0 0 3
2410 0 0 0 0 3
2420 0 0 0 0 3
