0 3 0 0 0 0
10 3 0 0 0 0
20 3 0 0 0 0
30 3 0 0 0 0
40 3 0 0 0 0
50 3 0 0 0 0
60 3 0 0 0 0
70 3 0 0 0 0
80 3 0 0 0 0
90 3 0 0 3 0
100 3 0 0 3 0
110 3 0 3 0 0
120 3 0 3 0 0
130 3 0 3 0 0
140 3 0 3 0 0
150 3 0 0 3 0
160 3 0 0 0 0
170 3 0 0 0 0
180 3 0 0 0 0
190 3 0 0 0 0
200 3 0 0 0 0
210 3 0 0 0 0
220 3 0 0 0 0
230 3 0 0 0 0
240 3 0 0 0 0
250 3 0 0 0 0
260 3 0 0 0 0
270 3 0 0 0 0
280 3 0 0 0 0
290 3 0 0 0 1
300 3 0 0 0 1
310 3 0 0 0 1
320 3 0 0 0 1
330 3 0 0 0 1
340 3 0 0 0 1
350 3 0 0 0 1
360 3 0 0 0 1
370 3 0 0 0 1
380 3 0 0 0 1
390 3 0 0 0 1
400 3 0 0 0 1
410 3 0 0 0 1
420 3 0 0 0 1
430 3 0 0 0 1
440 3 0 0 0 1
450 3 0 0 0 1
460 3 0 0 0 1
470 3 0 0 0 1
480 3 0 0 0 1
490 3 0 0 0 1
500 3 0 0 0 1
510 3 0 0 0 1
520 3 0 0 0 1
530 3 0 0 0 1
540 3 0 0 3 1
550 3 0 0 3 1
560 3 0 0 3 1
570 3 0 0 3 1
580 3 0 0 3 1
590 3 0 0 3 1
600 3 0 0 3 1
610 3 0 0 3 1
620 3 0 0 3 1
630 3 0 0 3 1
640 3 0 0 3 1
650 3 0 0 3 1
660 3 0 3 0 1
670 3 0 3 0 1
680 3 0 3 0 1
690 3 0 3 0 1
700 3 0 3 0 1
710 3 0 3 0 1
720 3 0 3 0 1
730 3 0 3 0 1
740 3 0 3 0 1
750 3 0 3 0 2
760 3 0 3 0 2
770 3 0 3 0 2
780 3 0 3 0 2
790 3 0 3 0 2
800 3 0 3 0 2
810 3 0 3 0 3
820 3 0 3 0 3
830 3 0 3 0 3
840 3 0 3 0 3
850 0 3 0 3 3
860 0 3 0 3 3
870 0 0 0 0 3
880 0 0 0 0 0
890 0 0 0 0 0
900 0 0 0 0 0
910 0 0 0 3 0
920 0 0 3 0 0
930 0 0 3 0 0
940 0 0 3 0 0
950 0 0 3 0 0
960 0 0 3 0 0
970 0 0 3 0 0
980 0 0 3 0 0
990 0 0 3 0 0
1000 0 0 3 0 0
1010 3 0 3 0 0
1020 3 0 0 0 0
1030 3 0 0 0 0
1040 3 0 0 0 0
1050 3 0 0 0 0
1060 3 0 0 0 0
1070 3 0 0 0 0
1080 3 0 0 0 0
1090 3 0 0 0 0
1100 3 0 0 0 0
1110 3 0 0 0 0
1120 3 0 0 0 1
1130 3 0 0 0 1
1140 3 0 0 0 1
1150 3 0 0 0 1
1160 3 0 0 0 1
1170 3 0 0 0 1
1180 3 0 0 0 1
1190 3 0 0 0 1
1200 3 0 0 0 1
1210 3 0 0 0 1
1220 3 0 0 0 1
1230 3 0 0 0 1
1240 3 0 0 0 1
1250 3 0 0 0 1
1260 3 0 0 0 1
1270 3 0 0 0 1
1280 3 0 0 0 1
1290 3 0 0 0 1
1300 3 0 3 0 1
1310 3 0 3 0 1
1320 3 0 3 0 1
1330 3 0 3 0 1
1340 3 0 3 0 1
1350 3 0 3 0 1
1360 3 0 3 0 2
1370 3 0 3 0 2
1380 3 0 3 0 2
1390 3 0 3 0 2
1400 3 0 3 0 2
1410 3 0 3 0 3
1420 3 0 3 0 3
1430 3 0 3 0 3
1440 3 0 3 0 3
1450 3 0 3 0 3
1460 3 0 3 0 3
1470 3 0 0 3 3
1480 3 0 0 3 3
1490 3 0 0 0 3
1500 0 0 0 0 3
1510 0 0 0 0 3
1520 0 0 0 0 3
1530 0 0 0 0 3
1540 0 0 0 0 3
1550 0 0 0 0 3
1560 0 0 0 0 3
1570 0 0 0 0 3
1580 0 0 0 0 3
1590 0 0 0 0 3
1600 0 0 0 0 3
1610 0 0 0 0 3
1620 0 0 0 0 3
1630 0 0 0 0 3
1640 0 0 0 0 3
