0 0 0 0 0 0
10 0 0 0 0 0
20 0 0 0 0 0
30 0 0 0 0 0
40 0 0 0 0 0
50 0 0 0 0 0
60 0 0 0 0 0
70 0 0 0 0 0
80 0 0 0 3 0
90 0 0 0 3 0
100 0 0 0 0 0
110 0 0 0 0 0
120 0 0 0 0 0
130 0 0 0 0 0
140 0 0 3 0 0
150 0 0 3 0 0
160 0 0 3 0 0
170 0 0 3 0 0
180 0 0 3 0 0
190 0 0 3 0 0
200 0 0 3 0 0
210 0 0 3 0 0
220 0 3 3 0 0
230 3 0 3 0 0
240 3 0 0 3 0
250 3 0 0 0 0
260 3 0 0 0 0
270 3 0 0 0 0
280 3 0 0 0 0
290 3 0 0 0 1
300 3 0 0 0 1
310 3 0 0 0 1
320 3 0 0 0 1
330 3 0 0 0 1
340 3 0 0 0 1
350 3 0 3 0 1
360 3 0 3 0 1
370 3 0 3 0 1
380 3 0 3 0 1
390 3 0 3 0 1
400 3 0 3 0 1
410 3 0 3 0 2
420 3 0 3 0 2
430 3 0 3 0 2
440 3 0 3 0 2
450 3 0 3 0 2
460 3 0 3 0 2
470 3 0 3 0 3
480 3 0 3 0 3
490 3 0 3 0 3
500 3 0 3 0 3
510 3 0 3 0 3
520 0 3 0 0 3
530 0 3 0 0 3
540 0 3 0 0 3
550 0 0 0 0 3
560 0 0 0 0 0
570 0 0 0 0 0
580 0 0 0 0 0
590 0 0 0 0 0
600 0 0 3 0 0
610 0 0 3 0 0
620 0 0 3 0 0
630 0 0 3 0 0
640 0 0 3 0 0
650 0 0 3 0 0
660 0 0 3 0 0
670 0 0 3 0 0
680 0 3 3 0 0
690 3 0 0 3 0
700 3 0 0 3 0
710 3 0 0 0 0
720 3 0 0 0 0
730 3 0 0 0 0
740 3 0 0 0 0
750 3 0 0 0 0
760 3 0 0 0 1
770 3 0 0 0 1
780 3 0 0 0 0
790 3 0 0 0 0
800 3 0 0 0 0
810 3 0 0 0 1
820 3 0 0 0 1
830 3 0 0 0 1
840 3 0 0 0 1
850 3 0 0 0 1
860 3 0 0 0 1
870 3 0 0 0 1
880 3 0 0 0 1
890 3 0 0 0 1
900 3 0 0 0 1
910 3 0 0 0 1
920 3 0 0 0 1
930 3 0 0 0 1
940 3 0 0 0 1
950 3 0 0 0 1
960 3 0 0 0 1
970 3 0 3 0 1
980 3 0 3 0 1
990 3 0 3 0 1
1000 3 0 3 0 1
1010 3 0 3 0 1
1020 3 0 3 0 1
1030 3 0 3 0 1
1040 3 0 3 0 2
1050 3 0 3 0 2
1060 3 0 3 0 2
1070 3 0 3 0 2
1080 3 0 3 0 2
1090 3 0 3 0 2
1100 3 0 3 0 2
1110 3 0 3 0 3
1120 3 0 3 0 3
1130 3 0 3 0 3
1140 3 0 3 0 3
1150 3 0 3 0 3
1160 3 0 3 0 3
1170 3 0 3 0 3
1180 3 0 3 0 3
1190 3 0 3 0 3
1200 0 3 0 0 3
1210 0 3 0 0 3
1220 0 3 0 0 3
1230 0 0 0 3 3
1240 0 0 0 3 3
1250 0 0 0 0 3
1260 0 0 0 0 3
1270 0 0 0 0 3
1280 0 0 0 0 3
1290 0 0 0 0 3
1300 0 0 0 0 3
1310 0 0 0 0 3
1320 0 0 0 0 3
1330 0 0 0 0 3
1340 0 0 0 0 3
1350 0 0 0 0 3
1360 0 0 0 0 3
1370 0 0 0 0 3
1380 0 0 0 0 3
1390 0 0 0 0 3
