0 0 0 0 0 0
10 0 0 0 0 0
20 0 0 0 0 0
30 0 0 0 0 0
40 0 0 0 0 0
50 0 0 0 0 0
60 0 0 0 0 0
70 0 0 0 0 0
80 0 0 0 3 0
90 0 0 3 0 0
100 0 0 3 0 0
110 0 0 3 0 0
120 0 0 3 0 0
130 0 0 3 0 0
140 0 0 3 0 0
150 0 0 3 0 0
160 3 0 3 0 0
170 3 0 0 3 0
180 3 0 0 0 0
190 3 0 0 0 0
200 3 0 0 0 0
210 3 0 0 0 1
220 3 0 0 0 1
230 3 0 0 0 1
240 3 0 0 0 1
250 3 0 0 0 1
260 3 0 3 0 1
270 3 0 3 0 1
280 3 0 3 0 1
290 3 0 3 0 1
300 3 0 3 0 1
310 3 0 3 0 2
320 3 0 3 0 2
330 3 0 3 0 2
340 3 0 3 0 2
350 3 0 3 0 3
360 3 0 3 0 3
370 3 0 3 0 3
380 3 0 0 3 3
390 0 3 0 3 3
400 0 0 0 0 3
410 0 0 0 0 0
420 0 0 0 0 0
430 0 0 0 0 0
440 0 0 0 0 0
450 3 0 0 0 0
460 3 0 0 0 0
470 3 0 0 0 0
480 3 0 0 0 0
490 3 0 0 0 0
500 3 0 0 0 0
510 3 0 0 0 0
520 3 0 0 0 0
530 3 0 3 0 0
540 3 0 3 0 0
550 0 3 3 0 0
560 0 0 3 0 0
570 0 0 3 0 0
580 0 0 3 0 0
590 0 0 3 0 0
600 0 0 3 0 0
610 3 0 0 3 0
620 3 0 0 0 0
630 3 0 0 0 0
640 3 0 0 0 0
650 3 0 0 0 0
660 3 0 0 0 0
670 3 0 0 0 1
680 3 0 0 0 1
690 3 0 0 0 1
700 3 0 0 0 1
710 3 0 0 0 1
720 3 0 0 0 1
730 3 0 3 0 1
740 3 0 3 0 1
750 3 0 3 0 1
760 3 0 3 0 1
770 3 0 3 0 1
780 3 0 3 0 1
790 3 0 3 0 2
800 3 0 3 0 2
810 3 0 3 0 2
820 3 0 3 0 2
830 3 0 3 0 3
840 3 0 3 0 3
850 3 0 3 0 3
860 3 0 0 0 3
870 0 3 0 0 3
880 0 3 0 0 3
890 3 0 0 0 3
900 3 0 0 0 3
910 0 3 0 0 3
920 0 3 0 0 3
930 0 0 0 0 3
940 0 0 0 0 3
950 0 0 0 0 3
960 0 0 0 0 3
970 0 0 0 0 3
980 0 0 0 0 3
990 0 0 0 0 3
1000 0 0 0 0 3
1010 0 0 0 0 3
1020 0 0 0 0 3
1030 0 0 0 0 3
1040 0 0 0 0 3
1050 0 0 0 0 3
1060 0 0 0 0 3
1070 0 0 0 0 3
