0 0 0 0 0 0
10 0 0 0 0 0
20 0 0 0 0 0
30 0 0 0 0 0
40 0 0 0 0 0
50 0 0 0 0 0
60 0 0 0 0 0
70 0 0 0 0 0
80 0 0 0 0 0
90 0 0 0 0 0
100 0 0 0 0 0
110 0 0 0 0 0
120 0 0 0 0 0
130 0 3 0 0 0
140 3 0 0 0 0
150 3 0 0 0 0
160 3 0 0 0 0
170 3 0 0 0 0
180 3 0 0 0 0
190 3 0 0 0 0
200 3 0 0 0 0
210 3 0 0 0 0
220 3 0 3 0 0
230 3 0 3 0 0
240 3 0 3 0 0
250 0 0 3 0 0
260 0 0 3 0 0
270 0 0 3 0 0
280 0 0 3 0 0
290 0 0 3 0 0
300 0 0 3 0 0
310 0 0 3 0 0
320 3 0 3 0 0
330 3 0 0 3 0
340 3 0 0 0 0
350 3 0 0 0 0
360 3 0 0 0 0
370 3 0 0 0 0
380 3 0 0 0 0
390 3 0 0 0 0
400 3 0 0 0 0
410 3 0 0 0 0
420 3 0 0 0 1
430 3 0 0 0 1
440 3 0 0 0 1
450 3 0 0 0 1
460 3 0 0 0 1
470 3 0 0 0 1
480 3 0 0 0 1
490 3 0 0 0 1
500 3 0 0 0 1
510 3 0 0 0 1
520 3 0 0 0 1
530 3 0 0 0 1
540 3 0 0 0 1
550 3 0 0 0 1
560 3 0 0 0 1
570 3 0 0 0 1
580 3 0 0 0 1
590 3 0 0 0 1
600 3 0 0 0 1
610 3 0 0 0 1
620 3 0 0 0 1
630 3 0 0 0 1
640 3 0 0 0 1
650 3 0 0 0 1
660 3 0 0 0 1
670 3 0 0 0 0
680 3 0 0 0 0
690 3 0 0 0 0
700 3 0 0 0 0
710 3 0 0 0 0
720 3 0 0 0 0
730 3 0 0 0 0
740 3 0 3 0 0
750 3 0 3 0 0
760 3 0 3 0 0
770 3 0 3 0 0
780 3 0 3 0 0
790 3 0 3 0 0
800 3 0 3 0 0
810 3 0 3 0 0
820 3 0 3 0 0
830 3 0 3 0 0
840 3 0 3 0 0
850 3 0 0 3 0
860 3 0 0 0 0
870 3 0 0 0 0
880 3 0 0 0 0
890 3 0 0 0 0
900 3 0 0 0 0
910 3 0 0 0 0
920 3 0 0 0 0
930 3 0 0 0 0
940 3 0 0 0 1
950 3 0 0 0 1
960 3 0 0 0 1
970 3 0 0 0 1
980 3 0 0 0 1
990 3 0 0 0 0
1000 3 0 0 0 0
1010 3 0 0 0 0
1020 3 0 0 0 0
1030 3 0 0 0 0
1040 3 0 0 0 0
1050 0 3 0 0 0
1060 0 0 0 0 0
1070 0 0 0 0 0
1080 0 0 0 0 0
1090 0 0 0 0 0
1100 3 0 0 0 0
1110 3 0 0 3 0
1120 3 0 0 3 0
1130 3 0 0 3 0
1140 3 0 3 0 0
1150 3 0 3 0 0
1160 3 0 3 0 0
1170 3 0 3 0 0
1180 3 0 3 0 0
1190 3 0 3 0 0
1200 3 0 3 0 0
1210 3 0 3 0 0
1220 3 0 3 0 0
1230 3 0 3 0 0
1240 3 0 3 0 0
1250 3 0 3 0 0
1260 3 0 3 0 0
1270 0 3 3 0 0
1280 0 0 0 0 0
1290 0 0 0 0 0
1300 0 0 0 0 0
1310 0 0 0 0 0
1320 0 0 0 0 0
1330 0 3 0 0 0
1340 0 3 0 0 0
1350 3 0 0 0 0
1360 3 0 0 0 0
1370 3 0 0 0 0
1380 3 0 0 0 0
1390 3 0 0 0 0
1400 3 0 0 0 0
1410 3 0 0 0 0
1420 3 0 0 0 0
1430 3 0 0 0 0
1440 3 0 3 0 0
1450 0 0 3 0 0
1460 0 0 3 0 0
1470 0 0 3 0 0
1480 0 0 3 0 0
1490 0 0 3 0 0
1500 3 0 3 0 0
1510 3 0 3 0 0
1520 3 0 0 0 0
1530 3 0 0 0 0
1540 3 0 0 0 0
1550 3 0 0 0 0
1560 3 0 0 0 0
1570 3 0 0 0 0
1580 3 0 0 0 1
1590 3 0 0 0 1
1600 3 0 0 0 1
1610 3 0 0 0 1
1620 3 0 0 0 1
1630 3 0 0 0 1
1640 3 0 0 0 1
1650 3 0 0 3 1
1660 3 0 0 3 1
1670 3 0 3 0 1
1680 3 0 3 0 1
1690 3 0 3 0 1
1700 3 0 3 0 1
1710 3 0 3 0 1
1720 3 0 3 0 2
1730 3 0 3 0 2
1740 3 0 3 0 2
1750 3 0 3 0 2
1760 3 0 3 0 2
1770 3 0 3 0 2
1780 3 0 0 0 2
1790 3 0 0 0 2
1800 3 0 0 0 2
1810 3 0 0 0 2
1820 3 0 0 0 2
1830 3 0 0 0 2
1840 3 0 0 0 2
1850 3 0 0 0 2
1860 3 0 0 0 2
1870 3 0 0 0 2
1880 3 0 0 0 2
1890 3 0 0 0 2
1900 3 0 0 0 2
1910 3 0 0 0 2
1920 3 0 0 3 2
1930 3 0 3 0 2
1940 3 0 3 0 2
1950 3 0 3 0 2
1960 3 0 3 0 2
1970 3 0 3 0 2
1980 3 0 3 0 2
1990 3 0 0 0 2
2000 3 0 0 0 2
2010 3 0 0 0 2
2020 3 0 0 0 2
2030 3 0 0 0 2
2040 3 0 0 3 2
2050 3 0 0 3 2
2060 3 0 0 3 2
2070 3 0 0 3 2
2080 3 0 0 3 2
2090 3 0 0 3 2
2100 3 0 0 3 2
2110 3 0 0 3 2
2120 3 0 0 3 2
2130 3 0 0 3 2
2140 3 0 0 3 2
2150 3 0 0 3 2
2160 3 0 3 0 2
2170 3 0 3 0 2
2180 3 0 3 0 3
2190 3 0 3 0 3
2200 3 0 3 0 3
2210 3 0 3 0 3
2220 3 0 3 0 3
2230 3 0 3 0 3
2240 3 0 3 0 3
2250 3 0 3 0 3
2260 3 0 3 0 3
2270 3 0 3 0 3
2280 3 0 3 0 3
2290 3 0 3 0 3
2300 0 0 3 0 3
2310 0 0 0 0 3
2320 0 0 0 0 3
2330 0 0 0 0 0
2340 0 0 0 0 0
2350 0 0 0 0 0
2360 0 0 0 0 0
2370 0 0 0 0 0
2380 0 0 0 0 0
2390 0 3 0 0 0
2400 3 0 0 0 0
2410 3 0 0 0 0
2420 3 0 0 0 0
2430 3 0 0 0 0
2440 3 0 0 0 0
2450 3 0 0 0 0
2460 3 0 0 0 0
2470 3 0 0 0 0
2480 3 0 0 0 1
2490 3 0 0 0 1
2500 3 0 0 0 1
2510 3 0 0 0 1
2520 3 0 0 0 1
2530 3 0 0 0 1
2540 3 0 0 0 1
2550 3 0 0 0 1
2560 3 0 0 0 1
2570 3 0 0 0 1
2580 3 0 0 0 1
2590 3 0 0 0 1
2600 3 0 0 0 1
2610 3 0 0 0 1
2620 3 0 0 0 1
2630 3 0 0 0 1
2640 3 0 0 0 1
2650 3 0 0 0 1
2660 3 0 0 0 1
2670 3 0 0 0 1
2680 3 0 0 0 1
2690 3 0 0 0 0
2700 3 0 0 0 0
2710 3 0 0 0 0
2720 3 0 0 0 0
2730 3 0 0 0 0
2740 3 0 0 0 0
2750 3 0 0 0 0
2760 3 0 0 0 1
2770 3 0 0 0 1
2780 3 0 0 0 1
2790 3 0 0 0 1
2800 3 0 0 0 0
2810 3 0 0 0 0
2820 3 0 0 0 0
2830 3 0 0 0 0
2840 3 0 0 0 0
2850 3 0 0 0 0
2860 3 0 0 0 0
2870 3 0 0 0 0
2880 3 0 0 0 0
2890 3 0 3 0 0
2900 3 0 3 0 0
2910 3 0 3 0 0
2920 3 0 3 0 0
2930 3 0 3 0 0
2940 3 0 0 3 0
2950 3 0 0 3 0
2960 3 0 0 0 0
2970 3 0 0 0 0
2980 3 0 0 0 0
2990 3 0 0 0 0
3000 3 0 0 3 0
3010 3 0 3 0 0
3020 3 0 0 3 0
3030 3 0 0 3 0
3040 3 0 3 0 0
3050 0 3 3 0 0
3060 0 0 3 0 0
3070 0 0 3 0 0
3080 0 0 3 0 0
3090 0 0 3 0 0
3100 0 0 3 0 0
3110 0 3 3 0 0
3120 3 0 3 0 0
3130 3 0 3 0 0
3140 3 0 3 0 0
3150 3 0 3 0 0
3160 3 0 3 0 0
3170 3 0 3 0 0
3180 3 0 3 0 0
3190 3 0 3 0 0
3200 3 0 3 0 0
3210 3 0 3 0 0
3220 3 0 3 0 0
3230 3 0 3 0 0
3240 0 3 3 0 0
3250 0 3 3 0 0
3260 0 0 3 0 0
3270 0 0 3 0 0
3280 0 0 3 0 0
3290 0 0 3 0 0
3300 0 0 3 0 0
3310 0 3 3 0 0
3320 3 0 3 0 0
3330 3 0 0 0 0
3340 3 0 0 0 0
3350 3 0 0 0 0
3360 3 0 0 0 0
3370 3 0 0 0 0
3380 3 0 0 0 0
3390 3 0 0 0 1
3400 3 0 0 0 1
3410 3 0 0 0 1
3420 3 0 0 0 1
3430 3 0 0 0 1
3440 3 0 0 0 1
3450 3 0 0 3 1
3460 3 0 3 0 1
3470 3 0 3 0 1
3480 3 0 3 0 1
3490 3 0 3 0 1
3500 3 0 3 0 1
3510 3 0 3 0 1
3520 3 0 3 0 2
3530 3 0 3 0 2
3540 3 0 3 0 2
3550 3 0 3 0 2
3560 3 0 3 0 2
3570 3 0 0 0 2
3580 3 0 0 0 2
3590 3 0 0 0 2
3600 3 0 0 0 2
3610 3 0 0 0 2
3620 3 0 0 0 2
3630 3 0 3 0 2
3640 3 0 3 0 2
3650 3 0 3 0 2
3660 3 0 3 0 3
3670 3 0 3 0 3
3680 3 0 3 0 3
3690 3 0 3 0 3
3700 3 0 3 0 3
3710 3 0 3 0 3
3720 3 0 3 0 3
3730 3 0 3 0 3
3740 3 0 0 3 3
3750 3 0 0 3 3
3760 0 0 0 0 3
3770 0 0 0 0 3
3780 0 0 0 0 3
3790 0 0 0 0 3
3800 0 0 0 0 3
3810 0 0 0 0 3
3820 0 0 0 0 3
3830 0 0 0 0 3
3840 0 0 0 0 3
3850 0 0 0 0 3
3860 0 0 0 0 3
