0 0 0 0 0 0
10 0 0 0 0 0
20 0 0 0 0 0
30 0 0 0 0 0
40 0 0 0 0 0
50 0 0 0 0 0
60 0 0 0 0 0
70 0 0 0 0 0
80 0 3 0 0 0
90 3 0 0 0 0
100 3 0 0 0 0
110 3 0 0 0 0
120 3 0 0 0 0
130 3 0 0 3 0
140 3 0 3 0 0
150 0 3 3 0 0
160 0 0 3 0 0
170 0 0 3 0 0
180 0 0 3 0 0
190 0 0 3 0 0
200 0 0 3 0 0
210 3 0 3 0 0
220 3 0 3 0 0
230 3 0 3 0 0
240 3 0 0 0 0
250 3 0 0 0 0
260 3 0 0 0 0
270 3 0 0 0 0
280 3 0 0 0 0
290 3 0 0 0 0
300 3 0 0 0 1
310 3 0 0 0 1
320 3 0 0 0 1
330 3 0 0 0 1
340 3 0 0 0 1
350 3 0 0 0 1
360 3 0 0 3 1
370 3 0 0 3 1
380 3 0 3 0 1
390 3 0 3 0 1
400 3 0 3 0 1
410 3 0 3 0 1
420 3 0 3 0 2
430 3 0 3 0 2
440 3 0 3 0 2
450 3 0 3 0 2
460 3 0 3 0 2
470 3 0 3 0 2
480 3 0 3 0 3
490 3 0 3 0 3
500 3 0 3 0 3
510 3 0 3 0 3
520 3 0 3 0 3
530 3 0 3 0 3
540 3 0 3 0 3
550 0 3 3 0 3
560 0 0 0 3 3
570 0 0 0 0 3
580 0 0 0 0 0
590 0 0 0 0 0
600 0 0 0 0 0
610 0 0 0 0 0
620 0 0 0 0 0
630 0 0 0 0 0
640 0 3 0 0 0
650 0 0 0 0 0
660 0 0 0 0 0
670 0 0 0 0 0
680 0 0 0 0 0
690 0 0 0 0 0
700 0 3 0 0 0
710 3 0 0 0 0
720 3 0 0 0 0
730 3 0 0 0 0
740 3 0 0 0 0
750 3 0 0 0 0
760 3 0 0 3 0
770 3 0 0 3 0
780 3 0 0 3 0
790 3 0 0 3 0
800 3 0 0 3 0
810 3 0 0 3 0
820 3 0 0 3 0
830 3 0 0 3 0
840 3 0 0 3 0
850 3 0 0 0 0
860 3 0 0 0 0
870 3 0 0 0 0
880 3 0 3 0 0
890 0 3 3 0 0
900 0 0 3 0 0
910 0 0 3 0 0
920 0 0 3 0 0
930 0 0 3 0 0
940 0 3 3 0 0
950 0 3 3 0 0
960 0 0 3 0 0
970 0 0 3 0 0
980 0 3 3 0 0
990 3 0 3 0 0
1000 3 0 3 0 0
1010 3 0 0 0 0
1020 3 0 0 0 0
1030 3 0 0 0 0
1040 3 0 0 0 0
1050 3 0 0 0 0
1060 3 0 0 0 0
1070 3 0 0 0 1
1080 3 0 0 0 1
1090 3 0 0 0 1
1100 3 0 0 0 1
1110 3 0 0 3 1
1120 3 0 0 3 1
1130 3 0 3 0 1
1140 3 0 3 0 1
1150 3 0 3 0 1
1160 3 0 3 0 1
1170 3 0 3 0 1
1180 3 0 3 0 1
1190 3 0 3 0 1
1200 3 0 3 0 1
1210 3 0 3 0 1
1220 3 0 3 0 1
1230 3 0 3 0 1
1240 3 0 3 0 1
1250 3 0 3 0 2
1260 3 0 3 0 2
1270 3 0 3 0 2
1280 3 0 3 0 2
1290 3 0 3 0 2
1300 3 0 3 0 2
1310 3 0 3 0 2
1320 3 0 3 0 2
1330 3 0 3 0 2
1340 3 0 3 0 2
1350 3 0 3 0 2
1360 3 0 3 0 2
1370 3 0 3 0 3
1380 3 0 3 0 3
1390 3 0 3 0 3
1400 3 0 3 0 3
1410 3 0 3 0 3
1420 0 3 3 0 3
1430 0 0 3 0 3
1440 0 0 3 0 3
1450 0 0 3 0 3
1460 0 0 3 0 3
1470 3 0 3 0 3
1480 3 0 3 0 3
1490 3 0 3 0 3
1500 3 0 3 0 3
1510 3 0 3 0 3
1520 3 0 3 0 3
1530 3 0 3 0 3
1540 3 0 3 0 3
1550 0 3 0 3 3
1560 0 0 0 0 3
1570 0 0 0 0 3
1580 0 0 0 0 3
1590 0 0 0 0 3
1600 0 0 0 0 3
1610 0 0 0 0 3
1620 0 0 0 0 3
1630 0 0 0 0 3
1640 0 0 0 0 3
1650 0 0 0 0 3
1660 0 0 0 0 3
1670 0 0 0 0 3
1680 0 0 0 0 3
1690 0 0 0 0 3
