0 0 0 0 0 0
10 0 0 0 0 0
20 0 0 0 0 0
30 0 0 0 0 0
40 0 0 0 0 0
50 0 0 0 0 0
60 0 0 0 0 0
70 0 0 0 0 0
80 0 0 0 0 0
90 0 0 3 0 0
100 0 0 3 0 0
110 0 0 3 0 0
120 0 0 3 0 0
130 0 0 3 0 0
140 0 0 3 0 0
150 0 0 3 0 0
160 0 0 3 0 0
170 0 0 3 0 0
180 0 3 3 0 0
190 0 3 3 0 0
200 3 0 3 0 0
210 3 0 0 0 0
220 3 0 0 0 0
230 3 0 0 0 0
240 3 0 0 0 0
250 3 0 0 0 0
260 3 0 0 0 0
270 3 0 0 0 0
280 3 0 0 0 0
290 3 0 0 0 0
300 3 0 0 0 0
310 3 0 0 0 0
320 3 0 0 0 0
330 3 0 0 0 0
340 3 0 0 0 0
350 3 0 0 0 0
360 3 0 0 0 0
370 3 0 0 0 0
380 3 0 0 0 1
390 3 0 0 0 1
400 3 0 0 0 1
410 3 0 0 0 1
420 3 0 0 0 1
430 3 0 0 0 1
440 3 0 0 0 1
450 3 0 0 0 1
460 3 0 0 0 1
470 3 0 0 0 1
480 3 0 0 0 1
490 3 0 0 0 1
500 3 0 0 0 1
510 3 0 0 0 1
520 3 0 0 0 1
530 3 0 0 0 1
540 3 0 0 3 1
550 3 0 0 3 1
560 3 0 0 3 1
570 3 0 0 3 1
580 3 0 0 3 1
590 3 0 0 0 1
600 3 0 0 0 0
610 3 0 0 0 0
620 3 0 0 0 0
630 3 0 0 0 0
640 3 0 0 0 0
650 3 0 0 0 0
660 3 0 0 0 0
670 3 0 0 0 0
680 3 0 0 0 0
690 3 0 0 0 0
700 3 0 0 0 0
710 3 0 0 0 0
720 3 0 0 0 0
730 3 0 0 0 0
740 3 0 0 0 0
750 3 0 0 0 0
760 3 0 0 0 0
770 3 0 0 0 0
780 3 0 0 0 0
790 3 0 0 0 0
800 3 0 0 0 0
810 3 0 0 0 0
820 3 0 0 0 0
830 3 0 0 0 0
840 3 0 0 0 0
850 3 0 0 0 0
860 3 0 0 0 0
870 3 0 0 0 0
880 3 0 0 0 0
890 3 0 0 0 0
900 3 0 0 0 0
910 3 0 0 0 0
920 3 0 0 0 1
930 3 0 0 0 1
940 3 0 0 0 1
950 3 0 0 0 1
960 3 0 0 0 1
970 3 0 0 0 1
980 3 0 0 0 1
990 3 0 0 0 1
1000 3 0 0 0 1
1010 3 0 0 0 1
1020 3 0 0 0 1
1030 3 0 0 0 1
1040 3 0 0 0 1
1050 3 0 0 0 1
1060 3 0 0 0 1
1070 3 0 0 0 1
1080 3 0 0 0 1
1090 3 0 0 0 1
1100 3 0 0 0 1
1110 3 0 0 0 1
1120 3 0 0 0 1
1130 3 0 0 0 1
1140 3 0 0 0 1
1150 3 0 0 0 1
1160 3 0 0 0 1
1170 3 0 0 0 1
1180 3 0 0 0 1
1190 3 0 0 0 1
1200 3 0 0 0 1
1210 3 0 0 0 1
1220 3 0 0 0 1
1230 3 0 0 0 1
1240 3 0 0 0 1
1250 3 0 0 0 1
1260 3 0 3 0 1
1270 3 0 3 0 1
1280 3 0 3 0 1
1290 3 0 3 0 1
1300 3 0 3 0 1
1310 3 0 3 0 2
1320 3 0 3 0 2
1330 3 0 3 0 2
1340 3 0 3 0 2
1350 3 0 3 0 2
1360 3 0 3 0 2
1370 3 0 3 0 3
1380 3 0 3 0 3
1390 3 0 3 0 3
1400 3 0 3 0 3
1410 3 0 3 0 3
1420 3 0 0 0 3
1430 0 3 0 0 3
1440 0 3 0 0 3
1450 0 0 0 0 0
1460 0 0 0 0 0
1470 0 0 0 0 0
1480 0 0 0 0 0
1490 0 0 0 0 0
1500 0 0 0 0 0
1510 0 0 0 0 0
1520 0 0 3 0 0
1530 0 0 3 0 0
1540 0 0 3 0 0
1550 0 0 3 0 0
1560 0 0 3 0 0
1570 0 0 3 0 0
1580 0 0 3 0 0
1590 0 0 3 0 0
1600 0 0 3 0 0
1610 3 0 3 0 0
1620 3 0 0 3 0
1630 3 0 0 0 0
1640 3 0 0 0 0
1650 3 0 0 0 0
1660 3 0 0 0 0
1670 3 0 0 0 0
1680 3 0 0 0 0
1690 3 0 0 0 0
1700 3 0 0 0 0
1710 3 0 0 0 0
1720 3 0 0 0 0
1730 3 0 0 0 0
1740 3 0 0 0 0
1750 3 0 0 0 0
1760 3 0 0 0 0
1770 3 0 0 0 0
1780 3 0 0 0 0
1790 3 0 0 0 0
1800 3 0 0 0 0
1810 3 0 0 0 1
1820 3 0 0 0 1
1830 3 0 0 0 1
1840 3 0 0 0 1
1850 3 0 0 0 1
1860 3 0 0 0 1
1870 3 0 0 0 1
1880 3 0 0 0 1
1890 3 0 0 0 1
1900 3 0 0 0 1
1910 3 0 0 0 1
1920 3 0 0 3 1
1930 3 0 0 3 1
1940 3 0 3 0 1
1950 3 0 3 0 1
1960 3 0 3 0 1
1970 3 0 3 0 1
1980 3 0 3 0 2
1990 3 0 3 0 2
2000 3 0 3 0 2
2010 3 0 3 0 2
2020 3 0 3 0 2
2030 3 0 3 0 3
2040 3 0 3 0 3
2050 3 0 3 0 3
2060 3 0 3 0 3
2070 3 0 3 0 3
2080 3 0 3 0 3
2090 3 0 0 3 3
2100 0 3 0 3 3
2110 0 0 0 3 3
2120 0 0 0 0 3
2130 0 0 0 0 3
2140 0 0 0 0 3
2150 0 0 0 0 3
2160 0 0 0 0 3
2170 0 0 0 0 3
2180 0 0 0 0 3
2190 0 0 0 0 3
2200 0 0 0 0 3
2210 0 0 0 0 3
2220 0 0 0 0 3
2230 0 0 0 0 3
2240 0 0 0 0 3
2250 0 0 0 0 3
2260 0 0 0 0 3
2270 0 0 0 0 3
2280 0 0 0 0 3
2290 0 0 0 0 3
2300 0 0 0 0 3
2310 0 0 0 0 3
2320 0 0 0 0 3
2330 0 0 0 0 3
