0 0 0 0 0 0
10 0 0 0 0 0
20 0 0 0 0 0
30 0 0 0 0 0
40 0 0 0 0 0
50 0 0 0 0 0
60 0 0 0 0 0
70 0 3 0 0 0
80 0 3 0 0 0
90 3 0 0 0 0
100 3 0 0 0 0
110 3 0 0 0 0
120 3 0 0 0 0
130 3 0 0 0 0
140 3 0 0 0 0
150 3 0 0 0 0
160 3 0 0 0 0
170 3 0 0 0 0
180 3 0 0 0 0
190 3 0 0 0 0
200 3 0 0 0 0
210 3 0 0 0 1
220 3 0 0 0 1
230 3 0 0 0 1
240 3 0 0 0 1
250 3 0 0 0 1
260 3 0 0 0 1
270 3 0 0 0 1
280 3 0 0 0 1
290 3 0 0 3 1
300 3 0 3 0 1
310 3 0 3 0 1
320 3 0 3 0 1
330 3 0 3 0 1
340 3 0 3 0 1
350 3 0 3 0 1
360 3 0 3 0 1
370 3 0 3 0 2
380 3 0 3 0 2
390 3 0 3 0 2
400 3 0 3 0 2
410 3 0 3 0 2
420 3 0 3 0 2
430 3 0 3 0 3
440 3 0 0 0 3
450 3 0 0 0 3
460 0 3 0 0 3
470 0 0 0 0 3
480 0 0 0 0 3
490 0 0 0 0 3
500 0 0 0 0 0
510 0 0 0 0 0
520 0 0 0 0 0
530 0 0 0 0 0
540 0 0 0 0 0
550 3 0 0 0 0
560 3 0 0 0 0
570 3 0 0 0 0
580 3 0 3 0 0
590 3 0 3 0 0
600 3 0 3 0 0
610 3 0 0 3 0
620 3 0 3 0 0
630 3 0 3 0 0
640 3 0 3 0 0
650 3 0 3 0 0
660 3 0 3 0 0
670 0 0 0 0 0
680 0 0 0 0 0
690 0 0 0 0 0
700 0 0 0 0 0
710 0 0 0 0 0
720 0 0 0 0 0
730 0 0 0 0 0
740 0 0 0 0 0
750 3 0 0 0 0
760 3 0 0 0 0
770 3 0 0 0 0
780 3 0 0 0 0
790 3 0 0 0 0
800 3 0 0 0 0
810 3 0 0 0 0
820 3 0 0 0 0
830 3 0 0 0 0
840 3 0 0 0 0
850 3 0 0 0 0
860 3 0 0 0 0
870 3 0 0 0 0
880 3 0 0 0 0
890 3 0 0 0 0
900 3 0 0 0 0
910 3 0 0 0 1
920 3 0 0 0 1
930 3 0 0 0 1
940 3 0 0 0 1
950 3 0 0 0 1
960 3 0 0 0 1
970 3 0 0 0 1
980 3 0 0 0 1
990 3 0 0 0 1
1000 3 0 0 0 1
1010 3 0 0 0 1
1020 3 0 3 0 1
1030 3 0 3 0 1
1040 3 0 3 0 1
1050 3 0 3 0 1
1060 3 0 3 0 1
1070 3 0 3 0 2
1080 3 0 3 0 2
1090 3 0 3 0 2
1100 3 0 3 0 2
1110 3 0 3 0 2
1120 3 0 3 0 2
1130 3 0 3 0 2
1140 3 0 3 0 2
1150 3 0 3 0 2
1160 3 0 3 0 2
1170 3 0 3 0 3
1180 3 0 3 0 3
1190 3 0 3 0 3
1200 3 0 3 0 3
1210 0 0 0 3 3
1220 0 0 0 3 3
1230 0 0 0 3 3
1240 0 0 0 3 3
1250 0 0 0 3 3
1260 0 0 0 3 3
1270 0 0 0 3 3
1280 0 0 0 3 3
1290 0 0 0 3 3
1300 0 0 0 3 3
1310 0 0 0 3 3
1320 0 0 0 3 3
1330 0 0 0 3 3
1340 0 0 0 3 3
1350 0 0 0 3 3
1360 0 0 0 3 3
1370 0 0 0 3 3
1380 0 0 0 3 3
1390 0 0 0 3 3
1400 0 0 0 0 3
1410 0 0 0 0 3
1420 0 0 0 0 3
1430 0 0 0 0 3
1440 0 0 0 0 3
1450 0 0 0 0 3
1460 0 0 0 0 3
1470 0 0 0 0 3
1480 0 0 0 0 3
