0 0 0 0 0 0
10 0 0 0 0 0
20 0 0 0 0 0
30 0 0 0 0 0
40 0 0 0 0 0
50 0 0 0 0 0
60 0 0 0 0 0
70 0 0 0 0 0
80 0 0 0 0 0
90 0 0 0 0 0
100 0 0 0 0 0
110 0 0 0 0 0
120 0 0 0 0 0
130 0 0 0 0 0
140 0 0 0 0 0
150 0 0 0 0 0
160 0 0 0 0 0
170 0 0 0 0 0
180 0 0 0 0 0
190 0 0 0 0 0
200 0 0 0 0 0
210 0 0 0 0 0
220 0 0 0 0 0
230 0 0 0 3 0
240 0 0 0 3 0
250 0 0 3 0 0
260 0 0 3 0 0
270 0 0 3 0 0
280 0 0 3 0 0
290 0 0 3 0 0
300 0 0 3 0 0
310 0 0 3 0 0
320 3 0 3 0 0
330 3 0 0 3 0
340 3 0 0 3 0
350 3 0 0 0 0
360 3 0 0 0 0
370 3 0 0 0 0
380 3 0 0 0 0
390 3 0 0 0 0
400 3 0 0 0 0
410 3 0 0 0 0
420 3 0 0 0 0
430 3 0 0 0 0
440 3 0 0 0 0
450 3 0 0 0 0
460 3 0 0 0 0
470 3 0 0 0 0
480 3 0 0 0 0
490 3 0 0 0 1
500 3 0 0 0 1
510 3 0 0 0 1
520 3 0 0 0 1
530 3 0 0 0 1
540 3 0 0 0 1
550 3 0 0 0 1
560 3 0 0 0 1
570 3 0 0 0 1
580 3 0 0 3 1
590 3 0 0 3 1
600 3 0 3 0 1
610 3 0 3 0 1
620 3 0 3 0 1
630 3 0 3 0 2
640 3 0 3 0 2
650 3 0 3 0 2
660 3 0 3 0 2
670 3 0 3 0 3
680 3 0 3 0 3
690 3 0 3 0 3
700 3 0 3 0 3
710 3 0 3 0 3
720 3 0 3 0 3
730 3 0 0 3 3
740 0 3 0 0 3
750 0 3 0 0 3
760 0 0 0 0 3
770 0 0 0 0 3
780 0 0 0 0 0
790 0 0 0 0 0
800 0 0 0 0 0
810 0 0 0 0 0
820 0 0 0 0 0
830 0 0 3 0 0
840 0 0 3 0 0
850 0 0 3 0 0
860 0 0 3 0 0
870 0 0 3 0 0
880 0 0 3 0 0
890 0 0 3 0 0
900 0 0 3 0 0
910 3 0 3 0 0
920 3 0 3 0 0
930 3 0 3 0 0
940 3 0 0 0 0
950 3 0 0 0 0
960 3 0 0 0 0
970 3 0 0 0 0
980 3 0 0 0 0
990 3 0 0 0 0
1000 3 0 0 0 1
1010 3 0 0 0 1
1020 3 0 0 0 1
1030 3 0 0 0 1
1040 3 0 0 0 1
1050 3 0 0 0 1
1060 3 0 0 0 1
1070 3 0 0 0 1
1080 3 0 0 3 1
1090 3 0 3 0 1
1100 3 0 3 0 1
1110 3 0 3 0 1
1120 3 0 3 0 1
1130 3 0 3 0 1
1140 3 0 3 0 1
1150 3 0 3 0 1
1160 3 0 3 0 1
1170 3 0 3 0 1
1180 3 0 3 0 2
1190 3 0 3 0 2
1200 3 0 3 0 2
1210 3 0 3 0 2
1220 3 0 3 0 2
1230 3 0 3 0 2
1240 3 0 3 0 2
1250 3 0 3 0 2
1260 3 0 3 0 3
1270 3 0 3 0 3
1280 3 0 3 0 3
1290 3 0 3 0 3
1300 3 0 3 0 3
1310 3 0 3 0 3
1320 3 0 0 0 3
1330 3 0 0 0 3
1340 3 0 0 0 3
1350 3 0 0 0 3
1360 3 0 3 0 3
1370 3 0 3 0 3
1380 3 0 3 0 3
1390 3 0 3 0 3
1400 3 0 3 0 3
1410 3 0 3 0 3
1420 3 0 3 0 3
1430 3 0 3 0 3
1440 3 0 0 3 3
1450 0 3 0 0 3
1460 0 0 0 0 3
1470 0 0 0 0 3
1480 0 0 0 0 3
1490 0 0 0 0 3
1500 0 0 0 0 3
1510 0 0 0 0 3
1520 0 0 0 0 3
1530 0 0 0 0 3
1540 0 0 0 0 3
1550 0 0 0 0 3
1560 0 0 0 0 3
1570 0 0 0 0 3
1580 0 0 0 0 3
1590 0 0 0 0 3
