0 0 3 3 0 0
10 0 3 3 0 0
20 3 0 3 0 0
30 3 0 0 0 0
40 3 0 0 0 0
50 3 0 0 0 0
60 3 0 0 0 0
70 3 0 0 0 0
80 3 0 0 0 1
90 3 0 0 0 1
100 3 0 0 0 1
110 3 0 0 0 1
120 3 0 0 0 1
130 3 0 0 0 1
140 3 0 0 3 1
150 3 0 0 3 1
160 3 0 0 3 1
170 3 0 0 0 0
180 3 0 0 0 0
190 3 0 0 0 0
200 3 0 0 0 0
210 3 0 0 0 0
220 3 0 0 0 0
230 3 0 0 0 0
240 3 0 0 0 0
250 3 0 0 0 0
260 3 0 0 0 0
270 3 0 0 0 0
280 3 0 0 0 0
290 3 0 0 0 0
300 3 0 0 0 0
310 3 0 0 0 0
320 3 0 0 0 1
330 3 0 0 0 1
340 3 0 0 0 1
350 3 0 0 0 1
360 3 0 0 0 1
370 3 0 0 0 1
380 3 0 0 3 1
390 3 0 0 3 1
400 3 0 3 0 1
410 3 0 3 0 1
420 3 0 3 0 1
430 3 0 3 0 1
440 3 0 3 0 2
450 3 0 3 0 2
460 3 0 3 0 2
470 3 0 3 0 2
480 3 0 3 0 2
490 3 0 3 0 2
500 3 0 3 0 2
510 3 0 3 0 2
520 3 0 3 0 2
530 3 0 3 0 2
540 3 0 3 0 2
550 3 0 3 0 3
560 3 0 3 0 3
570 3 0 3 0 3
580 3 0 3 0 3
590 3 0 3 0 3
600 3 0 3 0 3
610 0 0 0 0 3
620 0 0 0 0 0
630 0 0 0 0 0
640 0 0 0 0 0
650 0 0 0 0 0
660 0 0 0 0 0
670 0 0 3 0 0
680 0 0 3 0 0
690 0 0 3 0 0
700 0 0 3 0 0
710 0 0 3 0 0
720 0 0 3 0 0
730 3 0 3 0 0
740 3 0 0 0 0
750 3 0 0 0 0
760 3 0 0 0 0
770 3 0 0 0 0
780 3 0 0 0 0
790 3 0 0 0 0
800 3 0 0 3 0
810 3 0 3 0 0
820 3 0 3 0 0
830 0 3 3 0 0
840 3 0 3 0 0
850 0 3 3 0 0
860 0 3 3 0 0
870 3 0 3 0 0
880 3 0 0 0 0
890 3 0 0 0 0
900 3 0 0 0 0
910 3 0 0 0 0
920 3 0 0 0 0
930 3 0 0 0 0
940 3 0 0 0 1
950 3 0 0 0 1
960 3 0 0 0 1
970 3 0 0 0 1
980 3 0 0 0 1
990 3 0 0 0 0
1000 3 0 0 0 0
1010 3 0 0 0 0
1020 3 0 0 0 0
1030 3 0 0 0 0
1040 3 0 0 0 0
1050 3 0 0 0 0
1060 3 0 0 0 0
1070 3 0 0 0 0
1080 3 0 0 0 0
1090 3 0 0 0 0
1100 3 0 0 0 0
1110 3 0 0 0 1
1120 3 0 0 0 1
1130 3 0 0 0 1
1140 3 0 0 0 1
1150 3 0 0 0 1
1160 3 0 0 0 1
1170 3 0 0 0 1
1180 3 0 0 0 1
1190 3 0 0 0 1
1200 3 0 0 3 1
1210 3 0 0 3 1
1220 3 0 0 3 1
1230 3 0 0 3 1
1240 3 0 0 3 1
1250 3 0 0 3 1
1260 3 0 3 0 1
1270 3 0 3 0 1
1280 3 0 3 0 1
1290 3 0 3 0 1
1300 3 0 3 0 1
1310 3 0 3 0 2
1320 3 0 3 0 2
1330 3 0 3 0 2
1340 3 0 3 0 2
1350 3 0 3 0 2
1360 3 0 3 0 2
1370 3 0 0 0 2
1380 3 0 0 0 2
1390 3 0 0 0 2
1400 3 0 0 0 2
1410 3 0 3 0 2
1420 3 0 3 0 2
1430 3 0 3 0 2
1440 3 0 0 0 2
1450 3 0 0 0 2
1460 3 0 0 3 2
1470 3 0 0 3 2
1480 3 0 0 3 2
1490 3 0 0 3 2
1500 3 0 0 3 2
1510 3 0 0 0 2
1520 3 0 0 0 2
1530 3 0 0 0 2
1540 3 0 0 0 2
1550 3 0 0 0 2
1560 3 0 0 0 2
1570 3 0 0 0 2
1580 3 0 0 0 2
1590 3 0 0 0 2
1600 3 0 3 0 2
1610 3 0 3 0 2
1620 3 0 3 0 2
1630 3 0 3 0 2
1640 3 0 3 0 2
1650 3 0 3 0 2
1660 3 0 3 0 2
1670 3 0 3 0 2
1680 3 0 3 0 2
1690 3 0 3 0 3
1700 3 0 3 0 3
1710 3 0 3 0 3
1720 3 0 3 0 3
1730 0 3 3 0 3
1740 0 0 0 0 3
1750 0 0 0 0 3
1760 0 0 0 0 3
1770 0 0 0 0 3
1780 0 0 0 0 3
1790 0 0 0 0 3
1800 0 0 0 0 3
1810 0 0 0 0 3
1820 0 0 0 0 3
1830 0 0 0 0 3
