0 0 0 0 0 0
10 0 0 0 0 0
20 0 0 0 0 0
30 0 0 0 0 0
40 0 0 0 0 0
50 0 0 0 0 0
60 0 0 0 0 0
70 0 0 0 0 0
80 0 0 0 0 0
90 0 0 0 0 0
100 0 3 0 0 0
110 3 0 0 0 0
120 3 0 0 0 0
130 3 0 0 0 0
140 3 0 0 0 0
150 3 0 0 0 0
160 3 0 0 0 1
170 3 0 0 0 1
180 3 0 0 0 1
190 3 0 0 0 1
200 3 0 0 0 1
210 3 0 0 0 1
220 3 0 0 0 1
230 3 0 0 0 1
240 3 0 0 0 1
250 3 0 0 0 1
260 3 0 0 0 1
270 3 0 0 0 1
280 3 0 0 0 1
290 3 0 0 0 1
300 3 0 0 0 1
310 3 0 3 0 1
320 3 0 3 0 1
330 3 0 3 0 1
340 3 0 3 0 1
350 3 0 3 0 1
360 3 0 3 0 1
370 3 0 3 0 1
380 3 0 3 0 1
390 3 0 3 0 1
400 3 0 3 0 2
410 3 0 3 0 2
420 3 0 3 0 2
430 3 0 3 0 2
440 3 0 3 0 2
450 3 0 3 0 2
460 3 0 3 0 2
470 3 0 3 0 2
480 3 0 3 0 2
490 3 0 3 0 3
500 3 0 3 0 3
510 3 0 3 0 3
520 3 0 3 0 3
530 3 0 3 0 3
540 3 0 3 0 3
550 3 0 3 0 3
560 3 0 3 0 3
570 3 0 3 0 3
580 3 0 3 0 3
590 0 3 0 3 3
600 0 3 0 0 3
610 0 3 0 0 3
620 0 0 0 0 3
630 0 0 0 0 0
640 0 0 0 0 0
650 0 0 0 0 0
660 0 0 0 0 0
670 0 0 0 0 0
680 0 0 0 0 0
690 0 0 0 0 0
700 0 3 0 0 0
710 3 0 0 0 0
720 3 0 0 0 0
730 3 0 0 0 0
740 3 0 0 0 0
750 3 0 0 0 0
760 3 0 0 0 0
770 3 0 0 0 0
780 3 0 0 0 0
790 3 0 0 0 0
800 3 0 3 0 0
810 0 0 3 0 0
820 0 0 3 0 0
830 0 0 3 0 0
840 0 0 3 0 0
850 3 0 3 0 0
860 3 0 0 0 0
870 3 0 0 0 0
880 3 0 0 0 0
890 3 0 0 0 0
900 3 0 0 0 0
910 3 0 0 0 0
920 3 0 0 0 1
930 3 0 0 0 1
940 3 0 0 0 1
950 3 0 0 0 1
960 3 0 0 0 1
970 3 0 0 0 1
980 3 0 0 0 1
990 3 0 0 0 1
1000 3 0 3 0 1
1010 3 0 3 0 1
1020 3 0 3 0 1
1030 3 0 3 0 1
1040 3 0 3 0 1
1050 3 0 3 0 2
1060 3 0 3 0 2
1070 3 0 3 0 2
1080 3 0 3 0 3
1090 3 0 3 0 3
1100 3 0 3 0 3
1110 3 0 3 0 3
1120 3 0 3 0 3
1130 3 0 3 0 3
1140 3 0 3 0 3
1150 3 0 0 3 3
1160 0 3 0 0 3
1170 0 0 0 0 3
1180 0 0 0 0 3
1190 0 0 0 0 3
1200 0 0 0 0 3
1210 0 0 0 0 3
1220 0 0 0 0 3
1230 0 0 0 0 3
