Loading config for KT with velocity and MPbaseline...
Results will be stored in: /home/student/Documents/Sara-Joyce/COMPASS/TCN/Results/KT_velocity_MPbaseline_LOUO_12_15_2022_2023
Encoding labels...
Found 5 label classes: Grasp Pull Release Touch Untouch
Encoded labels written to /home/student/Documents/Sara-Joyce/COMPASS/TCN/KT/KT_TRANSFORM_velocity_MPbaseline.pkl
['Grasp', 'Pull', 'Release', 'Touch', 'Untouch']
Config parameters:
num_epochs: 60
learning_rate: 5e-05
batch_size: 1
weight_decay: 0.0005
Getting cross validation splits
Loading training data
All_gesture
[0 0 0 ... 2 2 2]
Normalizing training data
All_gesture
[3 3 3 ... 2 2 2]
Getting loss weights
Training model
0
[1,    10] loss: 1.594
[1,    20] loss: 0.784
[1,    30] loss: 0.517
1
[2,    10] loss: 1.503
[2,    20] loss: 0.755
[2,    30] loss: 0.491
2
[3,    10] loss: 1.459
[3,    20] loss: 0.719
[3,    30] loss: 0.486
3
[4,    10] loss: 1.424
[4,    20] loss: 0.705
[4,    30] loss: 0.469
4
[5,    10] loss: 1.403
[5,    20] loss: 0.691
[5,    30] loss: 0.457
5
[6,    10] loss: 1.364
[6,    20] loss: 0.668
[6,    30] loss: 0.448
6
[7,    10] loss: 1.351
[7,    20] loss: 0.658
[7,    30] loss: 0.426
7
[8,    10] loss: 1.268
[8,    20] loss: 0.641
[8,    30] loss: 0.427
8
[9,    10] loss: 1.242
[9,    20] loss: 0.625
[9,    30] loss: 0.418
9
[10,    10] loss: 1.205
[10,    20] loss: 0.607
[10,    30] loss: 0.404
10
[11,    10] loss: 1.175
[11,    20] loss: 0.609
[11,    30] loss: 0.385
11
[12,    10] loss: 1.132
[12,    20] loss: 0.574
[12,    30] loss: 0.384
12
[13,    10] loss: 1.121
[13,    20] loss: 0.549
[13,    30] loss: 0.367
13
[14,    10] loss: 1.076
[14,    20] loss: 0.539
[14,    30] loss: 0.356
14
[15,    10] loss: 1.034
[15,    20] loss: 0.522
[15,    30] loss: 0.341
15
[16,    10] loss: 0.996
[16,    20] loss: 0.488
[16,    30] loss: 0.331
16
[17,    10] loss: 0.961
[17,    20] loss: 0.476
[17,    30] loss: 0.311
17
[18,    10] loss: 0.947
[18,    20] loss: 0.451
[18,    30] loss: 0.303
18
[19,    10] loss: 0.921
[19,    20] loss: 0.435
[19,    30] loss: 0.288
19
[20,    10] loss: 0.845
[20,    20] loss: 0.430
[20,    30] loss: 0.273
20
[21,    10] loss: 0.830
[21,    20] loss: 0.417
[21,    30] loss: 0.267
21
[22,    10] loss: 0.796
[22,    20] loss: 0.403
[22,    30] loss: 0.268
22
[23,    10] loss: 0.776
[23,    20] loss: 0.372
[23,    30] loss: 0.265
23
[24,    10] loss: 0.731
[24,    20] loss: 0.355
[24,    30] loss: 0.248
24
[25,    10] loss: 0.701
[25,    20] loss: 0.350
[25,    30] loss: 0.225
25
[26,    10] loss: 0.697
[26,    20] loss: 0.326
[26,    30] loss: 0.214
26
[27,    10] loss: 0.661
[27,    20] loss: 0.304
[27,    30] loss: 0.209
27
[28,    10] loss: 0.596
[28,    20] loss: 0.323
[28,    30] loss: 0.190
28
[29,    10] loss: 0.597
[29,    20] loss: 0.296
[29,    30] loss: 0.186
29
[30,    10] loss: 0.556
[30,    20] loss: 0.280
[30,    30] loss: 0.188
30
[31,    10] loss: 0.529
[31,    20] loss: 0.265
[31,    30] loss: 0.180
31
[32,    10] loss: 0.519
[32,    20] loss: 0.249
[32,    30] loss: 0.172
32
[33,    10] loss: 0.475
[33,    20] loss: 0.264
[33,    30] loss: 0.167
33
[34,    10] loss: 0.479
[34,    20] loss: 0.237
[34,    30] loss: 0.155
34
[35,    10] loss: 0.422
[35,    20] loss: 0.229
[35,    30] loss: 0.150
35
[36,    10] loss: 0.417
[36,    20] loss: 0.217
[36,    30] loss: 0.130
36
[37,    10] loss: 0.387
[37,    20] loss: 0.193
[37,    30] loss: 0.136
37
[38,    10] loss: 0.387
[38,    20] loss: 0.184
[38,    30] loss: 0.131
38
[39,    10] loss: 0.358
[39,    20] loss: 0.180
[39,    30] loss: 0.125
39
[40,    10] loss: 0.354
[40,    20] loss: 0.170
[40,    30] loss: 0.120
40
[41,    10] loss: 0.339
[41,    20] loss: 0.173
[41,    30] loss: 0.108
41
[42,    10] loss: 0.323
[42,    20] loss: 0.174
[42,    30] loss: 0.105
42
[43,    10] loss: 0.313
[43,    20] loss: 0.151
[43,    30] loss: 0.112
43
[44,    10] loss: 0.286
[44,    20] loss: 0.167
[44,    30] loss: 0.095
44
[45,    10] loss: 0.297
[45,    20] loss: 0.137
[45,    30] loss: 0.098
45
[46,    10] loss: 0.252
[46,    20] loss: 0.132
[46,    30] loss: 0.107
46
[47,    10] loss: 0.251
[47,    20] loss: 0.157
[47,    30] loss: 0.094
47
[48,    10] loss: 0.251
[48,    20] loss: 0.168
[48,    30] loss: 0.088
48
[49,    10] loss: 0.283
[49,    20] loss: 0.139
[49,    30] loss: 0.083
49
[50,    10] loss: 0.231
[50,    20] loss: 0.128
[50,    30] loss: 0.081
50
[51,    10] loss: 0.208
[51,    20] loss: 0.114
[51,    30] loss: 0.080
51
[52,    10] loss: 0.217
[52,    20] loss: 0.112
[52,    30] loss: 0.064
52
[53,    10] loss: 0.218
[53,    20] loss: 0.098
[53,    30] loss: 0.063
53
[54,    10] loss: 0.190
[54,    20] loss: 0.093
[54,    30] loss: 0.064
54
[55,    10] loss: 0.163
[55,    20] loss: 0.094
[55,    30] loss: 0.063
55
[56,    10] loss: 0.180
[56,    20] loss: 0.089
[56,    30] loss: 0.068
56
[57,    10] loss: 0.178
[57,    20] loss: 0.094
[57,    30] loss: 0.067
57
[58,    10] loss: 0.232
[58,    20] loss: 0.104
[58,    30] loss: 0.061
58
[59,    10] loss: 0.194
[59,    20] loss: 0.092
[59,    30] loss: 0.070
59
[60,    10] loss: 0.207
[60,    20] loss: 0.102
[60,    30] loss: 0.054
Loading training data
All_gesture
[0 0 0 ... 2 2 2]
Normalizing training data
All_gesture
[0 0 0 ... 2 2 2]
Getting loss weights
Training model
0
[1,    10] loss: 1.589
[1,    20] loss: 0.781
[1,    30] loss: 0.518
1
[2,    10] loss: 1.491
[2,    20] loss: 0.743
[2,    30] loss: 0.489
2
[3,    10] loss: 1.416
[3,    20] loss: 0.707
[3,    30] loss: 0.472
3
[4,    10] loss: 1.343
[4,    20] loss: 0.683
[4,    30] loss: 0.461
4
[5,    10] loss: 1.318
[5,    20] loss: 0.657
[5,    30] loss: 0.446
5
[6,    10] loss: 1.290
[6,    20] loss: 0.628
[6,    30] loss: 0.426
6
[7,    10] loss: 1.257
[7,    20] loss: 0.611
[7,    30] loss: 0.413
7
[8,    10] loss: 1.209
[8,    20] loss: 0.601
[8,    30] loss: 0.388
8
[9,    10] loss: 1.173
[9,    20] loss: 0.587
[9,    30] loss: 0.375
9
[10,    10] loss: 1.134
[10,    20] loss: 0.566
[10,    30] loss: 0.375
10
[11,    10] loss: 1.090
[11,    20] loss: 0.578
[11,    30] loss: 0.351
11
[12,    10] loss: 1.035
[12,    20] loss: 0.547
[12,    30] loss: 0.353
12
[13,    10] loss: 1.062
[13,    20] loss: 0.519
[13,    30] loss: 0.336
13
[14,    10] loss: 0.973
[14,    20] loss: 0.513
[14,    30] loss: 0.320
14
[15,    10] loss: 0.976
[15,    20] loss: 0.467
[15,    30] loss: 0.319
15
[16,    10] loss: 0.933
[16,    20] loss: 0.452
[16,    30] loss: 0.294
16
[17,    10] loss: 0.864
[17,    20] loss: 0.445
[17,    30] loss: 0.279
17
[18,    10] loss: 0.831
[18,    20] loss: 0.416
[18,    30] loss: 0.269
18
[19,    10] loss: 0.774
[19,    20] loss: 0.386
[19,    30] loss: 0.274
19
[20,    10] loss: 0.776
[20,    20] loss: 0.368
[20,    30] loss: 0.253
20
[21,    10] loss: 0.759
[21,    20] loss: 0.378
[21,    30] loss: 0.244
21
[22,    10] loss: 0.691
[22,    20] loss: 0.353
[22,    30] loss: 0.240
22
[23,    10] loss: 0.659
[23,    20] loss: 0.329
[23,    30] loss: 0.219
23
[24,    10] loss: 0.620
[24,    20] loss: 0.340
[24,    30] loss: 0.215
24
[25,    10] loss: 0.632
[25,    20] loss: 0.293
[25,    30] loss: 0.224
25
[26,    10] loss: 0.610
[26,    20] loss: 0.306
[26,    30] loss: 0.189
26
[27,    10] loss: 0.573
[27,    20] loss: 0.293
[27,    30] loss: 0.179
27
[28,    10] loss: 0.534
[28,    20] loss: 0.254
[28,    30] loss: 0.178
28
[29,    10] loss: 0.526
[29,    20] loss: 0.250
[29,    30] loss: 0.161
29
[30,    10] loss: 0.495
[30,    20] loss: 0.231
[30,    30] loss: 0.163
30
[31,    10] loss: 0.442
[31,    20] loss: 0.218
[31,    30] loss: 0.162
31
[32,    10] loss: 0.435
[32,    20] loss: 0.214
[32,    30] loss: 0.153
32
[33,    10] loss: 0.452
[33,    20] loss: 0.227
[33,    30] loss: 0.137
33
[34,    10] loss: 0.408
[34,    20] loss: 0.210
[34,    30] loss: 0.131
34
[35,    10] loss: 0.403
[35,    20] loss: 0.196
[35,    30] loss: 0.125
35
[36,    10] loss: 0.372
[36,    20] loss: 0.185
[36,    30] loss: 0.138
36
[37,    10] loss: 0.387
[37,    20] loss: 0.185
[37,    30] loss: 0.122
37
[38,    10] loss: 0.344
[38,    20] loss: 0.159
[38,    30] loss: 0.123
38
[39,    10] loss: 0.316
[39,    20] loss: 0.167
[39,    30] loss: 0.107
39
[40,    10] loss: 0.293
[40,    20] loss: 0.174
[40,    30] loss: 0.106
40
[41,    10] loss: 0.331
[41,    20] loss: 0.141
[41,    30] loss: 0.104
41
[42,    10] loss: 0.305
[42,    20] loss: 0.134
[42,    30] loss: 0.106
42
[43,    10] loss: 0.269
[43,    20] loss: 0.134
[43,    30] loss: 0.090
43
[44,    10] loss: 0.255
[44,    20] loss: 0.116
[44,    30] loss: 0.091
44
[45,    10] loss: 0.244
[45,    20] loss: 0.120
[45,    30] loss: 0.079
45
[46,    10] loss: 0.232
[46,    20] loss: 0.114
[46,    30] loss: 0.075
46
[47,    10] loss: 0.214
[47,    20] loss: 0.118
[47,    30] loss: 0.075
47
[48,    10] loss: 0.231
[48,    20] loss: 0.110
[48,    30] loss: 0.074
48
[49,    10] loss: 0.231
[49,    20] loss: 0.118
[49,    30] loss: 0.062
49
[50,    10] loss: 0.203
[50,    20] loss: 0.104
[50,    30] loss: 0.067
50
[51,    10] loss: 0.180
[51,    20] loss: 0.111
[51,    30] loss: 0.060
51
[52,    10] loss: 0.195
[52,    20] loss: 0.085
[52,    30] loss: 0.067
52
[53,    10] loss: 0.177
[53,    20] loss: 0.089
[53,    30] loss: 0.066
53
[54,    10] loss: 0.181
[54,    20] loss: 0.092
[54,    30] loss: 0.058
54
[55,    10] loss: 0.186
[55,    20] loss: 0.097
[55,    30] loss: 0.063
55
[56,    10] loss: 0.191
[56,    20] loss: 0.086
[56,    30] loss: 0.064
56
[57,    10] loss: 0.200
[57,    20] loss: 0.100
[57,    30] loss: 0.055
57
[58,    10] loss: 0.206
[58,    20] loss: 0.090
[58,    30] loss: 0.054
58
[59,    10] loss: 0.180
[59,    20] loss: 0.085
[59,    30] loss: 0.058
59
[60,    10] loss: 0.195
[60,    20] loss: 0.077
[60,    30] loss: 0.050
Loading training data
All_gesture
[0 0 0 ... 2 2 2]
Normalizing training data
All_gesture
[0 0 0 ... 2 2 2]
Getting loss weights
Training model
0
[1,    10] loss: 1.607
[1,    20] loss: 0.798
[1,    30] loss: 0.528
1
[2,    10] loss: 1.540
[2,    20] loss: 0.764
[2,    30] loss: 0.505
2
[3,    10] loss: 1.482
[3,    20] loss: 0.740
[3,    30] loss: 0.477
3
[4,    10] loss: 1.437
[4,    20] loss: 0.710
[4,    30] loss: 0.469
4
[5,    10] loss: 1.385
[5,    20] loss: 0.695
[5,    30] loss: 0.455
5
[6,    10] loss: 1.363
[6,    20] loss: 0.673
[6,    30] loss: 0.439
6
[7,    10] loss: 1.304
[7,    20] loss: 0.657
[7,    30] loss: 0.427
7
[8,    10] loss: 1.248
[8,    20] loss: 0.632
[8,    30] loss: 0.420
8
[9,    10] loss: 1.228
[9,    20] loss: 0.608
[9,    30] loss: 0.404
9
[10,    10] loss: 1.181
[10,    20] loss: 0.595
[10,    30] loss: 0.389
10
[11,    10] loss: 1.129
[11,    20] loss: 0.560
[11,    30] loss: 0.387
11
[12,    10] loss: 1.089
[12,    20] loss: 0.550
[12,    30] loss: 0.367
12
[13,    10] loss: 1.074
[13,    20] loss: 0.542
[13,    30] loss: 0.342
13
[14,    10] loss: 1.042
[14,    20] loss: 0.513
[14,    30] loss: 0.338
14
[15,    10] loss: 0.980
[15,    20] loss: 0.488
[15,    30] loss: 0.331
15
[16,    10] loss: 0.934
[16,    20] loss: 0.486
[16,    30] loss: 0.315
16
[17,    10] loss: 0.910
[17,    20] loss: 0.452
[17,    30] loss: 0.308
17
[18,    10] loss: 0.850
[18,    20] loss: 0.438
[18,    30] loss: 0.292
18
[19,    10] loss: 0.827
[19,    20] loss: 0.415
[19,    30] loss: 0.271
19
[20,    10] loss: 0.774
[20,    20] loss: 0.402
[20,    30] loss: 0.269
20
[21,    10] loss: 0.751
[21,    20] loss: 0.369
[21,    30] loss: 0.252
21
[22,    10] loss: 0.712
[22,    20] loss: 0.361
[22,    30] loss: 0.232
22
[23,    10] loss: 0.667
[23,    20] loss: 0.353
[23,    30] loss: 0.222
23
[24,    10] loss: 0.662
[24,    20] loss: 0.313
[24,    30] loss: 0.214
24
[25,    10] loss: 0.607
[25,    20] loss: 0.303
[25,    30] loss: 0.216
25
[26,    10] loss: 0.648
[26,    20] loss: 0.295
[26,    30] loss: 0.185
26
[27,    10] loss: 0.625
[27,    20] loss: 0.285
[27,    30] loss: 0.186
27
[28,    10] loss: 0.569
[28,    20] loss: 0.297
[28,    30] loss: 0.168
28
[29,    10] loss: 0.556
[29,    20] loss: 0.256
[29,    30] loss: 0.164
29
[30,    10] loss: 0.500
[30,    20] loss: 0.237
[30,    30] loss: 0.157
30
[31,    10] loss: 0.469
[31,    20] loss: 0.216
[31,    30] loss: 0.151
31
[32,    10] loss: 0.450
[32,    20] loss: 0.209
[32,    30] loss: 0.133
32
[33,    10] loss: 0.416
[33,    20] loss: 0.191
[33,    30] loss: 0.125
33
[34,    10] loss: 0.373
[34,    20] loss: 0.192
[34,    30] loss: 0.132
34
[35,    10] loss: 0.362
[35,    20] loss: 0.195
[35,    30] loss: 0.120
35
[36,    10] loss: 0.350
[36,    20] loss: 0.187
[36,    30] loss: 0.121
36
[37,    10] loss: 0.363
[37,    20] loss: 0.171
[37,    30] loss: 0.106
37
[38,    10] loss: 0.304
[38,    20] loss: 0.161
[38,    30] loss: 0.112
38
[39,    10] loss: 0.285
[39,    20] loss: 0.165
[39,    30] loss: 0.094
39
[40,    10] loss: 0.291
[40,    20] loss: 0.156
[40,    30] loss: 0.089
40
[41,    10] loss: 0.271
[41,    20] loss: 0.139
[41,    30] loss: 0.083
41
[42,    10] loss: 0.250
[42,    20] loss: 0.133
[42,    30] loss: 0.087
42
[43,    10] loss: 0.264
[43,    20] loss: 0.131
[43,    30] loss: 0.084
43
[44,    10] loss: 0.238
[44,    20] loss: 0.133
[44,    30] loss: 0.084
44
[45,    10] loss: 0.249
[45,    20] loss: 0.124
[45,    30] loss: 0.082
45
[46,    10] loss: 0.224
[46,    20] loss: 0.113
[46,    30] loss: 0.081
46
[47,    10] loss: 0.249
[47,    20] loss: 0.111
[47,    30] loss: 0.064
47
[48,    10] loss: 0.202
[48,    20] loss: 0.104
[48,    30] loss: 0.073
48
[49,    10] loss: 0.222
[49,    20] loss: 0.101
[49,    30] loss: 0.067
49
[50,    10] loss: 0.208
[50,    20] loss: 0.099
[50,    30] loss: 0.070
50
[51,    10] loss: 0.200
[51,    20] loss: 0.093
[51,    30] loss: 0.066
51
[52,    10] loss: 0.179
[52,    20] loss: 0.095
[52,    30] loss: 0.059
52
[53,    10] loss: 0.168
[53,    20] loss: 0.087
[53,    30] loss: 0.065
53
[54,    10] loss: 0.174
[54,    20] loss: 0.089
[54,    30] loss: 0.055
54
[55,    10] loss: 0.175
[55,    20] loss: 0.086
[55,    30] loss: 0.050
55
[56,    10] loss: 0.168
[56,    20] loss: 0.075
[56,    30] loss: 0.052
56
[57,    10] loss: 0.158
[57,    20] loss: 0.076
[57,    30] loss: 0.052
57
[58,    10] loss: 0.151
[58,    20] loss: 0.072
[58,    30] loss: 0.054
58
[59,    10] loss: 0.133
[59,    20] loss: 0.077
[59,    30] loss: 0.049
59
[60,    10] loss: 0.135
[60,    20] loss: 0.077
[60,    30] loss: 0.042
Loading training data
All_gesture
[0 0 0 ... 2 2 2]
Normalizing training data
All_gesture
[0 0 0 ... 4 4 4]
Getting loss weights
Training model
0
[1,    10] loss: 1.595
[1,    20] loss: 0.788
[1,    30] loss: 0.512
1
[2,    10] loss: 1.504
[2,    20] loss: 0.746
[2,    30] loss: 0.487
2
[3,    10] loss: 1.453
[3,    20] loss: 0.724
[3,    30] loss: 0.473
3
[4,    10] loss: 1.430
[4,    20] loss: 0.690
[4,    30] loss: 0.466
4
[5,    10] loss: 1.380
[5,    20] loss: 0.682
[5,    30] loss: 0.459
5
[6,    10] loss: 1.357
[6,    20] loss: 0.660
[6,    30] loss: 0.450
6
[7,    10] loss: 1.317
[7,    20] loss: 0.661
[7,    30] loss: 0.433
7
[8,    10] loss: 1.307
[8,    20] loss: 0.642
[8,    30] loss: 0.418
8
[9,    10] loss: 1.247
[9,    20] loss: 0.625
[9,    30] loss: 0.420
9
[10,    10] loss: 1.226
[10,    20] loss: 0.607
[10,    30] loss: 0.402
10
[11,    10] loss: 1.186
[11,    20] loss: 0.604
[11,    30] loss: 0.393
11
[12,    10] loss: 1.123
[12,    20] loss: 0.586
[12,    30] loss: 0.383
12
[13,    10] loss: 1.115
[13,    20] loss: 0.538
[13,    30] loss: 0.393
13
[14,    10] loss: 1.107
[14,    20] loss: 0.544
[14,    30] loss: 0.351
14
[15,    10] loss: 1.051
[15,    20] loss: 0.521
[15,    30] loss: 0.348
15
[16,    10] loss: 1.002
[16,    20] loss: 0.508
[16,    30] loss: 0.344
16
[17,    10] loss: 1.005
[17,    20] loss: 0.497
[17,    30] loss: 0.324
17
[18,    10] loss: 0.951
[18,    20] loss: 0.478
[18,    30] loss: 0.315
18
[19,    10] loss: 0.913
[19,    20] loss: 0.478
[19,    30] loss: 0.303
19
[20,    10] loss: 0.900
[20,    20] loss: 0.430
[20,    30] loss: 0.305
20
[21,    10] loss: 0.865
[21,    20] loss: 0.431
[21,    30] loss: 0.286
21
[22,    10] loss: 0.909
[22,    20] loss: 0.393
[22,    30] loss: 0.279
22
[23,    10] loss: 0.817
[23,    20] loss: 0.402
[23,    30] loss: 0.270
23
[24,    10] loss: 0.782
[24,    20] loss: 0.397
[24,    30] loss: 0.256
24
[25,    10] loss: 0.768
[25,    20] loss: 0.381
[25,    30] loss: 0.246
25
[26,    10] loss: 0.725
[26,    20] loss: 0.341
[26,    30] loss: 0.250
26
[27,    10] loss: 0.713
[27,    20] loss: 0.337
[27,    30] loss: 0.217
27
[28,    10] loss: 0.685
[28,    20] loss: 0.332
[28,    30] loss: 0.217
28
[29,    10] loss: 0.624
[29,    20] loss: 0.347
[29,    30] loss: 0.210
29
[30,    10] loss: 0.628
[30,    20] loss: 0.323
[30,    30] loss: 0.197
30
[31,    10] loss: 0.604
[31,    20] loss: 0.286
[31,    30] loss: 0.206
31
[32,    10] loss: 0.554
[32,    20] loss: 0.283
[32,    30] loss: 0.188
32
[33,    10] loss: 0.554
[33,    20] loss: 0.277
[33,    30] loss: 0.173
33
[34,    10] loss: 0.535
[34,    20] loss: 0.258
[34,    30] loss: 0.165
34
[35,    10] loss: 0.493
[35,    20] loss: 0.251
[35,    30] loss: 0.166
35
[36,    10] loss: 0.469
[36,    20] loss: 0.234
[36,    30] loss: 0.167
36
[37,    10] loss: 0.468
[37,    20] loss: 0.217
[37,    30] loss: 0.155
37
[38,    10] loss: 0.446
[38,    20] loss: 0.212
[38,    30] loss: 0.148
38
[39,    10] loss: 0.426
[39,    20] loss: 0.202
[39,    30] loss: 0.150
39
[40,    10] loss: 0.423
[40,    20] loss: 0.186
[40,    30] loss: 0.142
40
[41,    10] loss: 0.423
[41,    20] loss: 0.213
[41,    30] loss: 0.123
41
[42,    10] loss: 0.376
[42,    20] loss: 0.201
[42,    30] loss: 0.128
42
[43,    10] loss: 0.340
[43,    20] loss: 0.179
[43,    30] loss: 0.132
43
[44,    10] loss: 0.340
[44,    20] loss: 0.162
[44,    30] loss: 0.119
44
[45,    10] loss: 0.330
[45,    20] loss: 0.162
[45,    30] loss: 0.112
45
[46,    10] loss: 0.315
[46,    20] loss: 0.147
[46,    30] loss: 0.114
46
[47,    10] loss: 0.316
[47,    20] loss: 0.156
[47,    30] loss: 0.098
47
[48,    10] loss: 0.281
[48,    20] loss: 0.154
[48,    30] loss: 0.098
48
[49,    10] loss: 0.272
[49,    20] loss: 0.143
[49,    30] loss: 0.103
49
[50,    10] loss: 0.302
[50,    20] loss: 0.129
[50,    30] loss: 0.096
50
[51,    10] loss: 0.303
[51,    20] loss: 0.139
[51,    30] loss: 0.084
51
[52,    10] loss: 0.254
[52,    20] loss: 0.130
[52,    30] loss: 0.088
52
[53,    10] loss: 0.266
[53,    20] loss: 0.117
[53,    30] loss: 0.079
53
[54,    10] loss: 0.251
[54,    20] loss: 0.123
[54,    30] loss: 0.072
54
[55,    10] loss: 0.230
[55,    20] loss: 0.118
[55,    30] loss: 0.072
55
[56,    10] loss: 0.239
[56,    20] loss: 0.105
[56,    30] loss: 0.066
56
[57,    10] loss: 0.227
[57,    20] loss: 0.088
[57,    30] loss: 0.072
57
[58,    10] loss: 0.214
[58,    20] loss: 0.102
[58,    30] loss: 0.068
58
[59,    10] loss: 0.227
[59,    20] loss: 0.098
[59,    30] loss: 0.060
59
[60,    10] loss: 0.196
[60,    20] loss: 0.105
[60,    30] loss: 0.055
Loading training data
All_gesture
[0 0 0 ... 4 4 4]
Normalizing training data
All_gesture
[0 0 0 ... 2 2 2]
Getting loss weights
Training model
0
[1,    10] loss: 1.593
[1,    20] loss: 0.785
[1,    30] loss: 0.509
1
[2,    10] loss: 1.498
[2,    20] loss: 0.739
[2,    30] loss: 0.497
2
[3,    10] loss: 1.455
[3,    20] loss: 0.714
[3,    30] loss: 0.474
3
[4,    10] loss: 1.391
[4,    20] loss: 0.706
[4,    30] loss: 0.453
4
[5,    10] loss: 1.331
[5,    20] loss: 0.675
[5,    30] loss: 0.447
5
[6,    10] loss: 1.321
[6,    20] loss: 0.652
[6,    30] loss: 0.434
6
[7,    10] loss: 1.263
[7,    20] loss: 0.639
[7,    30] loss: 0.423
7
[8,    10] loss: 1.240
[8,    20] loss: 0.608
[8,    30] loss: 0.414
8
[9,    10] loss: 1.206
[9,    20] loss: 0.597
[9,    30] loss: 0.397
9
[10,    10] loss: 1.187
[10,    20] loss: 0.580
[10,    30] loss: 0.385
10
[11,    10] loss: 1.131
[11,    20] loss: 0.571
[11,    30] loss: 0.374
11
[12,    10] loss: 1.114
[12,    20] loss: 0.548
[12,    30] loss: 0.358
12
[13,    10] loss: 1.060
[13,    20] loss: 0.541
[13,    30] loss: 0.354
13
[14,    10] loss: 1.057
[14,    20] loss: 0.512
[14,    30] loss: 0.345
14
[15,    10] loss: 1.025
[15,    20] loss: 0.495
[15,    30] loss: 0.335
15
[16,    10] loss: 0.993
[16,    20] loss: 0.499
[16,    30] loss: 0.317
16
[17,    10] loss: 0.939
[17,    20] loss: 0.480
[17,    30] loss: 0.318
17
[18,    10] loss: 0.901
[18,    20] loss: 0.461
[18,    30] loss: 0.302
18
[19,    10] loss: 0.898
[19,    20] loss: 0.462
[19,    30] loss: 0.290
19
[20,    10] loss: 0.870
[20,    20] loss: 0.430
[20,    30] loss: 0.293
20
[21,    10] loss: 0.848
[21,    20] loss: 0.425
[21,    30] loss: 0.268
21
[22,    10] loss: 0.844
[22,    20] loss: 0.393
[22,    30] loss: 0.263
22
[23,    10] loss: 0.747
[23,    20] loss: 0.402
[23,    30] loss: 0.256
23
[24,    10] loss: 0.766
[24,    20] loss: 0.379
[24,    30] loss: 0.250
24
[25,    10] loss: 0.726
[25,    20] loss: 0.376
[25,    30] loss: 0.244
25
[26,    10] loss: 0.697
[26,    20] loss: 0.365
[26,    30] loss: 0.231
26
[27,    10] loss: 0.682
[27,    20] loss: 0.345
[27,    30] loss: 0.227
27
[28,    10] loss: 0.663
[28,    20] loss: 0.355
[28,    30] loss: 0.222
28
[29,    10] loss: 0.648
[29,    20] loss: 0.341
[29,    30] loss: 0.218
29
[30,    10] loss: 0.613
[30,    20] loss: 0.316
[30,    30] loss: 0.203
30
[31,    10] loss: 0.609
[31,    20] loss: 0.259
[31,    30] loss: 0.205
31
[32,    10] loss: 0.571
[32,    20] loss: 0.280
[32,    30] loss: 0.175
32
[33,    10] loss: 0.539
[33,    20] loss: 0.266
[33,    30] loss: 0.168
33
[34,    10] loss: 0.479
[34,    20] loss: 0.268
[34,    30] loss: 0.164
34
[35,    10] loss: 0.468
[35,    20] loss: 0.244
[35,    30] loss: 0.173
35
[36,    10] loss: 0.446
[36,    20] loss: 0.238
[36,    30] loss: 0.171
36
[37,    10] loss: 0.448
[37,    20] loss: 0.245
[37,    30] loss: 0.159
37
[38,    10] loss: 0.436
[38,    20] loss: 0.220
[38,    30] loss: 0.139
38
[39,    10] loss: 0.411
[39,    20] loss: 0.212
[39,    30] loss: 0.142
39
[40,    10] loss: 0.373
[40,    20] loss: 0.210
[40,    30] loss: 0.124
40
[41,    10] loss: 0.381
[41,    20] loss: 0.187
[41,    30] loss: 0.125
41
[42,    10] loss: 0.390
[42,    20] loss: 0.175
[42,    30] loss: 0.128
42
[43,    10] loss: 0.339
[43,    20] loss: 0.174
[43,    30] loss: 0.125
43
[44,    10] loss: 0.379
[44,    20] loss: 0.158
[44,    30] loss: 0.111
44
[45,    10] loss: 0.312
[45,    20] loss: 0.167
[45,    30] loss: 0.101
45
[46,    10] loss: 0.299
[46,    20] loss: 0.150
[46,    30] loss: 0.099
46
[47,    10] loss: 0.287
[47,    20] loss: 0.139
[47,    30] loss: 0.088
47
[48,    10] loss: 0.259
[48,    20] loss: 0.134
[48,    30] loss: 0.090
48
[49,    10] loss: 0.260
[49,    20] loss: 0.124
[49,    30] loss: 0.090
49
[50,    10] loss: 0.257
[50,    20] loss: 0.124
[50,    30] loss: 0.086
50
[51,    10] loss: 0.239
[51,    20] loss: 0.132
[51,    30] loss: 0.076
51
[52,    10] loss: 0.237
[52,    20] loss: 0.112
[52,    30] loss: 0.084
52
[53,    10] loss: 0.245
[53,    20] loss: 0.114
[53,    30] loss: 0.073
53
[54,    10] loss: 0.242
[54,    20] loss: 0.111
[54,    30] loss: 0.065
54
[55,    10] loss: 0.209
[55,    20] loss: 0.106
[55,    30] loss: 0.071
55
[56,    10] loss: 0.226
[56,    20] loss: 0.100
[56,    30] loss: 0.070
56
[57,    10] loss: 0.203
[57,    20] loss: 0.101
[57,    30] loss: 0.061
57
[58,    10] loss: 0.188
[58,    20] loss: 0.091
[58,    30] loss: 0.066
58
[59,    10] loss: 0.185
[59,    20] loss: 0.083
[59,    30] loss: 0.066
59
[60,    10] loss: 0.185
[60,    20] loss: 0.083
[60,    30] loss: 0.064
Loading training data
All_gesture
[0 0 0 ... 2 2 2]
Normalizing training data
All_gesture
[0 0 0 ... 2 2 2]
Getting loss weights
Training model
0
[1,    10] loss: 1.595
[1,    20] loss: 0.788
[1,    30] loss: 0.515
1
[2,    10] loss: 1.511
[2,    20] loss: 0.744
[2,    30] loss: 0.500
2
[3,    10] loss: 1.433
[3,    20] loss: 0.740
[3,    30] loss: 0.477
3
[4,    10] loss: 1.428
[4,    20] loss: 0.706
[4,    30] loss: 0.461
4
[5,    10] loss: 1.387
[5,    20] loss: 0.667
[5,    30] loss: 0.457
5
[6,    10] loss: 1.310
[6,    20] loss: 0.663
[6,    30] loss: 0.447
6
[7,    10] loss: 1.240
[7,    20] loss: 0.659
[7,    30] loss: 0.428
7
[8,    10] loss: 1.249
[8,    20] loss: 0.634
[8,    30] loss: 0.406
8
[9,    10] loss: 1.189
[9,    20] loss: 0.609
[9,    30] loss: 0.401
9
[10,    10] loss: 1.183
[10,    20] loss: 0.580
[10,    30] loss: 0.367
10
[11,    10] loss: 1.054
[11,    20] loss: 0.575
[11,    30] loss: 0.372
11
[12,    10] loss: 1.097
[12,    20] loss: 0.532
[12,    30] loss: 0.351
12
[13,    10] loss: 1.013
[13,    20] loss: 0.514
[13,    30] loss: 0.327
13
[14,    10] loss: 0.997
[14,    20] loss: 0.460
[14,    30] loss: 0.336
14
[15,    10] loss: 0.946
[15,    20] loss: 0.467
[15,    30] loss: 0.327
15
[16,    10] loss: 0.896
[16,    20] loss: 0.447
[16,    30] loss: 0.301
16
[17,    10] loss: 0.865
[17,    20] loss: 0.435
[17,    30] loss: 0.289
17
[18,    10] loss: 0.801
[18,    20] loss: 0.413
[18,    30] loss: 0.287
18
[19,    10] loss: 0.831
[19,    20] loss: 0.387
[19,    30] loss: 0.256
19
[20,    10] loss: 0.755
[20,    20] loss: 0.381
[20,    30] loss: 0.251
20
[21,    10] loss: 0.722
[21,    20] loss: 0.352
[21,    30] loss: 0.245
21
[22,    10] loss: 0.711
[22,    20] loss: 0.329
[22,    30] loss: 0.219
22
[23,    10] loss: 0.667
[23,    20] loss: 0.348
[23,    30] loss: 0.214
23
[24,    10] loss: 0.655
[24,    20] loss: 0.327
[24,    30] loss: 0.211
24
[25,    10] loss: 0.617
[25,    20] loss: 0.299
[25,    30] loss: 0.194
25
[26,    10] loss: 0.571
[26,    20] loss: 0.272
[26,    30] loss: 0.193
26
[27,    10] loss: 0.530
[27,    20] loss: 0.266
[27,    30] loss: 0.188
27
[28,    10] loss: 0.468
[28,    20] loss: 0.258
[28,    30] loss: 0.186
28
[29,    10] loss: 0.501
[29,    20] loss: 0.236
[29,    30] loss: 0.150
29
[30,    10] loss: 0.449
[30,    20] loss: 0.226
[30,    30] loss: 0.152
30
[31,    10] loss: 0.458
[31,    20] loss: 0.228
[31,    30] loss: 0.144
31
[32,    10] loss: 0.455
[32,    20] loss: 0.206
[32,    30] loss: 0.130
32
[33,    10] loss: 0.413
[33,    20] loss: 0.205
[33,    30] loss: 0.124
33
[34,    10] loss: 0.388
[34,    20] loss: 0.193
[34,    30] loss: 0.118
34
[35,    10] loss: 0.354
[35,    20] loss: 0.170
[35,    30] loss: 0.124
35
[36,    10] loss: 0.336
[36,    20] loss: 0.166
[36,    30] loss: 0.110
36
[37,    10] loss: 0.357
[37,    20] loss: 0.156
[37,    30] loss: 0.103
37
[38,    10] loss: 0.303
[38,    20] loss: 0.163
[38,    30] loss: 0.102
38
[39,    10] loss: 0.310
[39,    20] loss: 0.152
[39,    30] loss: 0.107
39
[40,    10] loss: 0.334
[40,    20] loss: 0.158
[40,    30] loss: 0.098
40
[41,    10] loss: 0.289
[41,    20] loss: 0.153
[41,    30] loss: 0.096
41
[42,    10] loss: 0.278
[42,    20] loss: 0.139
[42,    30] loss: 0.096
42
[43,    10] loss: 0.258
[43,    20] loss: 0.137
[43,    30] loss: 0.087
43
[44,    10] loss: 0.232
[44,    20] loss: 0.125
[44,    30] loss: 0.087
44
[45,    10] loss: 0.233
[45,    20] loss: 0.111
[45,    30] loss: 0.080
45
[46,    10] loss: 0.245
[46,    20] loss: 0.106
[46,    30] loss: 0.076
46
[47,    10] loss: 0.250
[47,    20] loss: 0.099
[47,    30] loss: 0.072
47
[48,    10] loss: 0.193
[48,    20] loss: 0.114
[48,    30] loss: 0.070
48
[49,    10] loss: 0.219
[49,    20] loss: 0.094
[49,    30] loss: 0.063
49
[50,    10] loss: 0.184
[50,    20] loss: 0.094
[50,    30] loss: 0.061
50
[51,    10] loss: 0.164
[51,    20] loss: 0.094
[51,    30] loss: 0.057
51
[52,    10] loss: 0.182
[52,    20] loss: 0.078
[52,    30] loss: 0.057
52
[53,    10] loss: 0.175
[53,    20] loss: 0.084
[53,    30] loss: 0.056
53
[54,    10] loss: 0.158
[54,    20] loss: 0.091
[54,    30] loss: 0.055
54
[55,    10] loss: 0.165
[55,    20] loss: 0.079
[55,    30] loss: 0.059
55
[56,    10] loss: 0.146
[56,    20] loss: 0.080
[56,    30] loss: 0.053
56
[57,    10] loss: 0.154
[57,    20] loss: 0.083
[57,    30] loss: 0.050
57
[58,    10] loss: 0.161
[58,    20] loss: 0.074
[58,    30] loss: 0.054
58
[59,    10] loss: 0.150
[59,    20] loss: 0.073
[59,    30] loss: 0.047
59
[60,    10] loss: 0.136
[60,    20] loss: 0.072
[60,    30] loss: 0.053
Loading training data
All_gesture
[0 0 0 ... 2 2 2]
Normalizing training data
All_gesture
[0 0 0 ... 2 2 2]
Getting loss weights
Training model
0
[1,    10] loss: 1.614
[1,    20] loss: 0.797
[1,    30] loss: 0.523
1
[2,    10] loss: 1.545
[2,    20] loss: 0.767
[2,    30] loss: 0.499
2
[3,    10] loss: 1.509
[3,    20] loss: 0.747
[3,    30] loss: 0.476
3
[4,    10] loss: 1.452
[4,    20] loss: 0.720
[4,    30] loss: 0.471
4
[5,    10] loss: 1.394
[5,    20] loss: 0.686
[5,    30] loss: 0.464
5
[6,    10] loss: 1.384
[6,    20] loss: 0.676
[6,    30] loss: 0.448
6
[7,    10] loss: 1.296
[7,    20] loss: 0.656
[7,    30] loss: 0.441
7
[8,    10] loss: 1.281
[8,    20] loss: 0.635
[8,    30] loss: 0.427
8
[9,    10] loss: 1.242
[9,    20] loss: 0.606
[9,    30] loss: 0.416
9
[10,    10] loss: 1.214
[10,    20] loss: 0.587
[10,    30] loss: 0.411
10
[11,    10] loss: 1.174
[11,    20] loss: 0.568
[11,    30] loss: 0.384
11
[12,    10] loss: 1.115
[12,    20] loss: 0.558
[12,    30] loss: 0.369
12
[13,    10] loss: 1.085
[13,    20] loss: 0.532
[13,    30] loss: 0.363
13
[14,    10] loss: 1.080
[14,    20] loss: 0.517
[14,    30] loss: 0.350
14
[15,    10] loss: 1.000
[15,    20] loss: 0.492
[15,    30] loss: 0.346
15
[16,    10] loss: 0.953
[16,    20] loss: 0.460
[16,    30] loss: 0.334
16
[17,    10] loss: 0.944
[17,    20] loss: 0.482
[17,    30] loss: 0.302
17
[18,    10] loss: 0.919
[18,    20] loss: 0.447
[18,    30] loss: 0.301
18
[19,    10] loss: 0.837
[19,    20] loss: 0.439
[19,    30] loss: 0.285
19
[20,    10] loss: 0.824
[20,    20] loss: 0.407
[20,    30] loss: 0.265
20
[21,    10] loss: 0.762
[21,    20] loss: 0.426
[21,    30] loss: 0.250
21
[22,    10] loss: 0.744
[22,    20] loss: 0.371
[22,    30] loss: 0.253
22
[23,    10] loss: 0.722
[23,    20] loss: 0.369
[23,    30] loss: 0.231
23
[24,    10] loss: 0.685
[24,    20] loss: 0.351
[24,    30] loss: 0.221
24
[25,    10] loss: 0.626
[25,    20] loss: 0.324
[25,    30] loss: 0.210
25
[26,    10] loss: 0.623
[26,    20] loss: 0.292
[26,    30] loss: 0.207
26
[27,    10] loss: 0.632
[27,    20] loss: 0.298
[27,    30] loss: 0.188
27
[28,    10] loss: 0.541
[28,    20] loss: 0.296
[28,    30] loss: 0.194
28
[29,    10] loss: 0.526
[29,    20] loss: 0.286
[29,    30] loss: 0.183
29
[30,    10] loss: 0.546
[30,    20] loss: 0.276
[30,    30] loss: 0.170
30
[31,    10] loss: 0.507
[31,    20] loss: 0.254
[31,    30] loss: 0.167
31
[32,    10] loss: 0.454
[32,    20] loss: 0.253
[32,    30] loss: 0.158
32
[33,    10] loss: 0.432
[33,    20] loss: 0.225
[33,    30] loss: 0.159
33
[34,    10] loss: 0.453
[34,    20] loss: 0.201
[34,    30] loss: 0.138
34
[35,    10] loss: 0.403
[35,    20] loss: 0.209
[35,    30] loss: 0.126
35
[36,    10] loss: 0.361
[36,    20] loss: 0.187
[36,    30] loss: 0.126
36
[37,    10] loss: 0.360
[37,    20] loss: 0.185
[37,    30] loss: 0.125
37
[38,    10] loss: 0.337
[38,    20] loss: 0.188
[38,    30] loss: 0.120
38
[39,    10] loss: 0.363
[39,    20] loss: 0.175
[39,    30] loss: 0.110
39
[40,    10] loss: 0.336
[40,    20] loss: 0.164
[40,    30] loss: 0.111
40
[41,    10] loss: 0.299
[41,    20] loss: 0.163
[41,    30] loss: 0.109
41
[42,    10] loss: 0.337
[42,    20] loss: 0.159
[42,    30] loss: 0.094
42
[43,    10] loss: 0.284
[43,    20] loss: 0.147
[43,    30] loss: 0.105
43
[44,    10] loss: 0.297
[44,    20] loss: 0.146
[44,    30] loss: 0.093
44
[45,    10] loss: 0.266
[45,    20] loss: 0.134
[45,    30] loss: 0.096
45
[46,    10] loss: 0.278
[46,    20] loss: 0.118
[46,    30] loss: 0.084
46
[47,    10] loss: 0.227
[47,    20] loss: 0.122
[47,    30] loss: 0.081
47
[48,    10] loss: 0.236
[48,    20] loss: 0.108
[48,    30] loss: 0.072
48
[49,    10] loss: 0.224
[49,    20] loss: 0.109
[49,    30] loss: 0.071
49
[50,    10] loss: 0.215
[50,    20] loss: 0.108
[50,    30] loss: 0.064
50
[51,    10] loss: 0.219
[51,    20] loss: 0.115
[51,    30] loss: 0.060
51
[52,    10] loss: 0.191
[52,    20] loss: 0.108
[52,    30] loss: 0.059
52
[53,    10] loss: 0.190
[53,    20] loss: 0.098
[53,    30] loss: 0.061
53
[54,    10] loss: 0.187
[54,    20] loss: 0.098
[54,    30] loss: 0.062
54
[55,    10] loss: 0.217
[55,    20] loss: 0.087
[55,    30] loss: 0.067
55
[56,    10] loss: 0.199
[56,    20] loss: 0.089
[56,    30] loss: 0.062
56
[57,    10] loss: 0.206
[57,    20] loss: 0.091
[57,    30] loss: 0.062
57
[58,    10] loss: 0.183
[58,    20] loss: 0.093
[58,    30] loss: 0.062
58
[59,    10] loss: 0.173
[59,    20] loss: 0.090
[59,    30] loss: 0.060
59
[60,    10] loss: 0.174
[60,    20] loss: 0.093
[60,    30] loss: 0.056
Loading training data
All_gesture
[0 0 0 ... 2 2 2]
Normalizing training data
All_gesture
[0 0 0 ... 3 3 3]
Getting loss weights
Training model
0
[1,    10] loss: 1.600
[1,    20] loss: 0.785
[1,    30] loss: 0.510
1
[2,    10] loss: 1.468
[2,    20] loss: 0.744
[2,    30] loss: 0.479
2
[3,    10] loss: 1.418
[3,    20] loss: 0.695
[3,    30] loss: 0.467
3
[4,    10] loss: 1.396
[4,    20] loss: 0.672
[4,    30] loss: 0.455
4
[5,    10] loss: 1.347
[5,    20] loss: 0.658
[5,    30] loss: 0.442
5
[6,    10] loss: 1.297
[6,    20] loss: 0.639
[6,    30] loss: 0.436
6
[7,    10] loss: 1.253
[7,    20] loss: 0.630
[7,    30] loss: 0.415
7
[8,    10] loss: 1.282
[8,    20] loss: 0.588
[8,    30] loss: 0.402
8
[9,    10] loss: 1.212
[9,    20] loss: 0.591
[9,    30] loss: 0.387
9
[10,    10] loss: 1.184
[10,    20] loss: 0.580
[10,    30] loss: 0.372
10
[11,    10] loss: 1.169
[11,    20] loss: 0.554
[11,    30] loss: 0.367
11
[12,    10] loss: 1.072
[12,    20] loss: 0.567
[12,    30] loss: 0.353
12
[13,    10] loss: 1.064
[13,    20] loss: 0.526
[13,    30] loss: 0.349
13
[14,    10] loss: 1.033
[14,    20] loss: 0.501
[14,    30] loss: 0.337
14
[15,    10] loss: 0.988
[15,    20] loss: 0.493
[15,    30] loss: 0.322
15
[16,    10] loss: 0.951
[16,    20] loss: 0.470
[16,    30] loss: 0.312
16
[17,    10] loss: 0.909
[17,    20] loss: 0.463
[17,    30] loss: 0.309
17
[18,    10] loss: 0.877
[18,    20] loss: 0.467
[18,    30] loss: 0.292
18
[19,    10] loss: 0.860
[19,    20] loss: 0.419
[19,    30] loss: 0.291
19
[20,    10] loss: 0.836
[20,    20] loss: 0.422
[20,    30] loss: 0.261
20
[21,    10] loss: 0.778
[21,    20] loss: 0.408
[21,    30] loss: 0.262
21
[22,    10] loss: 0.799
[22,    20] loss: 0.400
[22,    30] loss: 0.252
22
[23,    10] loss: 0.743
[23,    20] loss: 0.380
[23,    30] loss: 0.256
23
[24,    10] loss: 0.737
[24,    20] loss: 0.372
[24,    30] loss: 0.236
24
[25,    10] loss: 0.718
[25,    20] loss: 0.332
[25,    30] loss: 0.228
25
[26,    10] loss: 0.612
[26,    20] loss: 0.336
[26,    30] loss: 0.226
26
[27,    10] loss: 0.661
[27,    20] loss: 0.310
[27,    30] loss: 0.216
27
[28,    10] loss: 0.617
[28,    20] loss: 0.298
[28,    30] loss: 0.205
28
[29,    10] loss: 0.613
[29,    20] loss: 0.279
[29,    30] loss: 0.185
29
[30,    10] loss: 0.552
[30,    20] loss: 0.278
[30,    30] loss: 0.181
30
[31,    10] loss: 0.584
[31,    20] loss: 0.246
[31,    30] loss: 0.186
31
[32,    10] loss: 0.531
[32,    20] loss: 0.270
[32,    30] loss: 0.158
32
[33,    10] loss: 0.505
[33,    20] loss: 0.266
[33,    30] loss: 0.148
33
[34,    10] loss: 0.504
[34,    20] loss: 0.239
[34,    30] loss: 0.169
34
[35,    10] loss: 0.446
[35,    20] loss: 0.260
[35,    30] loss: 0.153
35
[36,    10] loss: 0.462
[36,    20] loss: 0.228
[36,    30] loss: 0.144
36
[37,    10] loss: 0.415
[37,    20] loss: 0.220
[37,    30] loss: 0.140
37
[38,    10] loss: 0.443
[38,    20] loss: 0.198
[38,    30] loss: 0.136
38
[39,    10] loss: 0.359
[39,    20] loss: 0.228
[39,    30] loss: 0.124
39
[40,    10] loss: 0.387
[40,    20] loss: 0.192
[40,    30] loss: 0.120
40
[41,    10] loss: 0.350
[41,    20] loss: 0.174
[41,    30] loss: 0.121
41
[42,    10] loss: 0.343
[42,    20] loss: 0.179
[42,    30] loss: 0.102
42
[43,    10] loss: 0.300
[43,    20] loss: 0.157
[43,    30] loss: 0.109
43
[44,    10] loss: 0.327
[44,    20] loss: 0.141
[44,    30] loss: 0.099
44
[45,    10] loss: 0.262
[45,    20] loss: 0.164
[45,    30] loss: 0.102
45
[46,    10] loss: 0.289
[46,    20] loss: 0.137
[46,    30] loss: 0.099
46
[47,    10] loss: 0.293
[47,    20] loss: 0.124
[47,    30] loss: 0.095
47
[48,    10] loss: 0.265
[48,    20] loss: 0.128
[48,    30] loss: 0.094
48
[49,    10] loss: 0.249
[49,    20] loss: 0.123
[49,    30] loss: 0.083
49
[50,    10] loss: 0.225
[50,    20] loss: 0.133
[50,    30] loss: 0.083
50
[51,    10] loss: 0.242
[51,    20] loss: 0.125
[51,    30] loss: 0.076
51
[52,    10] loss: 0.224
[52,    20] loss: 0.111
[52,    30] loss: 0.079
52
[53,    10] loss: 0.218
[53,    20] loss: 0.124
[53,    30] loss: 0.074
53
[54,    10] loss: 0.241
[54,    20] loss: 0.108
[54,    30] loss: 0.075
54
[55,    10] loss: 0.207
[55,    20] loss: 0.112
[55,    30] loss: 0.085
55
[56,    10] loss: 0.218
[56,    20] loss: 0.106
[56,    30] loss: 0.087
56
[57,    10] loss: 0.239
[57,    20] loss: 0.119
[57,    30] loss: 0.070
57
[58,    10] loss: 0.218
[58,    20] loss: 0.105
[58,    30] loss: 0.071
58
[59,    10] loss: 0.195
[59,    20] loss: 0.087
[59,    30] loss: 0.065
59
[60,    10] loss: 0.166
[60,    20] loss: 0.097
[60,    30] loss: 0.057
